0.360576	1
0.368256	1
0.369792	1
0.37235199999999996	1
0.3744	2
0.375168	1
0.37567999999999996	1
0.376448	2
0.37695999999999996	1
0.377728	1
0.37900799999999996	1
0.379264	1
0.379776	2
0.380544	1
0.381824	1
0.38208	1
0.382336	2
0.382592	1
0.383104	2
0.383872	1
0.38412799999999997	1
0.38464	2
0.38489599999999996	1
0.385408	2
0.385664	1
0.38592	3
0.386688	1
0.3872	2
0.387712	1
0.38848	2
0.38873599999999997	1
0.388992	2
0.389248	1
0.38976	2
0.390272	1
0.391296	1
0.391808	2
0.392576	1
0.39283199999999996	2
0.393088	2
0.39334399999999997	2
0.393856	2
0.39411199999999996	2
0.394368	3
0.395136	1
0.39539199999999997	4
0.395648	1
0.395904	3
0.39667199999999997	1
0.397184	1
0.39743999999999996	3
0.397696	1
0.397952	2
0.398208	1
0.398464	3
0.39871999999999996	1
0.398976	2
0.39948799999999995	2
0.399744	1
0.400256	1
0.40076799999999996	1
0.401024	2
0.40127999999999997	2
0.401536	2
0.401792	1
0.40204799999999996	1
0.402304	2
0.40256	2
0.402816	2
0.403072	4
0.40332799999999996	2
0.403584	2
0.40384	2
0.40409599999999996	2
0.404352	1
0.40460799999999997	3
0.404864	3
0.40512	1
0.40537599999999996	3
0.405632	5
0.40588799999999997	3
0.406144	2
0.4064	3
0.40665599999999996	4
0.406912	3
0.407168	2
0.407424	4
0.40768	1
0.40793599999999997	5
0.408192	5
0.408448	4
0.40870399999999996	1
0.40896	3
0.40921599999999997	5
0.409472	1
0.409728	2
0.40998399999999996	3
0.41024	1
0.41049599999999997	2
0.410752	4
0.411008	2
0.41126399999999996	6
0.41152	2
0.411776	3
0.41203199999999995	4
0.412288	1
0.41254399999999997	4
0.4128	3
0.413056	3
0.413568	5
0.41382399999999997	6
0.41408	4
0.414336	4
0.41459199999999996	2
0.414848	3
0.415104	4
0.41536	6
0.415616	3
0.41587199999999996	6
0.416128	6
0.416384	1
0.41663999999999995	4
0.416896	4
0.41715199999999997	2
0.417408	6
0.417664	2
0.41791999999999996	4
0.418176	5
0.41843199999999997	2
0.418688	5
0.418944	3
0.41919999999999996	4
0.419456	2
0.419712	5
0.419968	5
0.420224	5
0.42047999999999996	4
0.420736	4
0.420992	9
0.42124799999999996	8
0.421504	4
0.42175999999999997	7
0.422016	4
0.422272	4
0.42252799999999996	7
0.422784	4
0.42303999999999997	5
0.423296	2
0.423552	3
0.42380799999999996	3
0.424064	4
0.42432	5
0.42457599999999995	6
0.424832	4
0.42508799999999997	10
0.425344	3
0.4256	5
0.42585599999999996	3
0.426112	2
0.42636799999999997	3
0.426624	4
0.42688	5
0.42713599999999996	1
0.427392	6
0.427648	1
0.427904	6
0.42816	3
0.42841599999999996	5
0.428672	2
0.428928	3
0.42918399999999995	5
0.42944	6
0.430208	3
0.43046399999999996	6
0.43072	4
0.43097599999999997	3
0.431232	3
0.431488	7
0.43174399999999996	3
0.432	1
0.432256	1
0.432512	6
0.432768	2
0.43302399999999996	4
0.43328	3
0.433536	3
0.43379199999999996	3
0.434048	1
0.43430399999999997	2
0.43456	4
0.434816	5
0.43507199999999996	4
0.435328	3
0.43558399999999997	1
0.43584	7
0.436096	6
0.43635199999999996	3
0.436608	3
0.436864	3
0.43711999999999995	4
0.437376	4
0.43763199999999997	3
0.437888	2
0.438144	7
0.43839999999999996	7
0.438656	6
0.43891199999999997	3
0.439168	2
0.439424	7
0.43967999999999996	4
0.439936	4
0.44019199999999997	5
0.440448	2
0.440704	2
0.44095999999999996	2
0.441216	8
0.441472	5
0.44172799999999995	2
0.441984	2
0.44223999999999997	4
0.442496	7
0.442752	2
0.44300799999999996	2
0.443264	2
0.443776	4
0.444032	3
0.44428799999999996	3
0.444544	2
0.4448	11
0.445312	5
0.44556799999999996	5
0.445824	2
0.44608	3
0.44633599999999996	1
0.44684799999999997	4
0.447104	2
0.44736	4
0.44761599999999996	3
0.447872	2
0.44812799999999997	2
0.448384	1
0.44864	3
0.44889599999999996	8
0.449152	2
0.449408	3
0.44966399999999995	6
0.44992	2
0.45017599999999997	4
0.450432	6
0.450688	2
0.45094399999999996	6
0.45145599999999997	2
0.451712	4
0.451968	3
0.45222399999999996	3
0.45248	5
0.45273599999999997	3
0.452992	3
0.453248	4
0.45350399999999996	3
0.45376	2
0.454016	4
0.45427199999999995	6
0.454528	2
0.45478399999999997	3
0.45504	3
0.455296	3
0.45555199999999996	3
0.455808	3
0.45606399999999997	7
0.45632	5
0.456576	4
0.45683199999999996	2
0.457088	2
0.457344	5
0.457856	6
0.45811199999999996	10
0.458368	2
0.458624	2
0.45887999999999995	3
0.459136	2
0.45939199999999997	2
0.459648	3
0.459904	2
0.46015999999999996	6
0.460416	4
0.46067199999999997	4
0.460928	1
0.461184	4
0.46143999999999996	4
0.461696	7
0.461952	1
0.46220799999999995	5
0.462464	8
0.46271999999999996	6
0.462976	3
0.463232	5
0.46348799999999996	2
0.463744	2
0.46399999999999997	4
0.464256	6
0.464512	7
0.465024	2
0.46527999999999997	2
0.465536	3
0.465792	3
0.46604799999999996	1
0.466304	4
0.46656	4
0.46681599999999995	3
0.467072	4
0.46732799999999997	3
0.467584	6
0.46784	4
0.46809599999999996	6
0.468352	5
0.46860799999999997	7
0.468864	3
0.46912	2
0.46937599999999996	3
0.469632	4
0.469888	3
0.470144	4
0.4704	7
0.47065599999999996	5
0.470912	5
0.471168	4
0.47142399999999995	4
0.47168	4
0.47193599999999997	7
0.472192	9
0.472448	1
0.47270399999999996	10
0.47296	2
0.47321599999999997	4
0.473472	6
0.473728	3
0.47398399999999996	3
0.47424	2
0.474496	3
0.47475199999999995	1
0.475008	4
0.47526399999999996	2
0.47552	2
0.475776	4
0.47603199999999996	6
0.476288	5
0.47654399999999997	3
0.4768	5
0.477056	2
0.47731199999999996	3
0.477568	5
0.47782399999999997	2
0.47808	2
0.478336	5
0.47859199999999996	2
0.478848	1
0.479104	3
0.47935999999999995	2
0.479616	1
0.47987199999999997	7
0.480128	2
0.480384	5
0.48063999999999996	3
0.48115199999999997	1
0.481408	1
0.48191999999999996	3
0.482176	5
0.48243199999999997	2
0.48268799999999995	2
0.482944	3
0.48319999999999996	2
0.483456	3
0.483712	5
0.48396799999999995	3
0.484224	2
0.48447999999999997	5
0.484736	2
0.484992	3
0.48524799999999996	2
0.485504	2
0.48575999999999997	5
0.486016	8
0.486272	2
0.48652799999999996	3
0.486784	1
0.48704	1
0.48729599999999995	3
0.487552	3
0.48780799999999996	5
0.488064	2
0.48832	1
0.48857599999999995	4
0.488832	7
0.48908799999999997	2
0.489344	3
0.4896	3
0.48985599999999996	3
0.490112	3
0.49036799999999997	6
0.49088	5
0.49113599999999996	7
0.491392	3
0.491648	4
0.49190399999999995	4
0.49216	1
0.492672	3
0.492928	4
0.49318399999999996	1
0.49344	4
0.49369599999999997	5
0.493952	7
0.494208	4
0.49446399999999996	2
0.49472	2
0.49497599999999997	4
0.49523199999999995	7
0.495488	3
0.49574399999999996	6
0.496	3
0.496256	4
0.49651199999999995	6
0.496768	5
0.49702399999999997	3
0.49728	5
0.497536	6
0.49779199999999996	3
0.498048	2
0.49856	3
0.498816	1
0.49907199999999996	4
0.499328	2
0.499584	3
0.49983999999999995	2
0.500096	3
0.500352	2
0.5006079999999999	3
0.500864	3
0.50112	1
0.5013759999999999	2
0.501632	7
0.501888	3
0.5021439999999999	2
0.5024	6
0.502656	6
0.502912	3
0.503168	5
0.503424	1
0.50368	2
0.5039359999999999	1
0.504192	2
0.504448	5
0.5047039999999999	3
0.50496	3
0.505216	3
0.505472	2
0.505984	3
0.50624	2
0.506496	6
0.506752	7
0.507008	5
0.5072639999999999	1
0.50752	3
0.507776	7
0.5080319999999999	2
0.508288	4
0.508544	3
0.509056	3
0.509312	4
0.509568	2
0.5098239999999999	3
0.51008	2
0.510336	2
0.5105919999999999	2
0.510848	2
0.511104	3
0.511616	1
0.511872	2
0.512128	2
0.512384	5
0.51264	3
0.512896	5
0.5131519999999999	5
0.513408	5
0.513664	3
0.5139199999999999	2
0.514176	2
0.514432	8
0.5146879999999999	1
0.5152	7
0.515456	2
0.515712	3
0.515968	3
0.5164799999999999	4
0.516736	5
0.516992	5
0.5172479999999999	5
0.517504	3
0.51776	3
0.518016	2
0.518272	6
0.518784	2
0.51904	4
0.519296	2
0.519552	3
0.5198079999999999	1
0.520064	3
0.5205759999999999	3
0.520832	3
0.521088	3
0.521344	4
0.5216	5
0.521856	5
0.522112	4
0.5223679999999999	4
0.522624	2
0.52288	4
0.5231359999999999	4
0.523392	3
0.523648	3
0.52416	4
0.524544	2
0.525056	13
0.5255679999999999	6
0.52608	13
0.526592	11
0.527104	11
0.527616	7
0.5281279999999999	7
0.52864	4
0.529152	4
0.529664	3
0.530176	5
0.5306879999999999	6
0.5312	5
0.531712	6
0.532224	6
0.532736	5
0.5332479999999999	6
0.53376	7
0.534272	7
0.5347839999999999	8
0.535296	6
0.535808	5
0.53632	11
0.536832	6
0.5373439999999999	4
0.537856	5
0.538368	2
0.53888	9
0.539392	3
0.5399039999999999	9
0.540416	5
0.540928	5
0.5414399999999999	3
0.541952	7
0.542464	9
0.542976	6
0.543488	5
0.5439999999999999	9
0.544512	4
0.545024	6
0.545536	9
0.546048	6
0.5465599999999999	2
0.547072	7
0.547584	5
0.548096	5
0.548608	7
0.5491199999999999	8
0.549632	7
0.550144	7
0.5506559999999999	6
0.551168	6
0.55168	10
0.552192	9
0.552704	3
0.5532159999999999	6
0.553728	4
0.55424	9
0.554752	4
0.555264	5
0.5557759999999999	6
0.556288	7
0.5568	5
0.557312	3
0.557824	4
0.5583359999999999	8
0.558848	10
0.55936	3
0.5598719999999999	8
0.560384	4
0.560896	5
0.561408	5
0.56192	6
0.5624319999999999	4
0.562944	3
0.563456	8
0.563968	7
0.56448	9
0.5649919999999999	3
0.565504	7
0.566016	4
0.5665279999999999	3
0.56704	4
0.567552	7
0.568064	5
0.568576	4
0.5690879999999999	5
0.5696	3
0.570112	4
0.570624	7
0.571136	5
0.5716479999999999	3
0.57216	1
0.572672	1
0.573184	3
0.5742079999999999	3
0.57472	5
0.575232	2
0.5757439999999999	3
0.576256	5
0.576768	3
0.57728	1
0.577792	8
0.5783039999999999	3
0.578816	5
0.579328	2
0.57984	1
0.580352	3
0.5808639999999999	3
0.581376	3
0.581888	6
0.5824	3
0.582912	6
0.5834239999999999	4
0.583936	2
0.584448	5
0.5849599999999999	5
0.585472	2
0.585984	4
0.586496	1
0.587008	5
0.5875199999999999	4
0.588032	3
0.588544	3
0.589568	5
0.5900799999999999	1
0.590592	1
0.591104	2
0.592128	3
0.59264	2
0.593152	5
0.593664	2
0.5941759999999999	4
0.594688	6
0.5952	2
0.595712	2
0.596224	3
0.5967359999999999	3
0.597248	4
0.59776	4
0.598272	4
0.598784	3
0.5992959999999999	3
0.599808	3
0.60032	2
0.6008319999999999	4
0.601856	4
0.602368	4
0.60288	4
0.6033919999999999	3
0.603904	1
0.604416	1
0.604928	1
0.6059519999999999	4
0.606464	1
0.606976	1
0.607488	3
0.608	1
0.6085119999999999	3
0.609024	1
0.6100479999999999	5
0.61056	1
0.611072	2
0.611584	3
0.6126079999999999	2
0.61312	2
0.613632	1
0.614656	3
0.6151679999999999	4
0.61568	3
0.616192	2
0.6167039999999999	1
0.617216	1
0.6192639999999999	5
0.619776	3
0.620288	3
0.6208	4
0.621312	1
0.6218239999999999	2
0.622336	1
0.622848	1
0.62336	1
0.623872	3
0.624896	3
0.625408	2
0.6259199999999999	2
0.626432	1
0.626944	4
0.627456	2
0.627968	1
0.628992	1
0.629504	2
0.630528	3
0.6310399999999999	2
0.631552	1
0.632064	5
0.6325759999999999	3
0.633088	3
0.6335999999999999	1
0.634112	3
0.634624	2
0.6351359999999999	1
0.635648	4
0.63616	1
0.636672	2
0.6376959999999999	3
0.638208	5
0.639232	4
0.639744	1
0.6402559999999999	1
0.640768	5
0.64128	2
0.6417919999999999	3
0.642304	1
0.6428159999999999	2
0.643328	3
0.64384	6
0.644864	2
0.645376	1
0.645888	1
0.6464	5
0.6469119999999999	3
0.647424	1
0.647936	1
0.648448	2
0.6494719999999999	1
0.649984	1
0.650496	1
0.6510079999999999	3
0.65152	1
0.652032	2
0.652544	2
0.653056	2
0.6535679999999999	2
0.65408	2
0.654592	1
0.655104	3
0.655616	6
0.6561279999999999	4
0.657152	2
0.6576639999999999	2
0.658176	3
0.6586879999999999	2
0.6592	1
0.659712	5
0.6602239999999999	3
0.660736	2
0.661248	2
0.66176	2
0.662272	5
0.6627839999999999	1
0.663296	3
0.663808	5
0.66432	5
0.664832	1
0.6653439999999999	1
0.665856	7
0.666368	3
0.6668799999999999	2
0.667392	1
0.6679039999999999	4
0.668416	3
0.668928	5
0.6694399999999999	3
0.669952	1
0.670464	3
0.670976	2
0.671488	2
0.6719999999999999	1
0.672512	2
0.673024	2
0.673536	1
0.674048	3
0.6745599999999999	6
0.675072	3
0.675584	2
0.6760959999999999	4
0.676608	2
0.6771199999999999	2
0.677632	2
0.678144	5
0.6786559999999999	1
0.679168	2
0.67968	3
0.680192	4
0.680704	2
0.6812159999999999	3
0.681728	3
0.68224	4
0.6827519999999999	1
0.683264	4
0.6837759999999999	2
0.684288	3
0.6853119999999999	2
0.685824	2
0.686336	1
0.686848	6
0.6878719999999999	3
0.688384	3
0.688896	6
0.689408	4
0.68992	4
0.6904319999999999	6
0.690944	1
0.691456	12
0.69248	5
0.693504	6
0.694016	1
0.6945279999999999	4
0.69504	2
0.695552	2
0.696064	4
0.696576	3
0.6970879999999999	7
0.6976	5
0.698112	5
0.698624	3
0.699136	4
0.6996479999999999	3
0.700672	4
0.7011839999999999	3
0.701696	3
0.7022079999999999	3
0.70272	1
0.703232	5
0.7037439999999999	4
0.704256	4
0.704768	2
0.70528	4
0.705792	3
0.7063039999999999	3
0.706816	4
0.707328	2
0.7078399999999999	4
0.708352	7
0.7088639999999999	1
0.709376	8
0.709888	5
0.7103999999999999	2
0.710912	1
0.711424	2
0.711936	3
0.712448	3
0.7129599999999999	3
0.713472	2
0.713984	5
0.714496	6
0.715008	3
0.7155199999999999	4
0.716032	4
0.716544	2
0.7170559999999999	3
0.717568	4
0.7180799999999999	1
0.718592	1
0.719104	4
0.7196159999999999	4
0.720128	6
0.72064	4
0.721152	6
0.721664	3
0.7221759999999999	2
0.722688	4
0.7232	5
0.723712	3
0.724224	4
0.7247359999999999	6
0.725248	2
0.72576	6
0.7262719999999999	4
0.726784	3
0.7272959999999999	4
0.727808	7
0.72832	2
0.7288319999999999	8
0.729344	2
0.729856	5
0.730368	6
0.73088	4
0.7313919999999999	5
0.731904	4
0.732416	4
0.7329279999999999	6
0.73344	6
0.7339519999999999	2
0.734464	3
0.734976	5
0.7354879999999999	3
0.736	5
0.736512	6
0.737024	5
0.737536	6
0.7380479999999999	6
0.73856	9
0.739072	3
0.739584	5
0.740096	5
0.7406079999999999	7
0.74112	7
0.741632	2
0.7421439999999999	7
0.742656	4
0.7431679999999999	6
0.74368	7
0.744192	5
0.7447039999999999	1
0.745216	4
0.745728	6
0.74624	5
0.746752	7
0.7472639999999999	6
0.747776	12
0.748288	8
0.7488	4
0.749312	3
0.7498239999999999	7
0.750336	4
0.750848	6
0.7513599999999999	5
0.751872	7
0.7523839999999999	6
0.752896	1
0.753408	7
0.7539199999999999	1
0.754432	10
0.754944	2
0.755456	7
0.755968	1
0.7564799999999999	9
0.756992	3
0.757504	4
0.7580159999999999	4
0.758528	2
0.7590399999999999	7
0.759552	5
0.760064	7
0.7605759999999999	5
0.761088	4
0.7615999999999999	3
0.762112	5
0.762624	6
0.7631359999999999	9
0.763648	7
0.76416	7
0.764672	4
0.765184	3
0.7656959999999999	5
0.766208	5
0.76672	10
0.7672319999999999	7
0.767744	6
0.7682559999999999	5
0.768768	5
0.76928	6
0.7697919999999999	4
0.770304	8
0.770816	6
0.771328	5
0.77184	4
0.7723519999999999	5
0.772864	7
0.773376	6
0.773888	5
0.7744	6
0.7749119999999999	5
0.775424	8
0.775936	7
0.7764479999999999	6
0.77696	2
0.7774719999999999	1
0.777984	6
0.778496	3
0.7790079999999999	6
0.77952	8
0.780032	6
0.780544	7
0.781056	6
0.7815679999999999	4
0.78208	6
0.782592	6
0.7831039999999999	7
0.783616	6
0.7841279999999999	5
0.78464	3
0.785152	4
0.7856639999999999	2
0.786176	2
0.7866879999999999	6
0.7872	1
0.787712	4
0.7882239999999999	6
0.788736	6
0.789248	3
0.78976	10
0.790272	8
0.7907839999999999	4
0.791296	4
0.791808	7
0.7923199999999999	2
0.792832	6
0.7933439999999999	3
0.793856	9
0.794368	4
0.7948799999999999	7
0.795392	7
0.795904	6
0.796416	5
0.796928	4
0.7974399999999999	9
0.797952	4
0.798464	6
0.7989759999999999	2
0.799488	4
0.7999999999999999	5
0.800512	4
0.801024	4
0.8015359999999999	5
0.802048	8
0.8025599999999999	8
0.803072	7
0.803584	6
0.8040959999999999	4
0.804608	4
0.80512	2
0.805632	4
0.806144	4
0.8066559999999999	5
0.807168	4
0.80768	4
0.8081919999999999	3
0.808704	3
0.8092159999999999	7
0.809728	3
0.81024	1
0.8107519999999999	4
0.811264	8
0.8117759999999999	7
0.812288	4
0.8128	4
0.8133119999999999	5
0.813824	5
0.814336	6
0.814848	3
0.81536	7
0.8158719999999999	8
0.816384	8
0.816896	3
0.8174079999999999	1
0.81792	6
0.8184319999999999	9
0.818944	5
0.819456	4
0.8199679999999999	10
0.82048	4
0.8209919999999999	7
0.821504	6
0.822016	6
0.8225279999999999	5
0.82304	5
0.823552	4
0.8240639999999999	1
0.824576	5
0.8250879999999999	4
0.8256	4
0.826112	9
0.8266239999999999	9
0.827136	5
0.8276479999999999	7
0.82816	5
0.828672	2
0.8291839999999999	6
0.829696	1
0.830208	4
0.83072	3
0.831232	4
0.8317439999999999	6
0.832256	5
0.832768	5
0.8332799999999999	7
0.833792	2
0.8343039999999999	3
0.834816	6
0.835328	2
0.8358399999999999	4
0.836352	6
0.8368639999999999	3
0.837376	10
0.837888	2
0.8383999999999999	1
0.838912	8
0.839424	3
0.839936	6
0.840448	2
0.8409599999999999	2
0.841472	7
0.841984	6
0.8424959999999999	2
0.843008	2
0.8435199999999999	5
0.844032	2
0.844544	7
0.8450559999999999	4
0.845568	7
0.8460799999999999	3
0.846592	4
0.847104	8
0.8476159999999999	3
0.848128	3
0.84864	5
0.8491519999999999	6
0.849664	5
0.8501759999999999	5
0.850688	3
0.8512	4
0.8517119999999999	3
0.852224	5
0.8527359999999999	2
0.853248	5
0.85376	1
0.8542719999999999	5
0.854784	3
0.855296	2
0.855808	2
0.85632	6
0.8568319999999999	3
0.857344	3
0.857856	2
0.8583679999999999	4
0.85888	3
0.8593919999999999	3
0.859904	3
0.860416	5
0.8609279999999999	7
0.86144	3
0.8619519999999999	3
0.862464	3
0.862976	4
0.8634879999999999	4
0.864	4
0.864512	7
0.865024	4
0.865536	6
0.8660479999999999	4
0.86656	3
0.867072	3
0.8675839999999999	3
0.868096	5
0.8686079999999999	7
0.86912	7
0.869632	1
0.8701439999999999	3
0.870656	5
0.8711679999999999	3
0.87168	2
0.8727039999999999	6
0.873216	2
0.873728	6
0.8742399999999999	3
0.874752	1
0.875776	2
0.876288	4
0.8767999999999999	3
0.8778239999999999	3
0.878336	4
0.878848	2
0.8793599999999999	2
0.879872	2
0.8803839999999999	3
0.880896	1
0.881408	2
0.8819199999999999	2
0.882432	1
0.882944	6
0.8834559999999999	3
0.883968	1
0.8844799999999999	2
0.884992	2
0.885504	1
0.8860159999999999	2
0.886528	6
0.887552	1
0.888064	2
0.8885759999999999	2
0.889088	2
0.8896	3
0.890112	4
0.8911359999999999	4
0.891648	2
0.89216	1
0.8926719999999999	4
0.893184	1
0.8936959999999999	3
0.894208	1
0.8952319999999999	2
0.895744	2
0.8962559999999999	3
0.896768	3
0.89728	1
0.8977919999999999	2
0.898304	2
0.898816	1
0.8993279999999999	1
0.89984	3
0.9003519999999999	2
0.900864	1
0.901376	4
0.9018879999999999	2
0.9024	1
0.9029119999999999	1
0.903936	1
0.9044479999999999	1
0.90496	1
0.9054719999999999	2
0.905984	2
0.90752	2
0.908032	4
0.9085439999999999	2
0.909056	1
0.9095679999999999	2
0.910592	5
0.9111039999999999	1
0.911616	3
0.9121279999999999	1
0.91264	3
0.9136639999999999	2
0.914176	1
0.9152	1
0.915712	4
0.9162239999999999	1
0.9177599999999999	4
0.9187839999999999	1
0.919296	6
0.919808	2
0.9203199999999999	1
0.920832	1
0.9213439999999999	1
0.923904	1
0.9244159999999999	1
0.924928	2
0.9254399999999999	1
0.925952	1
0.9269759999999999	1
0.927488	1
0.928512	2
0.930048	1
0.9305599999999999	1
0.931072	1
0.931584	1
0.9320959999999999	1
0.932608	1
0.93312	1
0.9336319999999999	4
0.934144	1
0.935168	1
0.93568	1
0.9372159999999999	1
0.937728	1
0.9387519999999999	1
0.939776	1
0.9408	1
0.9413119999999999	1
0.942336	1
0.9438719999999999	1
0.944384	1
0.944896	2
0.94592	1
0.9464319999999999	2
0.9479679999999999	1
0.94848	1
0.948992	1
0.9495039999999999	1
0.950016	1
0.9505279999999999	1
0.951552	1
0.952576	2
0.9536	1
0.95616	1
0.9571839999999999	2
0.958208	2
0.9587199999999999	1
0.960256	1
0.960768	2
0.9623039999999999	1
0.965888	1
0.9663999999999999	1
0.966912	1
0.9679359999999999	1
0.968448	1
0.969472	3
0.969984	1
0.9704959999999999	2
0.9715199999999999	1
0.972032	1
0.972544	2
0.9730559999999999	1
0.973568	1
0.975104	1
0.9756159999999999	1
0.976128	1
0.977664	3
0.9781759999999999	1
0.9792	1
0.9797119999999999	1
0.980224	1
0.983296	1
0.98432	1
0.985344	2
0.98688	2
0.9873919999999999	2
0.987904	1
0.988416	2
0.9889279999999999	2
0.9904639999999999	1
0.990976	1
0.992512	1
0.99456	1
0.9955839999999999	1
0.998656	1
0.999168	1
1.000192	1
1.003264	1
1.006336	1
1.00736	1
1.0078719999999999	1
1.0094079999999999	1
1.010432	1
1.012992	1
1.014016	1
1.017088	1
1.020672	1
1.0211839999999999	1
1.021696	1
1.023744	1
1.026816	1
1.0278399999999999	1
1.0293759999999998	1
1.029888	1
1.0304	1
1.031424	1
1.032448	1
1.0329599999999999	1
1.035008	1
1.037056	1
1.039104	2
1.04064	1
1.0411519999999999	1
1.046784	2
1.0478079999999999	1
1.049088	1
1.0562559999999999	1
1.058304	1
1.0613759999999999	1
1.065472	1
1.071616	1
1.07264	1
1.075712	2
1.078784	1
1.0798079999999999	1
1.080832	1
1.083904	1
1.0879999999999999	1
1.089024	2
1.10848	1
1.110528	1
1.1136	1
1.121792	1
1.140224	1
1.15968	1
1.1648	1
1.177088	1
1.2119039999999999	1
1.2487679999999999	1
1.260032	1
1.263104	2
1.268224	1
1.273344	1
1.296896	1
1.2989439999999999	1
1.3071359999999999	1
1.3184	2
1.319424	1
1.3204479999999998	1
1.347072	1
1.3521919999999998	1
1.3542399999999999	1
1.360384	1
1.366528	1
1.373696	1
1.377792	1
1.378816	1
1.3808639999999999	1
1.387008	1
1.414656	1
1.4310399999999999	1
1.440256	1
1.4545919999999999	1
1.4627839999999999	1
1.4996479999999999	1
1.54368	1
1.572352	1
1.643008	1
1.741312	1
1.89184	1
2.210816	1
2.55488	1
3.1692799999999997	1
3.857408	1
6.17472	1
18.817024	1
24.551423999999997	1
26.075136	1
27.205631999999998	1
28.4672	1
28.991488	1
29.794304	1
30.121983999999998	1
30.367744	1
30.498815999999998	1
30.564352	1
35.995647999999996	1
56.9344	1
58.441728	1
60.37504	1
60.53888	1
60.86656	1
67.796992	1
