0.315264	1
0.335744	1
0.336256	1
0.336512	1
0.344192	1
0.34598399999999996	1
0.347008	1
0.34726399999999996	1
0.348032	1
0.3488	1
0.349568	1
0.35008	1
0.350336	1
0.353664	1
0.354688	1
0.35519999999999996	1
0.357504	1
0.358016	1
0.358272	1
0.360832	1
0.361344	1
0.3616	1
0.36313599999999996	1
0.36364799999999997	1
0.364672	1
0.364928	2
0.36544	1
0.36569599999999997	2
0.365952	1
0.36697599999999997	1
0.367488	1
0.368	3
0.368256	1
0.368512	1
0.368768	2
0.36928	1
0.369536	2
0.370048	2
0.37030399999999997	6
0.37056	1
0.370816	5
0.371328	1
0.37184	1
0.372096	3
0.37235199999999996	1
0.372608	2
0.372864	2
0.37312	2
0.373376	2
0.37363199999999996	4
0.37491199999999997	3
0.375168	4
0.375424	1
0.37567999999999996	3
0.375936	4
0.376448	1
0.376704	3
0.377216	2
0.377472	2
0.377728	3
0.37823999999999997	2
0.378496	3
0.378752	3
0.37951999999999997	3
0.379776	3
0.380032	3
0.38028799999999996	1
0.380544	5
0.38079999999999997	2
0.381056	4
0.381312	3
0.38156799999999996	2
0.381824	1
0.38208	3
0.382336	3
0.382592	2
0.38284799999999997	2
0.383104	3
0.38336	2
0.383872	1
0.38412799999999997	5
0.384384	3
0.38464	1
0.38489599999999996	2
0.385152	4
0.385408	6
0.385664	4
0.38592	4
0.38617599999999996	4
0.386432	3
0.386688	2
0.386944	1
0.3872	1
0.38745599999999997	3
0.387712	2
0.387968	1
0.38822399999999996	3
0.38848	2
0.389248	3
0.38950399999999996	2
0.38976	5
0.390016	3
0.390272	6
0.390528	3
0.39078399999999996	3
0.39104	4
0.391296	1
0.39155199999999996	2
0.391808	1
0.39206399999999997	2
0.39232	4
0.39283199999999996	2
0.393088	1
0.39334399999999997	4
0.3936	3
0.393856	1
0.39411199999999996	2
0.394368	8
0.394624	2
0.39488	2
0.395136	2
0.39539199999999997	5
0.395648	4
0.395904	5
0.39615999999999996	1
0.396416	2
0.39667199999999997	4
0.396928	3
0.397184	4
0.39743999999999996	6
0.397696	3
0.397952	5
0.398208	4
0.398464	1
0.39871999999999996	2
0.398976	4
0.399232	1
0.39948799999999995	4
0.399744	4
0.39999999999999997	4
0.400256	4
0.400512	5
0.40076799999999996	5
0.401024	1
0.40127999999999997	1
0.401536	1
0.401792	1
0.40204799999999996	3
0.402304	9
0.40256	4
0.402816	4
0.403072	2
0.40332799999999996	4
0.403584	5
0.40384	4
0.40409599999999996	1
0.404352	2
0.40460799999999997	4
0.404864	4
0.40512	3
0.40537599999999996	3
0.405632	4
0.40588799999999997	4
0.406144	5
0.4064	6
0.40665599999999996	5
0.406912	4
0.407168	6
0.407424	4
0.40768	5
0.40793599999999997	1
0.408192	3
0.408448	2
0.40870399999999996	6
0.40896	3
0.40921599999999997	3
0.409472	4
0.409728	1
0.40998399999999996	1
0.41024	8
0.41049599999999997	6
0.410752	3
0.411008	7
0.41126399999999996	5
0.41152	2
0.411776	4
0.41203199999999995	5
0.412288	2
0.41254399999999997	7
0.4128	5
0.413056	3
0.41331199999999996	8
0.413568	3
0.41382399999999997	6
0.41408	1
0.414336	1
0.41459199999999996	9
0.414848	4
0.415104	7
0.41536	2
0.415616	7
0.41587199999999996	4
0.416128	3
0.416384	6
0.41663999999999995	4
0.416896	7
0.41715199999999997	6
0.417408	5
0.417664	5
0.41791999999999996	4
0.418176	4
0.41843199999999997	5
0.418688	3
0.418944	4
0.41919999999999996	8
0.419456	5
0.419712	3
0.419968	1
0.420224	4
0.42047999999999996	9
0.420736	7
0.420992	3
0.42124799999999996	8
0.421504	8
0.42175999999999997	6
0.422016	7
0.422272	3
0.42252799999999996	1
0.422784	7
0.42303999999999997	4
0.423296	7
0.423552	8
0.42380799999999996	6
0.424064	11
0.42432	4
0.42457599999999995	1
0.424832	4
0.42508799999999997	8
0.425344	5
0.4256	5
0.42585599999999996	7
0.426112	5
0.42636799999999997	8
0.426624	5
0.42688	5
0.42713599999999996	9
0.427392	7
0.427648	8
0.427904	8
0.42816	5
0.42841599999999996	8
0.428672	3
0.428928	6
0.42918399999999995	4
0.42944	6
0.42969599999999997	8
0.429952	7
0.430208	6
0.43046399999999996	8
0.43072	3
0.43097599999999997	9
0.431232	5
0.431488	4
0.43174399999999996	9
0.432	9
0.432256	3
0.432512	5
0.432768	10
0.43302399999999996	5
0.43328	6
0.433536	8
0.43379199999999996	5
0.434048	6
0.43430399999999997	4
0.43456	7
0.434816	2
0.43507199999999996	2
0.435328	6
0.43558399999999997	6
0.43584	4
0.436096	4
0.43635199999999996	6
0.436608	10
0.436864	4
0.43711999999999995	8
0.437376	6
0.43763199999999997	9
0.437888	11
0.438144	4
0.43839999999999996	9
0.438656	7
0.43891199999999997	9
0.439168	7
0.439424	8
0.43967999999999996	4
0.439936	2
0.44019199999999997	5
0.440448	5
0.440704	4
0.44095999999999996	5
0.441216	6
0.441472	7
0.44172799999999995	3
0.441984	6
0.44223999999999997	5
0.442496	10
0.442752	8
0.44300799999999996	6
0.443264	1
0.44351999999999997	6
0.443776	5
0.444032	2
0.44428799999999996	6
0.444544	8
0.4448	7
0.445056	7
0.445312	8
0.44556799999999996	6
0.445824	4
0.44608	4
0.44633599999999996	4
0.446592	8
0.44684799999999997	3
0.447104	9
0.44736	9
0.44761599999999996	4
0.447872	4
0.44812799999999997	7
0.448384	4
0.44864	4
0.44889599999999996	6
0.449152	7
0.449408	8
0.44966399999999995	3
0.44992	2
0.45017599999999997	6
0.450432	6
0.450688	5
0.45094399999999996	3
0.4512	11
0.45145599999999997	8
0.451712	10
0.451968	6
0.45222399999999996	7
0.45248	5
0.45273599999999997	5
0.452992	7
0.453248	6
0.45350399999999996	15
0.45376	7
0.454016	3
0.45427199999999995	1
0.454528	6
0.45478399999999997	7
0.45504	8
0.455296	7
0.45555199999999996	11
0.455808	10
0.45606399999999997	4
0.45632	5
0.456576	4
0.45683199999999996	11
0.457088	4
0.457344	7
0.4576	9
0.457856	6
0.45811199999999996	6
0.458368	3
0.458624	6
0.45887999999999995	10
0.459136	8
0.45939199999999997	7
0.459648	7
0.459904	7
0.46015999999999996	6
0.460416	8
0.46067199999999997	9
0.460928	3
0.461184	9
0.46143999999999996	6
0.461696	3
0.461952	8
0.46220799999999995	11
0.462464	4
0.46271999999999996	7
0.462976	5
0.463232	6
0.46348799999999996	5
0.463744	5
0.46399999999999997	8
0.464256	4
0.464512	7
0.46476799999999996	10
0.465024	4
0.46527999999999997	7
0.465536	8
0.465792	6
0.46604799999999996	5
0.466304	10
0.46656	12
0.46681599999999995	7
0.467072	5
0.46732799999999997	17
0.467584	4
0.46784	3
0.46809599999999996	8
0.468352	6
0.46860799999999997	6
0.468864	6
0.46912	8
0.46937599999999996	4
0.469632	7
0.469888	5
0.470144	4
0.4704	5
0.47065599999999996	9
0.470912	12
0.471168	9
0.47142399999999995	4
0.47168	3
0.47193599999999997	5
0.472192	6
0.472448	7
0.47270399999999996	5
0.47296	11
0.47321599999999997	10
0.473472	5
0.473728	8
0.47398399999999996	6
0.47424	8
0.474496	7
0.47475199999999995	4
0.475008	8
0.47526399999999996	7
0.47552	7
0.475776	5
0.47603199999999996	7
0.476288	3
0.47654399999999997	4
0.4768	9
0.477056	10
0.47731199999999996	8
0.477568	7
0.47782399999999997	10
0.47808	7
0.478336	6
0.47859199999999996	7
0.478848	8
0.479104	8
0.47935999999999995	5
0.479616	3
0.47987199999999997	11
0.480128	8
0.480384	10
0.48063999999999996	6
0.480896	8
0.48115199999999997	5
0.481408	4
0.481664	5
0.48191999999999996	8
0.482176	9
0.48243199999999997	10
0.48268799999999995	3
0.482944	7
0.48319999999999996	11
0.483456	6
0.483712	8
0.48396799999999995	3
0.484224	9
0.48447999999999997	7
0.484736	5
0.484992	11
0.48524799999999996	9
0.485504	10
0.48575999999999997	10
0.486016	4
0.486272	4
0.48652799999999996	6
0.486784	4
0.48704	7
0.48729599999999995	5
0.487552	5
0.48780799999999996	3
0.488064	8
0.48832	9
0.48857599999999995	8
0.488832	5
0.48908799999999997	12
0.489344	6
0.4896	10
0.48985599999999996	14
0.490112	9
0.49036799999999997	7
0.490624	6
0.49088	5
0.49113599999999996	9
0.491392	9
0.491648	8
0.49190399999999995	6
0.49216	9
0.49241599999999996	7
0.492672	9
0.492928	5
0.49318399999999996	7
0.49344	9
0.49369599999999997	7
0.493952	7
0.494208	7
0.49446399999999996	7
0.49472	8
0.49497599999999997	9
0.49523199999999995	9
0.495488	9
0.49574399999999996	4
0.496	6
0.496256	12
0.49651199999999995	6
0.496768	5
0.49702399999999997	5
0.49728	7
0.497536	7
0.49779199999999996	13
0.498048	4
0.49830399999999997	12
0.49856	5
0.498816	7
0.49907199999999996	9
0.499328	11
0.499584	6
0.49983999999999995	10
0.500096	7
0.500352	8
0.5006079999999999	10
0.500864	8
0.50112	5
0.5013759999999999	3
0.501632	7
0.501888	5
0.5021439999999999	8
0.5024	4
0.502656	4
0.502912	6
0.503168	6
0.503424	6
0.50368	3
0.5039359999999999	7
0.504192	5
0.504448	5
0.5047039999999999	11
0.50496	7
0.505216	4
0.505472	7
0.505728	8
0.505984	9
0.50624	7
0.506496	9
0.506752	1
0.507008	7
0.5072639999999999	4
0.50752	6
0.507776	8
0.5080319999999999	5
0.508288	1
0.508544	5
0.5088	10
0.509056	8
0.509312	10
0.509568	10
0.5098239999999999	11
0.51008	8
0.510336	6
0.5105919999999999	8
0.510848	9
0.511104	7
0.5113599999999999	2
0.511616	7
0.511872	7
0.512128	7
0.512384	6
0.51264	5
0.512896	5
0.5131519999999999	4
0.513408	4
0.513664	9
0.5139199999999999	5
0.514176	7
0.514432	4
0.5146879999999999	5
0.514944	9
0.5152	8
0.515456	6
0.515712	6
0.515968	11
0.516224	6
0.5164799999999999	6
0.516736	10
0.516992	5
0.5172479999999999	8
0.517504	7
0.51776	3
0.518016	8
0.518272	4
0.518528	10
0.518784	8
0.51904	5
0.519296	5
0.519552	4
0.5198079999999999	6
0.520064	4
0.52032	7
0.5205759999999999	7
0.520832	4
0.521088	2
0.521344	12
0.5216	4
0.521856	5
0.522112	11
0.5223679999999999	6
0.522624	6
0.52288	4
0.5231359999999999	3
0.523392	10
0.523648	12
0.5239039999999999	5
0.52416	3
0.524544	15
0.525056	11
0.5255679999999999	12
0.52608	19
0.526592	8
0.527104	9
0.527616	11
0.5281279999999999	7
0.52864	11
0.529152	10
0.529664	10
0.530176	17
0.5306879999999999	18
0.5312	14
0.531712	13
0.532224	11
0.532736	13
0.5332479999999999	11
0.53376	17
0.534272	11
0.5347839999999999	12
0.535296	10
0.535808	10
0.53632	11
0.536832	11
0.5373439999999999	14
0.537856	15
0.538368	7
0.53888	15
0.539392	16
0.5399039999999999	19
0.540416	12
0.540928	16
0.5414399999999999	9
0.541952	14
0.542464	9
0.542976	9
0.543488	5
0.5439999999999999	10
0.544512	11
0.545024	10
0.545536	14
0.546048	9
0.5465599999999999	15
0.547072	12
0.547584	5
0.548096	16
0.548608	10
0.5491199999999999	13
0.549632	18
0.550144	5
0.5506559999999999	12
0.551168	9
0.55168	9
0.552192	12
0.552704	9
0.5532159999999999	8
0.553728	11
0.55424	13
0.554752	7
0.555264	9
0.5557759999999999	10
0.556288	12
0.5568	3
0.557312	14
0.557824	7
0.5583359999999999	11
0.558848	6
0.55936	11
0.5598719999999999	6
0.560384	6
0.560896	4
0.561408	11
0.56192	6
0.5624319999999999	9
0.562944	5
0.563456	8
0.563968	7
0.56448	20
0.5649919999999999	4
0.565504	13
0.566016	9
0.5665279999999999	10
0.56704	9
0.567552	11
0.568064	8
0.568576	15
0.5690879999999999	12
0.5696	10
0.570112	8
0.570624	4
0.571136	6
0.5716479999999999	8
0.57216	8
0.572672	5
0.573184	10
0.573696	10
0.5742079999999999	4
0.57472	6
0.575232	4
0.5757439999999999	10
0.576256	15
0.576768	7
0.57728	7
0.577792	16
0.5783039999999999	14
0.578816	4
0.579328	9
0.57984	11
0.580352	4
0.5808639999999999	6
0.581376	8
0.581888	4
0.5824	7
0.582912	8
0.5834239999999999	4
0.583936	10
0.584448	14
0.5849599999999999	5
0.585472	9
0.585984	3
0.586496	13
0.587008	8
0.5875199999999999	9
0.588032	12
0.588544	9
0.589056	14
0.589568	4
0.5900799999999999	6
0.590592	4
0.591104	5
0.5916159999999999	8
0.592128	8
0.59264	9
0.593152	11
0.593664	9
0.5941759999999999	7
0.594688	10
0.5952	9
0.595712	10
0.596224	5
0.5967359999999999	11
0.597248	8
0.59776	8
0.598272	8
0.598784	16
0.5992959999999999	3
0.599808	7
0.60032	4
0.6008319999999999	7
0.601344	7
0.601856	9
0.602368	4
0.60288	6
0.6033919999999999	5
0.603904	5
0.604416	5
0.604928	8
0.60544	6
0.6059519999999999	9
0.606464	8
0.606976	7
0.607488	7
0.608	3
0.6085119999999999	6
0.609024	8
0.609536	4
0.6100479999999999	3
0.61056	5
0.611072	9
0.611584	7
0.612096	10
0.6126079999999999	6
0.61312	9
0.613632	5
0.614144	11
0.614656	3
0.6151679999999999	4
0.61568	5
0.616192	7
0.6167039999999999	7
0.617216	10
0.6177279999999999	6
0.61824	9
0.618752	7
0.6192639999999999	5
0.619776	7
0.620288	5
0.6208	3
0.621312	2
0.6218239999999999	3
0.622336	6
0.622848	10
0.62336	10
0.623872	11
0.6243839999999999	8
0.624896	5
0.625408	9
0.6259199999999999	7
0.626432	6
0.626944	5
0.627456	6
0.627968	4
0.6284799999999999	9
0.628992	6
0.629504	3
0.630016	7
0.630528	9
0.6310399999999999	4
0.631552	8
0.632064	9
0.6325759999999999	8
0.633088	7
0.6335999999999999	11
0.634112	7
0.634624	4
0.6351359999999999	3
0.635648	3
0.63616	5
0.636672	9
0.637184	9
0.6376959999999999	3
0.638208	5
0.63872	4
0.639232	2
0.639744	6
0.6402559999999999	7
0.640768	5
0.64128	3
0.6417919999999999	5
0.642304	6
0.6428159999999999	8
0.643328	8
0.64384	11
0.6443519999999999	9
0.644864	7
0.645376	6
0.645888	10
0.6464	9
0.6469119999999999	5
0.647424	8
0.647936	8
0.648448	6
0.64896	10
0.6494719999999999	3
0.649984	8
0.650496	8
0.6510079999999999	8
0.65152	9
0.652032	5
0.652544	10
0.653056	2
0.6535679999999999	6
0.65408	10
0.654592	3
0.655104	7
0.655616	6
0.6561279999999999	6
0.65664	5
0.657152	5
0.6576639999999999	7
0.658176	4
0.6586879999999999	3
0.6592	4
0.659712	9
0.6602239999999999	9
0.660736	8
0.661248	11
0.66176	8
0.662272	9
0.6627839999999999	5
0.663296	6
0.663808	3
0.66432	3
0.664832	6
0.6653439999999999	7
0.665856	8
0.666368	13
0.6668799999999999	4
0.667392	7
0.6679039999999999	10
0.668416	9
0.668928	5
0.6694399999999999	7
0.669952	14
0.670464	11
0.670976	7
0.671488	7
0.6719999999999999	10
0.672512	10
0.673024	4
0.673536	7
0.674048	9
0.6745599999999999	5
0.675072	9
0.675584	6
0.6760959999999999	5
0.676608	15
0.6771199999999999	7
0.677632	3
0.678144	4
0.6786559999999999	3
0.679168	9
0.67968	3
0.680192	4
0.680704	3
0.6812159999999999	4
0.681728	9
0.68224	4
0.6827519999999999	7
0.683264	5
0.6837759999999999	8
0.684288	3
0.6848	6
0.6853119999999999	7
0.685824	5
0.686336	11
0.686848	7
0.68736	6
0.6878719999999999	7
0.688384	4
0.688896	8
0.689408	7
0.68992	7
0.6904319999999999	9
0.690944	11
0.691456	13
0.6919679999999999	7
0.69248	10
0.6929919999999999	7
0.693504	8
0.694016	5
0.6945279999999999	10
0.69504	4
0.695552	11
0.696064	7
0.696576	4
0.6970879999999999	9
0.6976	8
0.698112	5
0.698624	4
0.699136	4
0.6996479999999999	2
0.70016	10
0.700672	9
0.7011839999999999	4
0.701696	7
0.7022079999999999	5
0.70272	8
0.703232	4
0.7037439999999999	8
0.704256	14
0.704768	6
0.70528	6
0.705792	10
0.7063039999999999	10
0.706816	8
0.707328	8
0.7078399999999999	15
0.708352	7
0.7088639999999999	5
0.709376	8
0.709888	9
0.7103999999999999	4
0.710912	5
0.711424	5
0.711936	13
0.712448	7
0.7129599999999999	11
0.713472	8
0.713984	11
0.714496	5
0.715008	6
0.7155199999999999	9
0.716032	8
0.716544	11
0.7170559999999999	5
0.717568	5
0.7180799999999999	5
0.718592	8
0.719104	10
0.7196159999999999	7
0.720128	15
0.72064	6
0.721152	6
0.721664	7
0.7221759999999999	10
0.722688	8
0.7232	10
0.723712	7
0.724224	11
0.7247359999999999	7
0.725248	8
0.72576	8
0.7262719999999999	11
0.726784	5
0.7272959999999999	9
0.727808	7
0.72832	7
0.7288319999999999	8
0.729344	11
0.729856	3
0.730368	13
0.73088	8
0.7313919999999999	9
0.731904	2
0.732416	11
0.7329279999999999	12
0.73344	6
0.7339519999999999	11
0.734464	9
0.734976	7
0.7354879999999999	9
0.736	7
0.736512	10
0.737024	11
0.737536	10
0.7380479999999999	11
0.73856	13
0.739072	6
0.739584	4
0.740096	5
0.7406079999999999	9
0.74112	7
0.741632	6
0.7421439999999999	9
0.742656	14
0.7431679999999999	13
0.74368	4
0.744192	13
0.7447039999999999	9
0.745216	9
0.745728	11
0.74624	12
0.746752	11
0.7472639999999999	6
0.747776	10
0.748288	9
0.7488	3
0.749312	6
0.7498239999999999	13
0.750336	11
0.750848	8
0.7513599999999999	14
0.751872	12
0.7523839999999999	13
0.752896	7
0.753408	8
0.7539199999999999	12
0.754432	7
0.754944	6
0.755456	15
0.755968	10
0.7564799999999999	8
0.756992	18
0.757504	7
0.7580159999999999	14
0.758528	10
0.7590399999999999	12
0.759552	5
0.760064	6
0.7605759999999999	7
0.761088	6
0.7615999999999999	14
0.762112	10
0.762624	9
0.7631359999999999	10
0.763648	9
0.76416	15
0.764672	9
0.765184	14
0.7656959999999999	11
0.766208	5
0.76672	10
0.7672319999999999	7
0.767744	6
0.7682559999999999	8
0.768768	14
0.76928	12
0.7697919999999999	8
0.770304	4
0.770816	9
0.771328	7
0.77184	8
0.7723519999999999	7
0.772864	8
0.773376	7
0.773888	8
0.7744	6
0.7749119999999999	10
0.775424	13
0.775936	5
0.7764479999999999	9
0.77696	10
0.7774719999999999	10
0.777984	13
0.778496	11
0.7790079999999999	9
0.77952	13
0.780032	10
0.780544	7
0.781056	10
0.7815679999999999	10
0.78208	13
0.782592	7
0.7831039999999999	7
0.783616	11
0.7841279999999999	5
0.78464	12
0.785152	8
0.7856639999999999	14
0.786176	11
0.7866879999999999	11
0.7872	9
0.787712	8
0.7882239999999999	8
0.788736	8
0.789248	12
0.78976	5
0.790272	11
0.7907839999999999	12
0.791296	14
0.791808	9
0.7923199999999999	8
0.792832	8
0.7933439999999999	6
0.793856	6
0.794368	16
0.7948799999999999	10
0.795392	10
0.795904	9
0.796416	3
0.796928	9
0.7974399999999999	6
0.797952	9
0.798464	15
0.7989759999999999	9
0.799488	8
0.7999999999999999	12
0.800512	11
0.801024	13
0.8015359999999999	14
0.802048	6
0.8025599999999999	8
0.803072	8
0.803584	15
0.8040959999999999	9
0.804608	10
0.80512	20
0.805632	6
0.806144	10
0.8066559999999999	7
0.807168	10
0.80768	10
0.8081919999999999	13
0.808704	10
0.8092159999999999	12
0.809728	14
0.81024	8
0.8107519999999999	11
0.811264	6
0.8117759999999999	9
0.812288	12
0.8128	9
0.8133119999999999	17
0.813824	7
0.814336	6
0.814848	14
0.81536	9
0.8158719999999999	8
0.816384	11
0.816896	17
0.8174079999999999	16
0.81792	10
0.8184319999999999	7
0.818944	9
0.819456	13
0.8199679999999999	12
0.82048	9
0.8209919999999999	10
0.821504	12
0.822016	14
0.8225279999999999	7
0.82304	12
0.823552	7
0.8240639999999999	8
0.824576	9
0.8250879999999999	7
0.8256	8
0.826112	11
0.8266239999999999	8
0.827136	13
0.8276479999999999	9
0.82816	8
0.828672	15
0.8291839999999999	9
0.829696	14
0.830208	9
0.83072	4
0.831232	7
0.8317439999999999	7
0.832256	17
0.832768	8
0.8332799999999999	6
0.833792	8
0.8343039999999999	9
0.834816	11
0.835328	16
0.8358399999999999	11
0.836352	6
0.8368639999999999	11
0.837376	6
0.837888	7
0.8383999999999999	14
0.838912	12
0.839424	13
0.839936	4
0.840448	13
0.8409599999999999	11
0.841472	9
0.841984	11
0.8424959999999999	13
0.843008	8
0.8435199999999999	16
0.844032	8
0.844544	10
0.8450559999999999	6
0.845568	6
0.8460799999999999	10
0.846592	13
0.847104	9
0.8476159999999999	15
0.848128	12
0.84864	11
0.8491519999999999	9
0.849664	6
0.8501759999999999	9
0.850688	12
0.8512	13
0.8517119999999999	5
0.852224	17
0.8527359999999999	12
0.853248	7
0.85376	8
0.8542719999999999	2
0.854784	6
0.855296	5
0.855808	8
0.85632	7
0.8568319999999999	7
0.857344	12
0.857856	8
0.8583679999999999	5
0.85888	12
0.8593919999999999	5
0.859904	7
0.860416	8
0.8609279999999999	8
0.86144	9
0.8619519999999999	9
0.862464	10
0.862976	13
0.8634879999999999	5
0.864	8
0.864512	8
0.865024	9
0.865536	9
0.8660479999999999	9
0.86656	6
0.867072	7
0.8675839999999999	8
0.868096	6
0.8686079999999999	9
0.86912	9
0.869632	5
0.8701439999999999	8
0.870656	8
0.8711679999999999	10
0.87168	11
0.872192	9
0.8727039999999999	6
0.873216	12
0.873728	9
0.8742399999999999	6
0.874752	7
0.8752639999999999	5
0.875776	7
0.876288	8
0.8767999999999999	8
0.877312	6
0.8778239999999999	14
0.878336	9
0.878848	7
0.8793599999999999	11
0.879872	2
0.8803839999999999	6
0.880896	3
0.881408	5
0.8819199999999999	8
0.882432	5
0.882944	9
0.8834559999999999	5
0.883968	9
0.8844799999999999	1
0.884992	4
0.885504	10
0.8860159999999999	7
0.886528	6
0.8870399999999999	7
0.887552	5
0.888064	9
0.8885759999999999	7
0.889088	14
0.8896	8
0.890112	6
0.890624	6
0.8911359999999999	10
0.891648	1
0.89216	9
0.8926719999999999	3
0.893184	2
0.8936959999999999	4
0.894208	8
0.89472	12
0.8952319999999999	7
0.895744	7
0.8962559999999999	5
0.896768	10
0.89728	9
0.8977919999999999	5
0.898304	15
0.898816	8
0.8993279999999999	11
0.89984	4
0.9003519999999999	2
0.900864	8
0.901376	10
0.9018879999999999	6
0.9024	10
0.9029119999999999	6
0.903424	9
0.903936	5
0.9044479999999999	6
0.90496	7
0.9054719999999999	10
0.905984	6
0.906496	8
0.9070079999999999	7
0.90752	3
0.908032	14
0.9085439999999999	7
0.909056	12
0.9095679999999999	6
0.91008	9
0.910592	5
0.9111039999999999	5
0.911616	6
0.9121279999999999	13
0.91264	7
0.913152	10
0.9136639999999999	7
0.914176	5
0.914688	6
0.9152	8
0.915712	3
0.9162239999999999	8
0.916736	8
0.917248	11
0.9177599999999999	4
0.918272	8
0.9187839999999999	6
0.919296	6
0.919808	5
0.9203199999999999	4
0.920832	7
0.9213439999999999	4
0.921856	4
0.922368	7
0.9228799999999999	2
0.923392	5
0.923904	5
0.9244159999999999	10
0.924928	5
0.9254399999999999	3
0.925952	6
0.926464	10
0.9269759999999999	7
0.927488	6
0.9279999999999999	5
0.928512	8
0.929024	11
0.9295359999999999	7
0.930048	2
0.9305599999999999	10
0.931072	5
0.931584	6
0.9320959999999999	7
0.932608	3
0.93312	6
0.9336319999999999	8
0.934144	3
0.9346559999999999	6
0.935168	4
0.93568	8
0.9361919999999999	4
0.936704	4
0.9372159999999999	4
0.937728	3
0.93824	2
0.9387519999999999	6
0.939264	6
0.939776	1
0.940288	4
0.9408	5
0.9413119999999999	2
0.941824	2
0.942336	3
0.9428479999999999	6
0.94336	8
0.9438719999999999	2
0.944384	6
0.944896	6
0.9454079999999999	7
0.94592	3
0.9464319999999999	3
0.946944	5
0.947456	6
0.9479679999999999	5
0.94848	8
0.948992	7
0.9495039999999999	5
0.950016	5
0.9505279999999999	8
0.95104	9
0.951552	3
0.9520639999999999	5
0.952576	3
0.9530879999999999	3
0.9536	9
0.954112	3
0.9546239999999999	5
0.955136	4
0.9556479999999999	5
0.95616	12
0.956672	2
0.9571839999999999	3
0.957696	6
0.958208	8
0.9587199999999999	1
0.959232	5
0.9597439999999999	3
0.960256	1
0.960768	5
0.9612799999999999	2
0.961792	3
0.9623039999999999	5
0.962816	4
0.963328	5
0.9638399999999999	4
0.964352	6
0.9648639999999999	7
0.9653759999999999	5
0.965888	3
0.9663999999999999	2
0.966912	1
0.967424	4
0.9679359999999999	4
0.968448	2
0.9689599999999999	3
0.969472	3
0.969984	5
0.9704959999999999	6
0.971008	5
0.9715199999999999	4
0.972032	4
0.972544	4
0.9730559999999999	3
0.973568	6
0.97408	2
0.9745919999999999	4
0.975104	1
0.9756159999999999	2
0.976128	2
0.97664	5
0.9771519999999999	6
0.9781759999999999	5
0.978688	6
0.9792	3
0.9797119999999999	3
0.980224	2
0.9807359999999999	3
0.981248	4
0.98176	4
0.9822719999999999	2
0.982784	3
0.983296	1
0.98432	2
0.9848319999999999	5
0.985344	2
0.985856	3
0.9863679999999999	2
0.98688	4
0.9873919999999999	8
0.988416	9
0.9889279999999999	4
0.98944	1
0.9899519999999999	2
0.9904639999999999	4
0.990976	3
0.992	4
0.992512	4
0.9930239999999999	1
0.993536	5
0.9940479999999999	2
0.99456	4
0.995072	4
0.9955839999999999	4
0.996096	3
0.9966079999999999	3
0.99712	5
0.997632	3
0.9981439999999999	2
0.999168	3
0.9996799999999999	3
1.000192	4
1.000704	2
1.0012159999999999	3
1.001728	1
1.00224	2
1.0027519999999999	2
1.003264	3
1.003776	4
1.0042879999999998	2
1.0048	4
1.005312	5
1.005824	1
1.006336	2
1.006848	5
1.00736	3
1.0078719999999999	2
1.008384	5
1.008896	4
1.0094079999999999	3
1.00992	2
1.010432	3
1.010944	2
1.011968	3
1.01248	6
1.012992	2
1.013504	2
1.014016	4
1.0145279999999999	2
1.01504	2
1.015552	4
1.0160639999999999	1
1.016576	3
1.017088	2
1.0176	2
1.018112	1
1.018624	4
1.019136	4
1.02016	1
1.020672	4
1.0211839999999999	2
1.021696	2
1.022208	2
1.0227199999999999	1
1.023232	2
1.023744	5
1.024256	3
1.024768	3
1.02528	2
1.025792	3
1.0263039999999999	3
1.026816	3
1.027328	3
1.0278399999999999	4
1.028864	2
1.0293759999999998	4
1.029888	1
1.0304	1
1.030912	1
1.031424	2
1.031936	1
1.032448	2
1.033472	4
1.033984	5
1.0344959999999999	2
1.035008	4
1.03552	2
1.036032	5
1.036544	1
1.037056	2
1.037568	3
1.03808	4
1.038592	2
1.039104	3
1.0396159999999999	1
1.04064	1
1.0411519999999999	2
1.041664	2
1.042176	2
1.042688	2
1.0432	1
1.043712	1
1.044224	2
1.0447359999999999	1
1.045248	1
1.04576	2
1.0462719999999999	4
1.046784	1
1.0478079999999999	1
1.049088	4
1.050112	5
1.0511359999999998	2
1.05216	4
1.053184	4
1.054208	4
1.055232	8
1.0562559999999999	2
1.05728	2
1.058304	2
1.059328	6
1.060352	4
1.0613759999999999	3
1.0624	2
1.063424	3
1.064448	5
1.065472	6
1.06752	2
1.068544	2
1.0695679999999999	2
1.070592	1
1.071616	1
1.07264	1
1.073664	1
1.0746879999999999	3
1.075712	1
1.07776	2
1.078784	5
1.0798079999999999	4
1.081856	6
1.0828799999999998	1
1.083904	4
1.084928	2
1.085952	4
1.086976	3
1.089024	1
1.090048	1
1.091072	6
1.092096	6
1.0931199999999999	1
1.094144	3
1.095168	3
1.097216	2
1.0982399999999999	2
1.100288	1
1.1013119999999998	2
1.102336	5
1.10336	4
1.104384	1
1.105408	2
1.1064319999999999	2
1.107456	4
1.10848	2
1.109504	2
1.110528	3
1.1115519999999999	3
1.112576	1
1.114624	1
1.1166719999999999	2
1.117696	1
1.11872	5
1.1197439999999999	3
1.120768	1
1.122816	3
1.12384	2
1.1248639999999999	3
1.125888	3
1.126912	3
1.127936	1
1.12896	3
1.1299839999999999	1
1.131008	3
1.1330559999999998	1
1.13408	2
1.135104	2
1.136128	1
1.137152	1
1.1392	1
1.141248	2
1.142272	1
1.145344	1
1.147392	3
1.1484159999999999	2
1.14944	2
1.1514879999999998	1
1.153536	2
1.15456	1
1.155584	1
1.1566079999999999	2
1.157632	3
1.158656	1
1.15968	1
1.1617279999999999	1
1.163776	2
1.1648	3
1.165824	2
1.1668479999999999	1
1.167872	1
1.168896	1
1.172992	1
1.174016	2
1.1750399999999999	1
1.176064	1
1.178112	1
1.179136	2
1.1801599999999999	3
1.182208	3
1.1832319999999998	1
1.184256	1
1.189376	1
1.1904	1
1.191424	3
1.192448	2
1.1934719999999999	1
1.194496	3
1.19552	1
1.197568	1
1.1985919999999999	1
1.20064	1
1.202688	2
1.203712	1
1.2067839999999999	1
1.212928	1
1.214976	1
1.216	1
1.219072	1
1.222144	2
1.224192	2
1.2252159999999999	1
1.227264	2
1.228288	2
1.229312	1
1.23136	2
1.232384	2
1.2334079999999998	2
1.234432	4
1.2385279999999999	1
1.239552	1
1.240576	1
1.2436479999999999	1
1.244672	2
1.24672	1
1.247744	2
1.249792	1
1.253888	3
1.260032	1
1.261056	1
1.266176	2
1.2671999999999999	1
1.27232	1
1.273344	1
1.274368	1
1.278464	1
1.281536	1
1.28256	1
1.2856319999999999	1
1.29792	1
1.300992	1
1.304064	1
1.309184	1
1.314304	1
1.3153279999999998	1
1.316352	1
1.3173759999999999	1
1.3184	1
1.3204479999999998	1
1.321472	1
1.32352	2
1.326592	1
1.32864	1
1.3306879999999999	1
1.3358079999999999	1
1.336832	1
1.347072	1
1.348096	2
1.3491199999999999	1
1.3573119999999999	1
1.361408	1
1.3624319999999999	1
1.363456	1
1.3655039999999998	1
1.3706239999999998	2
1.372672	1
1.37472	2
1.376768	1
1.377792	1
1.388032	1
1.396224	1
1.41056	1
1.4361599999999999	2
1.440256	2
1.442304	1
1.4443519999999999	1
1.445376	1
1.453568	2
1.4545919999999999	1
1.46688	1
1.468928	1
1.474048	1
1.478144	1
1.498624	1
1.505792	1
1.510912	1
1.5129599999999999	1
1.5180799999999999	1
1.520128	1
1.545728	1
1.5488	1
1.56928	1
1.5713279999999998	1
1.5733759999999999	1
1.587712	1
1.5948799999999999	1
1.619456	1
1.6235519999999999	1
1.63072	1
1.6317439999999999	1
1.633792	1
1.6348159999999998	1
1.669632	1
1.6767999999999998	1
1.691136	1
1.719808	1
1.729024	1
1.73824	1
1.781248	1
1.802752	1
1.8611199999999999	1
1.8641919999999998	1
1.8693119999999999	1
1.879552	1
1.9061759999999999	1
1.984	1
1.985024	1
2.608128	1
2.612224	1
3.017728	1
3.093504	1
3.3904639999999997	1
3.4334719999999996	1
3.4805759999999997	1
3.5174399999999997	1
3.5584	1
3.5747839999999997	1
3.6280319999999997	1
3.736576	1
3.8983679999999996	1
4.0110079999999995	1
4.023296	1
4.187136	1
4.20864	1
4.462592	1
4.5568	1
4.663296	1
4.737024	1
4.745216	1
5.023744	1
5.2736	1
5.572608	1
5.728256	1
5.769216	1
5.80608	1
6.3262719999999995	1
6.4204799999999995	1
6.588416	1
7.436287999999999	1
7.686144	1
7.8254079999999995	1
13.12768	1
16.003072	1
19.70176	1
23.699455999999998	1
29.466624	2
29.532159999999998	1
30.466047999999997	1
30.629887999999998	1
31.203328	1
32.48128	1
45.858816	1
46.415872	1
52.477951999999995	1
55.13216	1
57.229312	1
58.015744	1
58.179584	1
58.441728	1
58.900479999999995	1
58.998784	2
59.326463999999994	1
59.424768	2
59.457536	1
59.850752	1
60.112896	1
60.407807999999996	1
60.473344	1
60.571647999999996	1
60.833791999999995	1
60.86656	1
60.932095999999994	1
60.997631999999996	2
61.095935999999995	2
61.128704	1
61.161471999999996	1
61.358079999999994	1
77.824	1
77.955072	1
