0.35136	1
0.35980799999999996	1
0.38156799999999996	1
0.382592	1
0.38412799999999997	1
0.384384	1
0.386432	1
0.386688	1
0.3872	1
0.38822399999999996	1
0.38848	1
0.38873599999999997	1
0.777984	2
0.38950399999999996	1
0.38976	1
0.39104	1
0.39232	1
0.3936	1
0.394368	1
0.395648	1
0.39615999999999996	1
0.396928	1
0.796928	2
0.398976	1
0.400512	1
0.8025599999999999	2
1.206912	3
0.40256	1
0.403072	1
0.807168	2
0.8081919999999999	2
0.404352	1
0.809728	2
0.811264	2
0.40588799999999997	1
0.408192	1
0.408448	1
0.40870399999999996	1
0.40896	1
0.8184319999999999	2
0.409472	1
0.82048	2
0.41049599999999997	1
0.410752	1
0.411008	1
0.41152	1
0.411776	1
0.412288	1
0.41254399999999997	1
0.8256	2
0.41331199999999996	1
0.41408	1
1.243008	3
1.243776	3
0.829696	2
0.415104	1
0.41536	1
0.832768	2
0.41663999999999995	1
1.2529919999999999	3
1.672704	4
1.255296	3
0.418944	1
1.258368	3
0.839936	2
0.840448	2
0.420736	1
0.8424959999999999	2
0.421504	1
0.8435199999999999	2
0.844032	2
0.844544	2
0.8450559999999999	2
0.42303999999999997	1
0.847104	2
0.424064	1
0.84864	2
0.8491519999999999	2
1.2744959999999999	3
0.42508799999999997	1
0.425344	1
1.278336	3
1.7054719999999999	4
0.426624	1
0.42713599999999996	1
0.427648	1
1.283712	3
1.2844799999999998	3
1.286784	3
1.287552	3
1.28832	3
1.289088	3
0.429952	1
1.290624	3
0.43046399999999996	1
0.43097599999999997	1
0.862464	2
0.862976	2
1.295232	3
0.432256	1
0.432512	1
0.8660479999999999	2
0.86656	2
0.433536	1
0.43379199999999996	1
1.736192	4
0.43430399999999997	1
1.305216	3
0.435328	1
2.17792	5
0.43584	1
0.436096	1
0.8727039999999999	2
0.873216	2
0.436864	1
0.437376	1
0.43763199999999997	1
0.437888	1
1.752576	4
0.877312	2
0.43891199999999997	1
1.756672	4
0.8793599999999999	2
1.3198079999999999	3
1.320576	3
0.440448	1
0.881408	2
0.8819199999999999	2
0.44172799999999995	1
0.883968	2
2.65344	6
1.769984	4
0.885504	2
1.329024	3
0.443264	1
0.887552	2
1.332096	3
0.8885759999999999	2
0.889088	2
1.7792	4
2.2252799999999997	5
1.781248	4
1.7822719999999999	4
0.891648	2
0.44608	1
2.23168	5
0.446592	1
0.8936959999999999	2
0.447104	1
1.78944	4
1.7904639999999998	4
2.23936	5
0.44812799999999997	1
1.345152	3
0.8977919999999999	2
3.593216	8
1.797632	4
1.7986559999999998	4
0.44992	1
2.25088	5
1.801728	4
1.352064	3
0.9029119999999999	2
1.807872	4
1.3566719999999999	3
0.90496	2
0.45273599999999997	1
1.358976	3
1.3597439999999998	3
0.9070079999999999	2
0.90752	2
0.908032	2
1.818112	4
1.364352	3
1.36512	3
1.365888	3
2.7333119999999997	6
0.455808	1
0.45606399999999997	1
0.91264	2
1.826304	4
1.370496	3
1.828352	4
0.914688	2
2.288	5
0.915712	2
0.916736	2
0.917248	2
1.836544	4
1.8375679999999999	4
2.757888	6
0.919808	2
0.9203199999999999	2
0.920832	2
1.382016	3
1.382784	3
0.922368	2
0.9228799999999999	2
1.846784	4
1.847808	4
1.8488319999999998	4
1.849856	4
1.8508799999999999	4
2.31488	5
1.852928	4
1.390464	3
1.391232	3
2.32	5
1.857024	4
2.7870719999999998	6
1.8590719999999998	4
1.3950719999999999	3
2.3264	5
0.931072	2
0.465792	1
0.46604799999999996	1
1.398912	3
1.86624	4
1.400448	3
0.467072	1
2.33664	5
1.870336	4
0.46784	1
0.46809599999999996	1
0.468352	1
2.34304	5
1.4065919999999998	3
0.93824	2
0.46937599999999996	1
1.408896	3
0.939776	2
1.880576	4
1.8826239999999999	4
2.3545599999999998	5
1.4135039999999999	3
1.8856959999999998	4
1.4150399999999999	3
0.944384	2
0.944896	2
0.47270399999999996	1
1.89184	4
1.8928639999999999	4
1.893888	4
0.947456	2
1.4219519999999999	3
0.950016	2
1.9010559999999999	4
1.4265599999999998	3
1.427328	3
1.9041279999999998	4
3.3340159999999996	7
1.9061759999999999	4
1.4304	3
2.38528	5
2.38656	5
2.8669439999999997	6
1.91232	4
1.4350079999999998	3
1.435776	3
1.436544	3
3.353728	7
1.9174399999999998	4
2.879232	6
1.4403839999999999	3
1.441152	3
2.8838399999999997	6
1.923584	4
1.9246079999999999	4
1.444224	3
1.926656	4
1.44576	3
1.928704	4
3.8594559999999998	8
2.41344	5
1.931776	4
2.8992	6
2.41728	5
1.451136	3
1.9358719999999998	4
0.968448	2
1.9379199999999999	4
1.454208	3
1.4549759999999998	3
0.48524799999999996	1
0.485504	1
1.45728	3
1.458048	3
1.458816	3
0.9730559999999999	2
1.4603519999999999	3
2.4352	5
0.48729599999999995	1
2.43776	5
3.414656	7
1.952256	4
3.90656	8
2.4428799999999997	5
1.955328	4
1.467264	3
2.44672	5
0.9792	2
4.89856	10
0.980224	2
2.45184	5
2.4531199999999997	5
0.98176	2
2.45568	5
1.965568	4
2.45824	5
1.475712	3
0.49216	1
2.46208	5
3.4487039999999998	7
1.4787839999999999	3
1.9727359999999998	4
1.97376	4
2.46848	5
2.46976	5
0.494208	1
0.9889279999999999	2
2.969856	6
1.9809279999999998	4
2.47744	5
0.9914879999999999	2
0.992	2
1.4887679999999999	3
1.9860479999999998	4
0.496768	1
0.49702399999999997	1
2.9836799999999997	6
2.985216	6
0.996096	2
0.9966079999999999	2
0.99712	2
1.995264	4
0.9981439999999999	2
2.4966399999999997	5
3.996672	8
1.49952	3
1.5002879999999998	3
1.501056	3
1.5018239999999998	3
1.502592	3
1.50336	3
1.0027519999999999	2
1.003264	2
2.5094399999999997	5
3.0143999999999997	6
1.005312	2
4.023296	8
0.503168	1
1.5102719999999998	3
2.01472	4
0.5039359999999999	1
0.504192	1
1.008896	2
3.5329279999999996	7
3.5347199999999996	7
3.0312959999999998	6
4.5492479999999995	9
1.011456	2
2.5299199999999997	5
2.02496	4
0.506496	1
0.506752	1
2.53504	5
2.53632	5
2.5376	5
3.046656	6
2.0321279999999997	4
3.558016	7
1.5256319999999999	3
1.0176	2
2.54528	5
1.018624	2
4.586112	9
2.0392959999999998	4
3.0604799999999996	6
3.572352	7
1.531776	3
2.043392	4
3.577728	7
3.0681599999999998	6
4.092928	8
2.047488	4
2.56064	5
2.049536	4
3.07584	6
3.5902719999999997	7
2.56576	5
3.080448	6
2.56832	5
2.5696	5
2.056704	4
1.543296	3
1.0293759999999998	2
1.029888	2
3.0911999999999997	6
2.57728	5
1.5471359999999998	3
2.063872	4
0.516224	1
1.0329599999999999	2
2.066944	4
3.101952	6
3.620736	7
4.140032	8
3.10656	6
2.072064	4
3.109632	6
1.5555839999999999	3
2.59392	5
1.5571199999999998	3
3.6350719999999996	7
4.156416	8
2.59904	5
4.160512	8
1.04064	2
2.60288	5
4.166656	8
4.689792	9
0.521344	1
3.1296	6
1.5655679999999998	3
1.566336	3
3.656576	7
3.135744	6
4.70592	9
4.1850879999999995	8
3.663744	7
3.665536	7
2.0956159999999997	4
1.5724799999999999	3
6.294528	12
2.62528	5
7.88352	15
4.20864	8
6.845695999999999	13
5.27104	10
3.165696	6
5.8094079999999995	11
5.2863999999999995	10
8.466432	16
5.29664	10
5.30176	10
6.368256	12
2.6559999999999997	5
3.1902719999999998	6
4.790016	9
4.261888	8
4.2659839999999996	8
9.60768	18
5.8769919999999995	11
3.208704	6
4.817664	9
5.35808	10
1.60896	3
4.831487999999999	9
5.910784	11
2.6892799999999997	5
5.922047999999999	11
4.84992	9
3.775744	7
4.8591359999999995	9
4.863744	9
3.7864959999999996	7
5.955839999999999	11
4.335616	8
5.967104	11
3.257856	6
7.065344	13
5.984	11
4.900608	9
2.72512	5
4.9098239999999995	9
3.822336	7
6.01216	11
2.188288	4
5.47584	10
5.48096	10
5.486079999999999	10
4.3929599999999995	8
8.24448	15
10.452736	19
4.405247999999999	8
9.369856	17
2.7584	5
4.417536	8
2.210816	4
3.872512	7
2.76864	5
5.5424	10
4.992768	9
5.552639999999999	10
4.4462079999999995	8
5.56288	10
4.4544	8
3.9011839999999998	7
6.136063999999999	11
7.816704	14
6.706176	12
3.91552	7
6.718464	12
5.043456	9
5.60896	10
2.245632	4
10.114559999999999	18
4.4994559999999995	8
6.7553279999999996	12
5.63456	10
3.3838079999999997	6
5.0803199999999995	9
3.954944	7
3.958528	7
7.924224	14
5.098752	9
1.70112	3
6.810624	12
4.544512	8
2.84288	5
5.69088	10
3.4175999999999997	6
5.7011199999999995	10
7.418112	13
2.284544	4
6.859776	12
6.29376	11
6.299392	11
2.86592	5
4.589568	8
5.74208	10
4.02304	7
4.601856	8
4.605951999999999	8
5.76256	10
6.344448	11
7.504639999999999	13
4.044544	7
2.89152	5
4.051712	7
8.110592	14
5.21856	9
3.482112	6
8.712959999999999	15
3.488256	6
4.655104	8
4.6592	8
4.663296	8
4.6673919999999995	8
6.423296	11
3.506688	6
4.09472	7
4.683776	8
3.515904	6
2.93248	5
5.283072	9
2.9375999999999998	5
4.116224	7
4.119808	7
4.712448	8
7.074815999999999	12
6.49088	11
5.90592	10
5.319935999999999	9
3.549696	6
4.144896	7
6.5190399999999995	11
2.96576	5
4.155648	7
8.318463999999999	14
4.757504	8
7.142399999999999	12
5.95712	10
3.5773439999999996	6
3.580416	6
6.569728	11
5.37984	9
3.589632	6
4.790272	8
5.99296	10
7.197696	12
6.0032	10
7.810816	13
4.209408	7
4.814848	8
2.409472	4
3.61728	6
7.240704	12
5.435136	9
5.439744	9
3.0246399999999998	5
3.0271999999999997	5
7.877376	13
4.851712	8
8.497664	14
7.8973439999999995	13
6.688	11
3.6510719999999997	6
4.263167999999999	7
3.657216	6
4.2703359999999995	7
4.2739199999999995	7
3.666432	6
6.1158399999999995	10
2.448384	4
4.288256	7
9.1968	15
6.1363199999999996	10
9.826304	16
2.458624	4
4.9213439999999995	8
4.92544	8
4.313344	7
2.4668159999999997	4
3.08608	5
6.795007999999999	11
3.0911999999999997	5
6.806272	11
4.334848	7
3.7186559999999997	6
3.1014399999999998	5
4.3456	7
3.7278719999999996	6
3.730944	6
3.734016	6
1.245696	2
5.61024	9
4.990976	8
2.4975359999999998	4
3.749376	6
2.501632	4
4.38144	7
8.143616	13
5.015552	8
3.7647359999999996	6
3.767808	6
4.39936	7
5.031936	8
3.1475199999999997	5
4.410112	7
3.783168	6
5.0483199999999995	8
3.1577599999999997	5
4.424448	7
3.7954559999999997	6
1.8992639999999998	3
3.1679999999999997	5
3.8046719999999996	6
3.17312	5
2.5405439999999997	4
2.542592	4
5.08928	8
3.18336	5
3.823104	6
3.1884799999999998	5
3.8292479999999998	6
2.55488	4
5.753088	9
6.39744	10
5.762303999999999	9
3.20384	5
5.13024	8
3.20896	5
2.569216	4
3.856896	6
5.7899519999999995	9
3.2192	5
2.5774079999999997	4
6.44864	10
2.581504	4
6.45888	10
5.1712	8
3.2345599999999997	5
3.884544	6
2.591744	4
5.836031999999999	9
3.89376	6
2.5978879999999998	4
5.199872	8
3.25248	5
3.2550399999999997	5
8.469759999999999	13
3.9121919999999997	6
6.52544	10
3.918336	6
4.5749759999999995	7
3.92448	6
1.963776	3
2.620416	4
3.933696	6
3.28064	5
1.31328	2
1.9714559999999999	3
7.891967999999999	12
4.607232	7
2.6347519999999998	4
5.932799999999999	9
3.958272	6
4.621568	7
3.30368	5
5.289984	8
4.63232	7
4.635904	7
2.6511359999999997	4
7.296256	11
3.9828479999999997	6
6.643199999999999	10
4.653824	7
3.9920639999999996	6
3.32928	5
3.998208	6
6.00192	9
3.33696	5
6.011136	9
6.015744	9
4.6824959999999995	7
6.02496	9
5.359616	8
4.022784	6
6.709759999999999	10
6.71488	10
2.6879999999999997	4
4.707584	7
8.076288	12
8.082431999999999	12
1.348096	2
2.6982399999999997	4
8.100864	12
3.37792	5
4.732672	7
6.089472	9
4.06272	6
4.065792	6
3.39072	5
5.429247999999999	8
4.0750079999999995	6
5.43744	8
3.40096	5
5.445632	8
2.0436479999999997	3
6.817279999999999	10
5.45792	8
2.7310079999999997	4
4.099584	6
4.786432	7
8.895743999999999	13
4.7936	7
2.055936	3
5.486592	8
2.059008	3
8.929024	13
6.18624	9
3.4393599999999998	5
8.260608	12
2.066688	3
2.757632	4
2.75968	4
6.904319999999999	10
3.45472	5
1.382912	2
2.7678719999999997	4
7.61728	11
6.236928	9
2.774016	4
3.47008	5
6.250751999999999	9
5.56032	8
4.868863999999999	7
3.48032	5
2.089728	3
5.576703999999999	8
3.488	5
4.1886719999999995	6
4.890368	7
3.4956799999999997	5
6.99648	10
9.102079999999999	13
5.605376	8
4.207104	6
6.315264	9
4.213248	6
7.72992	11
3.5161599999999997	5
4.2224639999999996	6
4.929792	7
7.04768	10
4.23168	6
3.5289599999999997	5
5.6504319999999995	8
7.774976	11
6.365952	9
4.24704	6
4.250112	6
4.253184	6
6.384384	9
4.969215999999999	7
6.393599999999999	9
5.687296	8
2.845696	4
4.271616	6
6.412032	9
4.27776	6
4.280832	6
2.855936	4
0.714496	1
4.290048	6
0.7155199999999999	1
3.58016	5
5.015808	7
7.8876159999999995	11
5.740544	8
3.5904	5
5.748736	8
7.19104	10
5.037312	7
2.880512	4
2.88256	4
5.048064	7
7.938304	11
1.4443519999999999	2
4.3361279999999995	6
5.7856	8
7.960832	11
4.345344	6
5.7978879999999995	8
1.450496	2
7.983359999999999	11
2.9050879999999997	4
3.63392	5
3.6364799999999997	5
3.63904	5
2.18496	3
3.64416	5
2.917376	4
8.758272	12
9.494784	13
3.6544	5
7.3139199999999995	10
2.927616	4
2.929664	4
2.9317119999999997	4
6.60096	9
7.339519999999999	10
3.67232	5
5.879808	8
6.6193919999999995	9
6.624	9
2.946048	4
5.159168	7
5.162751999999999	7
4.428288	6
3.6927999999999996	5
9.607935999999999	13
4.437504	6
2.960384	4
6.665471999999999	9
8.15232	11
3.70816	5
4.452864	6
4.4559359999999995	6
5.202176	7
7.4368	10
3.72096	5
3.7235199999999997	5
1.490432	2
4.474368	6
2.98496	4
10.454528	14
8.219904	11
1.495552	2
8.231168	11
6.739199999999999	9
3.7465599999999997	5
2.249472	3
4.502016	6
6.006784	8
5.25952	7
6.7668479999999995	9
2.257152	3
2.258688	3
9.794304	13
6.031359999999999	8
3.77216	5
4.5296639999999995	6
5.288192	7
7.559679999999999	10
6.808319999999999	9
4.541952	6
6.060032	8
3.0320639999999996	4
4.551168	6
5.31328	7
6.835967999999999	9
4.560384	6
5.324032	7
6.088704	8
3.808	5
3.8105599999999997	5
6.100992	8
4.578816	6
6.872832	9
7.6415999999999995	10
4.588032	6
4.591104	6
4.594176	6
6.895872	9
2.30016	3
4.6033919999999995	6
3.070976	4
3.0730239999999998	4
4.612608	6
3.07712	4
6.928128	9
6.932735999999999	9
3.8540799999999997	5
1.542656	2
7.7184	10
4.634112	6
4.6371839999999995	6
5.413632	7
4.6433279999999995	6
8.5184	11
6.974208	9
6.203392	8
6.207488	8
5.435136	7
1.55392	2
3.8873599999999997	5
8.557824	11
10.898944	14
6.232063999999999	8
6.23616	8
8.580352	11
3.90272	5
3.90528	5
3.1262719999999997	4
6.25664	8
3.91296	5
5.4817279999999995	7
9.403392	12
7.841279999999999	10
7.06176	9
6.281216	8
3.1426559999999997	4
5.503232	7
6.2935039999999995	8
4.723199999999999	6
4.726272	6
7.094016	9
3.154944	4
7.103231999999999	9
6.31808	8
6.322176	8
3.9539199999999997	5
8.704255999999999	11
7.126271999999999	9
4.75392	6
3.9641599999999997	5
4.760064	6
3.96928	5
5.560576	7
5.564159999999999	7
4.772352	6
9.550848	12
4.778496	6
4.781568	6
8.77184	11
7.97952	10
4.7907839999999995	6
7.190784	9
4.796927999999999	6
5.6	7
4.00256	5
5.607168	7
9.618432	12
4.812288	6
5.61792	7
6.424576	8
4.821504	6
6.432767999999999	8
8.04608	10
5.63584	7
8.05632	10
4.03072	5
8.873216	11
4.843008	6
5.65376	7
7.273727999999999	9
8.895743999999999	11
2.427648	3
8.907008	11
7.29216	9
8.10752	10
2.433792	3
8.117759999999999	10
4.06144	5
6.5024	8
4.06656	5
4.882944	6
4.07168	5
4.889088	6
6.52288	8
8.158719999999999	10
5.714688	7
5.718272	7
4.9044479999999995	6
9.81504	12
8.18432	10
9.827328	12
5.736192	7
5.739776	7
4.92288	6
4.925952	6
4.10752	5
3.288064	4
4.11264	5
8.2304	10
5.764863999999999	7
2.4721919999999997	3
6.596608	8
9.075968	11
6.6048	8
10.739455999999999	13
6.612991999999999	8
4.962816	6
5.793536	7
4.1408	5
3.314688	4
4.975104	6
5.807872	7
6.641664	8
7.47648	9
4.987392	6
0.8317439999999999	1
7.490304	9
5.829376	7
4.99968	6
5.836544	7
8.34304	10
5.008896	6
10.023935999999999	12
10.03008	12
11.708928	14
5.021184	6
4.1868799999999995	5
4.189439999999999	5
2.5152	3
5.033472	6
8.39424	10
7.559424	9
8.40448	10
2.52288	3
5.8903039999999995	7
6.735872	8
5.054976	6
8.43008	10
1.6870399999999999	2
3.376128	4
7.600896	9
3.3802239999999997	4
7.610112	9
5.92256	7
9.312512	11
5.082624	6
6.780927999999999	8
6.785024	8
8.4864	10
7.642367999999999	9
7.6469759999999996	9
4.2508799999999995	5
3.402752	4
10.2144	12
5.110272	6
9.374464	11
9.380096	11
5.972735999999999	7
4.2688	5
5.979903999999999	7
5.9834879999999995	7
5.1317759999999994	6
3.423232	4
5.137919999999999	6
5.997824	7
9.430784	11
5.147136	6
7.725312	9
5.15328	6
9.453312	11
7.739135999999999	9
4.30208	5
4.30464	5
8.6144	10
7.757568	9
9.487104	11
7.7667839999999995	9
6.907903999999999	8
9.504	11
6.051584	7
12.97536	15
6.924288	8
6.928383999999999	8
4.3328	5
6.936576	8
6.073087999999999	7
4.3404799999999994	5
7.8174719999999995	9
10.42944	12
5.217792	6
9.571584	11
6.094592	7
9.582848	11
6.97344	8
8.721919999999999	10
7.854336	9
7.858943999999999	9
13.979648	16
12.23936	14
5.248512	6
7.0021119999999994	8
10.509312	12
9.639168	11
6.1376	7
7.895808	9
10.533888	12
6.148352	7
8.78848	10
5.27616	6
8.79872	10
6.162687999999999	7
5.285375999999999	6
9.695488	11
7.9372799999999994	9
3.529728	4
8.82944	10
7.951104	9
7.955711999999999	9
8.8448	10
4.42496	5
7.084032	8
5.316096	6
3.546112	4
7.983359999999999	9
1.775104	2
4.44032	5
7.997184	9
10.669056	12
3.5584	4
7.120896	8
8.90624	10
6.237952	7
5.349888	6
4.4608	5
6.248704	7
8.93184	10
6.255872	7
8.047872	9
6.263039999999999	7
5.371392	6
5.374464	6
5.377536	6
9.864448	11
5.38368	6
8.080128	9
8.084736	9
6.2917119999999995	7
9.892608	11
5.399039999999999	6
3.6014079999999997	4
7.206912	8
5.408256	6
5.411328	6
8.121599999999999	9
6.320384	7
6.323968	7
4.51968	5
6.331136	7
10.85952	12
5.432831999999999	6
6.341888	7
6.345472	7
4.5350399999999995	5
3.63008	4
4.54016	5
9.993984	11
9.09056	10
6.366975999999999	7
6.370559999999999	7
3.642368	4
3.6444159999999997	4
10.027776	11
3.6485119999999998	4
4.5632	5
3.652608	4
4.56832	5
10.970112	12
7.317504	8
7.3216	8
2.747136	3
8.246016	9
0.916736	1
4.58624	5
4.5888	5
5.509632	6
11.944192	13
9.19296	10
14.716928	16
4.6015999999999995	5
0.920832	1
10.134784	11
4.60928	5
7.378944	8
6.46016	7
9.23392	10
7.391232	8
5.546495999999999	6
3.699712	4
7.403519999999999	8
10.185471999999999	11
6.4852479999999995	7
5.561856	6
2.782464	3
4.64	5
6.499584	7
4.6451199999999995	5
5.577216	6
10.230528	11
8.37504	9
8.379648	9
4.65792	5
4.66048	5
6.528256	7
6.53184	7
4.668159999999999	5
4.67072	5
1.8693119999999999	2
2.805504	3
6.54976	7
10.298112	11
4.68352	5
2.811648	3
4.6886399999999995	5
2.81472	3
3.7550079999999997	4
7.514112	8
7.518208	8
6.582015999999999	7
2.8224	3
6.5891839999999995	7
5.650944	6
4.711679999999999	5
0.9428479999999999	1
8.49024	9
6.607104	7
5.666303999999999	6
5.669376	6
2.836224	3
2.83776	3
3.7857279999999998	4
2.840832	3
6.632192	7
1.8959359999999998	2
4.7424	5
4.74496	5
5.697024	6
3.800064	4
6.653696	7
6.65728	7
2.854656	3
7.616511999999999	8
6.668031999999999	7
5.718528	6
5.7216	6
9.54112	10
5.7277439999999995	6
4.7756799999999995	5
5.733887999999999	6
2.86848	3
13.393407999999999	14
5.743104	6
1.915392	2
2.874624	3
5.75232	6
4.7961599999999995	5
5.758464	6
7.682048	8
8.646912	9
10.57408	11
2.885376	3
4.81152	5
3.851264	4
9.63328	10
4.8191999999999995	5
1.928704	2
9.64864	10
5.792256	6
7.727104	8
6.764799999999999	7
1.933824	2
5.804544	6
8.711424	9
5.810688	6
4.8448	5
4.84736	5
9.69984	10
4.85248	5
3.884032	4
5.82912	6
6.804224	7
1.945088	2
2.919168	3
5.8414079999999995	6
6.81856	7
3.8983679999999996	4
8.775936	9
9.75616	10
4.88064	5
5.85984	6
9.771519999999999	10
2.932992	3
4.89088	5
2.936064	3
5.8751999999999995	6
13.715968	14
1.960448	2
3.9229439999999998	4
8.831232	9
3.92704	4
0.9822719999999999	1
0.982784	1
3.933184	4
3.9352319999999996	4
3.93728	4
2.954496	3
4.9267199999999995	5
7.886848	8
5.918208	6
3.94752	4
5.924352	6
1.975808	2
4.94208	5
1.9778559999999998	2
8.904959999999999	9
4.9497599999999995	5
6.933248	7
3.963904	4
3.9659519999999997	4
6.944	7
0.992512	1
9.93024	10
10.928896	11
6.958336	7
8.951039999999999	9
2.985216	3
2.986752	3
4.98048	5
2.989824	3
2.99136	3
8.978688	9
5.9888639999999995	6
4.9932799999999995	5
2.9975039999999997	3
5.99808	6
3.0005759999999997	3
5.00352	5
3.0036479999999997	3
1.001728	1
6.01344	6
4.0110079999999995	4
7.022848	7
5.018879999999999	5
3.012864	3
3.0143999999999997	3
6.031872	6
4.023296	4
5.03168	5
5.03424	5
4.02944	4
7.055104	7
5.04192	5
1.008896	1
5.04704	5
3.02976	3
5.05216	5
2.021888	2
7.080191999999999	7
3.035904	3
5.062399999999999	5
2.025984	2
6.081023999999999	6
3.042048	3
4.0581119999999995	4
7.10528	7
4.062208	4
1.016576	1
1.017088	1
2.0352	2
8.144896	8
2.037248	2
2.038272	2
2.0392959999999998	2
5.1008	5
3.062016	3
1.0211839999999999	1
3.065088	3
6.133248	6
3.0681599999999998	3
6.139392	6
6.1424639999999995	6
3.072768	3
4.099072	4
1.02528	1
6.154751999999999	6
5.13152	5
2.053632	2
4.109312	4
7.1948799999999995	7
3.085056	3
3.086592	3
1.0293759999999998	1
2.059776	2
3.0911999999999997	3
5.15456	5
5.15712	5
3.095808	3
3.0973439999999997	3
5.1648	5
2.066944	2
2.067968	2
2.0689919999999997	2
2.070016	2
3.10656	3
3.1080959999999997	3
3.109632	3
2.074112	2
3.112704	3
5.1903999999999995	5
5.192959999999999	5
2.078208	2
3.118848	3
5.20064	5
1.04064	1
5.20576	5
3.1249919999999998	3
4.168704	4
2.085376	2
7.3024	7
2.087424	2
4.176896	4
3.1342079999999997	3
3.135744	3
5.2288	5
2.0925439999999997	2
3.140352	3
4.189184	4
3.143424	3
5.2416	5
5.245439999999999	5
6.300672	6
6.3068159999999995	6
10.5216	10
3.1595519999999997	3
10.54208	10
8.441856	8
4.2250239999999994	4
6.34368	6
7.408128	7
5.29664	5
5.30176	5
6.368256	6
3.1872	3
6.3805439999999995	6
8.515584	8
4.261888	4
3.1994879999999997	3
5.3376	5
7.479807999999999	7
7.486975999999999	7
3.211776	3
6.429696	6
6.43584	6
3.220992	3
6.448128	6
8.605696	8
4.306944	4
4.31104	4
7.551488	7
6.478847999999999	6
5.40416	5
2.163712	2
6.49728	6
9.755136	9
6.509568	6
4.343808	4
4.347904	4
6.528	6
5.44512	5
5.45024	5
6.546431999999999	6
6.552575999999999	6
6.55872	6
4.376576	4
4.380672	4
6.577152	6
3.291648	3
3.29472	3
4.397056	4
3.300864	3
7.709184	7
7.716352	7
3.3100799999999997	3
5.52192	5
11.054079999999999	10
5.53216	5
5.53728	5
5.5424	5
6.657024	6
5.552639999999999	5
3.334656	3
4.450304	4
6.6815999999999995	6
5.573119999999999	5
10.040832	9
6.700031999999999	6
8.941568	8
1.11872	1
7.838208	7
2.241536	2
4.487168	4
2.245632	2
6.74304	6
3.374592	3
4.503552	4
4.507648	4
3.3838079999999997	3
5.6448	5
2.2599679999999998	2
5.65504	5
9.056256	8
7.931392	7
2.26816	2
2.270208	2
1.136128	1
4.548608	4
2.2763519999999997	2
1.1392	1
3.4206719999999997	3
4.564992	4
1.142272	1
1.1432959999999999	1
3.43296	3
4.581376	4
11.46368	10
5.73696	5
4.5936639999999995	4
1.14944	1
2.300928	2
4.605951999999999	4
4.610048	4
6.921215999999999	6
3.4636799999999996	3
2.311168	2
6.945792	6
3.475968	3
3.47904	3
1.160704	1
2.3234559999999997	2
2.325504	2
2.327552	2
4.6592	4
6.994943999999999	6
3.5005439999999997	3
3.5036159999999996	3
7.013376	6
5.8496	5
1.170944	1
2.343936	2
3.518976	3
1.174016	1
2.3500799999999997	2
4.704256	4
3.5312639999999997	3
5.89056	5
2.358272	2
3.5404799999999996	3
3.543552	3
2.364416	2
4.732927999999999	4
2.368512	2
5.9264	5
7.117824	6
3.561984	3
4.753407999999999	4
5.94688	5
1.191424	1
7.154687999999999	6
7.160832	6
7.166976	6
4.78208	4
5.98272	5
2.395136	2
1.1985919999999999	1
2.399232	2
4.80256	4
8.411648	7
1.202688	1
3.6111359999999997	3
3.6142079999999996	3
3.61728	3
2.4135679999999997	2
7.246848	6
2.417664	2
2.419712	2
6.054399999999999	5
3.6418559999999998	3
2.429952	2
3.6479999999999997	3
6.08512	5
3.6541439999999996	3
1.219072	1
6.10048	5
2.44224	2
1.223168	1
4.896768	4
2.4504319999999997	2
3.6787199999999998	3
3.6817919999999997	3
6.141439999999999	5
3.6879359999999997	3
1.2303359999999999	1
4.92544	4
1.232384	1
3.703296	3
1.2354559999999999	1
2.47296	2
1.237504	1
1.2385279999999999	1
1.239552	1
3.7217279999999997	3
2.4832	2
1.2436479999999999	1
2.489344	2
1.245696	1
6.2336	5
2.4975359999999998	2
1.249792	1
1.250816	1
11.26656	9
2.505728	2
2.507776	2
3.7647359999999996	3
5.023744	4
5.027839999999999	4
1.257984	1
1.259008	1
2.520064	2
3.783168	3
2.5241599999999997	2
1.263104	1
6.32064	5
2.5303039999999997	2
2.532352	2
2.5343999999999998	2
3.8046719999999996	3
2.538496	2
1.2702719999999998	1
1.271296	1
1.27232	1
1.273344	1
3.823104	3
2.5507839999999997	2
1.276416	1
5.10976	4
3.8353919999999997	3
1.279488	1
1.2805119999999999	1
2.563072	2
2.56512	2
1.2835839999999998	1
2.569216	2
1.2856319999999999	1
2.573312	2
1.28768	1
1.2887039999999998	1
1.289728	1
1.290752	1
7.750655999999999	6
5.1712	4
3.881472	3
2.593792	2
1.29792	1
1.2989439999999999	1
5.199872	4
1.300992	1
5.21216	4
6.52032	5
1.305088	1
3.918336	3
5.228543999999999	4
3.927552	3
1.310208	1
1.3122559999999999	1
2.62656	2
1.314304	1
1.3153279999999998	1
5.265408	4
2.6347519999999998	2
5.2736	4
1.319424	1
1.3204479999999998	1
1.321472	1
3.967488	3
3.97056	3
3.973632	3
1.327616	1
3.9859199999999997	3
1.329664	1
1.3306879999999999	1
1.331712	1
3.998208	3
1.3337599999999998	1
2.669568	2
1.3358079999999999	1
2.673664	2
1.337856	1
1.3388799999999998	1
1.340928	1
4.025856	3
1.345024	1
2.692096	2
1.347072	1
2.696192	2
2.6982399999999997	2
1.350144	1
1.351168	1
4.056576	3
1.353216	1
1.356288	1
1.3573119999999999	1
2.716672	2
2.720768	2
2.7248639999999997	2
1.36448	1
1.3655039999999998	1
4.099584	3
1.368576	1
2.7412479999999997	2
2.743296	2
1.372672	1
4.121087999999999	3
1.37472	1
2.753536	2
1.378816	1
4.13952	3
1.381888	1
4.1487359999999995	3
4.151808	3
2.76992	2
6.94016	5
2.78016	2
1.391104	1
1.393152	1
2.7883519999999997	2
1.3952	1
4.191744	3
2.796544	2
2.7985919999999997	2
1.40032	1
2.8047359999999997	2
4.210176	3
1.4044159999999999	1
1.40544	1
1.406464	1
1.4074879999999999	1
1.408512	1
1.409536	1
1.41056	1
1.411584	1
1.4126079999999999	1
2.827264	2
1.4156799999999998	1
1.4177279999999999	1
4.256256	3
2.839552	2
2.843648	2
2.845696	2
1.423872	1
1.426944	1
1.4310399999999999	1
2.8682239999999997	2
2.870272	2
1.4361599999999999	1
1.438208	1
1.4392319999999998	1
4.320768	3
1.442304	1
1.443328	1
2.896896	2
1.4494719999999999	1
2.90304	2
1.453568	1
2.9091839999999998	2
1.455616	1
4.372992	3
1.458688	1
1.459712	1
1.464832	1
1.4658559999999998	1
1.46688	1
1.468928	1
4.4098559999999996	3
2.944	2
1.474048	1
1.4760959999999999	1
1.480192	1
2.96448	2
1.48736	1
1.4894079999999998	1
1.490432	1
4.47744	3
4.483584	3
2.991104	2
2.993152	2
2.9992959999999997	2
3.001344	2
1.501696	1
3.0095359999999998	2
1.505792	1
1.506816	1
4.5296639999999995	3
7.5545599999999995	5
3.034112	2
3.040256	2
1.524224	1
1.5262719999999999	1
1.529344	1
3.060736	2
3.0627839999999997	2
1.53344	1
4.61568	3
1.5395839999999998	1
1.540608	1
1.541632	1
3.08736	2
1.545728	1
1.547776	1
1.5488	1
1.55392	1
1.5549439999999999	1
3.1160319999999997	2
3.124224	2
1.56416	1
4.695552	3
1.5662079999999998	1
1.567232	1
3.1365119999999997	2
4.70784	3
1.572352	1
1.5744	1
1.5764479999999998	1
1.577472	1
1.580544	1
3.165184	2
3.171328	2
1.592832	1
1.593856	1
1.595904	1
1.596928	1
1.5979519999999998	1
1.5999999999999999	1
1.601024	1
1.6030719999999998	1
1.6051199999999999	1
1.609216	1
1.611264	1
1.612288	1
1.614336	1
1.617408	1
1.62048	1
4.8645119999999995	3
3.255296	2
1.6348159999999998	1
1.638912	1
1.6399359999999998	1
1.643008	1
1.6450559999999999	1
3.29216	2
3.294208	2
1.6501759999999999	1
3.3024	2
1.6532479999999998	1
3.318784	2
3.331072	2
1.6665599999999998	1
1.6716799999999998	1
1.6767999999999998	1
1.680896	1
1.682944	1
1.6870399999999999	1
1.696256	1
3.4109439999999998	2
5.137919999999999	3
1.714688	1
1.715712	1
3.43552	2
1.720832	1
1.724928	1
1.729024	1
1.734144	1
1.7351679999999998	1
3.4744319999999997	2
1.751552	1
1.7535999999999998	1
1.756672	1
1.7587199999999998	1
1.7638399999999999	1
3.535872	2
1.7689599999999999	1
1.771008	1
1.7720319999999998	1
1.773056	1
3.550208	2
1.781248	1
1.786368	1
1.78944	1
3.582976	2
3.58912	2
1.8037759999999998	1
1.807872	1
1.812992	1
1.8140159999999999	1
1.8242559999999999	1
1.833472	1
1.834496	1
1.839616	1
1.8488319999999998	1
1.860096	1
1.8611199999999999	1
1.862144	1
1.8641919999999998	1
3.736576	2
1.873408	1
1.878528	1
1.879552	1
1.8826239999999999	1
1.884672	1
1.893888	1
1.89696	1
1.9010559999999999	1
1.9041279999999998	1
1.9061759999999999	1
1.9072	1
1.908224	1
1.9092479999999998	1
1.913344	1
1.9143679999999998	1
1.915392	1
1.921536	1
1.9225599999999998	1
1.926656	1
1.9307519999999998	1
1.945088	1
1.9491839999999998	1
1.95328	1
1.9563519999999999	1
1.96352	1
1.9676159999999998	1
1.97376	1
1.9747839999999999	1
1.9778559999999998	1
1.97888	1
1.985024	1
1.992192	1
2.003456	1
2.013696	1
2.01984	1
2.02496	1
2.027008	1
2.028032	1
2.031104	1
2.041344	1
2.0423679999999997	1
2.049536	1
2.0556799999999997	1
2.062848	1
2.0792319999999997	1
2.084352	1
2.09664	1
2.11456	1
2.120704	1
2.1227519999999998	1
2.130944	1
2.1329919999999998	1
2.14528	1
2.157568	1
2.1596159999999998	1
2.169856	1
2.171904	1
2.173952	1
4.356096	2
2.180096	1
2.1964799999999998	1
2.2272	1
2.245632	1
2.24768	1
2.2497279999999997	1
2.29888	1
2.315264	1
2.3398399999999997	1
2.341888	1
2.343936	1
2.368512	1
2.384896	1
4.7738879999999995	2
2.4033279999999997	1
2.425856	1
2.499584	1
2.501632	1
2.5241599999999997	1
2.542592	1
2.558976	1
2.563072	1
2.56512	1
2.579456	1
2.620416	1
2.62656	1
2.6511359999999997	1
2.681856	1
2.683904	1
2.716672	1
2.7514879999999997	1
2.7678719999999997	1
2.8149759999999997	1
2.8313599999999997	1
2.8415999999999997	1
5.707776	2
2.880512	1
2.8928	1
2.9358079999999998	1
3.050496	1
3.0689279999999997	1
3.1795199999999997	1
3.2737279999999997	1
3.28192	1
3.378176	1
3.398656	1
3.472384	1
3.499008	1
3.6812799999999997	1
3.789824	1
3.830784	1
3.869696	1
7.79264	2
3.904512	1
8.005632	2
4.00896	1
4.0110079999999995	1
4.0192	1
4.025344	1
4.02944	1
4.0581119999999995	1
4.064255999999999	1
4.1216	1
4.237312	1
4.438016	1
4.458496	1
4.524032	1
4.61824	1
4.663296	1
4.7001599999999994	1
4.749312	1
4.7738879999999995	1
4.786176	1
4.851712	1
4.92544	1
4.950016	1
4.999168	1
5.163008	1
5.277696	1
5.371904	1
5.445632	1
5.6504319999999995	1
5.675008	1
5.707776	1
5.769216	1
5.896192	1
5.953536	1
12.079104	2
6.051839999999999	1
6.0723199999999995	1
6.21568	1
6.223872	1
6.240256	1
6.260736	1
6.289408	1
6.31808	1
6.428672	1
6.514688	1
6.531072	1
6.735872	1
6.817792	1
13.66016	2
6.842368	1
6.912	1
6.920192	1
7.2232959999999995	1
7.3216	1
7.522304	1
7.538688	1
7.620608	1
7.882752	1
7.890943999999999	1
7.985151999999999	1
8.026112	1
8.07936	1
8.41728	1
8.4992	1
8.744959999999999	1
10.129408	1
10.579968	1
10.760192	1
13.12768	1
14.028799999999999	1
14.381056	1
18.538496	1
19.177471999999998	1
19.193856	1
21.864448	1
21.9136	1
24.911872	1
26.976256	1
27.697152	1
27.746304	1
27.779072	1
28.155904	1
28.352511999999997	1
28.565503999999997	1
29.073407999999997	1
58.5728	2
29.433856	1
29.450239999999997	1
29.532159999999998	1
29.564928	1
29.908991999999998	1
30.056448	1
30.138368	1
30.18752	1
30.26944	1
60.70272	2
30.367744	1
30.416895999999998	1
30.466047999999997	1
30.59712	1
30.760959999999997	1
31.154176	1
46.546943999999996	1
52.707328	1
53.035008	1
53.493759999999995	1
55.296	1
56.508416	1
56.803328	1
56.9344	1
57.294847999999995	1
57.688064	1
57.91744	1
57.950207999999996	1
57.982976	1
58.015744	1
58.671104	1
59.391999999999996	1
59.88352	1
60.178432	1
60.243967999999995	1
60.276736	1
60.309504	1
60.342271999999994	1
60.440576	1
181.420032	3
60.506111999999995	1
60.53888	1
60.801024	1
182.59967999999998	3
60.899328	1
60.932095999999994	1
60.964864	1
61.0304	1
122.126336	2
61.095935999999995	1
61.128704	1
61.390848	1
61.489152	1
61.652992	1
61.685759999999995	1
61.816832	1
61.849599999999995	1
61.882368	1
62.308352	1
62.373887999999994	1
64.831488	1
76.05452799999999	1
76.51328	1
77.365248	1
0.370816	1
0.37695999999999996	1
0.38361599999999996	1
0.386944	1
0.387968	1
0.38848	1
0.39155199999999996	1
0.392576	1
0.39743999999999996	1
0.39999999999999997	1
0.403072	1
0.40409599999999996	1
0.40460799999999997	1
1.216896	3
0.406912	1
0.40921599999999997	1
0.409472	1
0.41024	1
0.821504	2
0.41126399999999996	1
0.41152	1
0.823552	2
0.8240639999999999	2
0.41382399999999997	1
0.82816	2
0.41587199999999996	1
0.416128	1
0.41715199999999997	1
0.835328	2
0.837376	2
0.419456	1
0.420736	1
0.420992	1
1.263744	3
0.422016	1
0.844544	2
0.84864	2
0.42457599999999995	1
0.8501759999999999	2
0.425344	1
0.4256	1
0.42585599999999996	1
1.7054719999999999	4
1.2829439999999999	3
0.427904	1
0.42816	1
0.428672	1
0.428928	1
0.85888	2
0.42969599999999997	1
0.429952	1
0.860416	2
0.431488	1
0.432	1
0.432768	1
0.8660479999999999	2
0.43328	1
0.43379199999999996	1
1.73824	4
0.870656	2
0.43558399999999997	1
0.43584	1
0.872192	2
0.436608	1
0.436864	1
0.874752	2
0.875776	2
0.43839999999999996	1
0.43891199999999997	1
0.439424	1
0.8793599999999999	2
1.320576	3
1.761792	4
0.440704	1
0.44095999999999996	1
0.441216	1
0.882944	2
0.883968	2
0.44223999999999997	1
0.884992	2
0.442752	1
1.773056	4
0.8885759999999999	2
0.889088	2
1.3344	3
0.445056	1
0.44556799999999996	1
1.783296	4
1.7853439999999998	4
1.340544	3
1.788416	4
1.34208	3
0.44761599999999996	1
1.344384	3
0.896768	2
1.34592	3
1.796608	4
0.449408	1
0.8993279999999999	2
1.3497599999999998	3
0.45017599999999997	1
0.900864	2
2.25344	5
0.9024	2
0.9029119999999999	2
1.355136	3
0.903936	2
0.9044479999999999	2
1.35744	3
1.3582079999999999	3
0.905984	2
2.26624	5
0.45350399999999996	1
1.362048	3
0.45427199999999995	1
0.909056	2
0.45478399999999997	1
0.910592	2
1.8222079999999998	4
0.455808	1
1.8242559999999999	4
0.91264	2
2.7394559999999997	6
0.45683199999999996	1
0.457088	1
0.457344	1
1.8304	4
1.373568	3
1.374336	3
1.3751039999999999	3
0.917248	2
0.459136	1
0.45939199999999997	1
0.919296	2
0.919808	2
1.841664	4
1.382016	3
2.30464	5
1.844736	4
0.46143999999999996	1
1.3850879999999999	3
1.3866239999999999	3
0.462464	1
0.46271999999999996	1
0.462976	1
0.46348799999999996	1
0.927488	2
1.392	3
0.464256	1
1.858048	4
0.9295359999999999	2
0.930048	2
0.9305599999999999	2
0.931072	2
0.931584	2
0.46604799999999996	1
0.466304	1
0.93312	2
1.400448	3
0.934144	2
0.9346559999999999	2
0.935168	2
0.46784	1
1.8723839999999998	4
0.468352	1
0.9372159999999999	2
0.937728	2
1.87648	4
1.408128	3
0.469632	1
1.409664	3
1.410432	3
1.4112	3
0.47065599999999996	1
1.412736	3
1.884672	4
0.47142399999999995	1
0.47168	1
2.35968	5
1.4165759999999998	3
1.889792	4
0.9454079999999999	2
0.94592	2
0.9464319999999999	2
1.893888	4
1.894912	4
0.47398399999999996	1
0.47424	1
2.37248	5
0.9495039999999999	2
1.900032	4
0.9505279999999999	2
0.47552	1
0.951552	2
0.47603199999999996	1
0.952576	2
1.9061759999999999	4
1.4304	3
1.431168	3
1.9092479999999998	4
2.3878399999999997	5
0.9556479999999999	2
0.95616	2
2.39168	5
0.47859199999999996	1
2.39424	5
1.437312	3
0.9587199999999999	2
0.479616	1
1.9194879999999999	4
2.40064	5
1.921536	4
1.4419199999999999	3
0.961792	2
1.9246079999999999	4
3.369856	7
1.4449919999999998	3
0.48191999999999996	1
0.964352	2
1.447296	3
0.9653759999999999	2
0.482944	1
1.4496	3
2.9007359999999998	6
0.483712	1
0.9679359999999999	2
0.484224	1
1.9379199999999999	4
1.938944	4
2.42496	5
1.455744	3
0.485504	1
2.4288	5
2.43008	5
2.917632	6
1.9461119999999998	4
0.486784	1
1.94816	4
0.9745919999999999	2
0.975104	2
0.9756159999999999	2
3.416448	7
1.95328	4
0.48857599999999995	1
1.955328	4
2.44544	5
1.468032	3
1.9584	4
1.9594239999999998	4
0.490112	1
1.9614719999999999	4
1.4718719999999998	3
1.47264	3
0.49113599999999996	1
1.965568	4
0.491648	1
1.475712	3
0.49216	1
1.970688	4
0.492928	1
1.479552	3
1.4803199999999999	3
1.9747839999999999	4
2.9637119999999997	6
0.988416	2
0.9889279999999999	2
2.4736	5
1.485696	3
1.486464	3
1.4872319999999999	3
0.992	2
2.48128	5
0.49651199999999995	1
0.993536	2
0.9940479999999999	2
1.4918399999999998	3
0.497536	1
1.9911679999999998	4
2.49024	5
0.49830399999999997	1
0.49856	1
1.496448	3
2.49536	5
1.997312	4
1.4987519999999999	3
2.99904	6
2.000384	4
1.501056	3
1.0012159999999999	2
3.506048	7
0.50112	1
1.0027519999999999	2
0.501632	1
1.505664	3
4.017151999999999	8
1.5071999999999999	3
1.005312	2
0.502912	1
1.509504	3
0.503424	1
1.51104	3
2.5196799999999997	5
2.016768	4
1.513344	3
2.52352	5
2.5248	5
2.52608	5
3.5383039999999997	7
1.5171839999999999	3
1.011968	2
1.01248	2
2.025984	4
2.027008	4
1.014016	2
3.550848	7
0.507776	1
1.524096	3
2.54272	5
1.0176	2
2.036224	4
2.54656	5
2.54784	5
2.0392959999999998	4
3.0604799999999996	6
1.020672	2
1.531776	3
1.532544	3
2.044416	4
3.0681599999999998	6
1.023232	2
1.023744	2
1.536384	3
0.512384	1
2.5631999999999997	5
1.539456	3
2.56704	5
2.054656	4
3.08352	6
4.113408	8
2.057728	4
0.5146879999999999	1
0.514944	1
3.0911999999999997	6
3.092736	6
1.031424	2
0.515968	1
1.5486719999999998	3
2.5824	5
2.066944	4
0.516992	1
2.58624	5
1.035008	2
0.51776	1
2.59008	5
1.554816	3
1.037056	2
2.075136	4
2.5951999999999997	5
2.077184	4
2.59776	5
2.59904	5
3.120384	6
2.08128	4
0.5205759999999999	1
2.60416	5
1.042176	2
2.085376	4
1.0432	2
1.5655679999999998	3
1.044224	2
4.1789439999999995	8
3.135744	6
1.56864	3
1.0462719999999999	2
2.093568	4
3.665536	7
3.143424	6
2.09664	4
5.769984	11
4.200448	8
2.62784	5
6.83904	13
5.2659199999999995	10
1.5813119999999998	3
2.63808	5
4.753152	9
3.7004799999999998	7
4.233216	8
6.355968	12
8.482816	16
6.898943999999999	13
4.2496	8
5.31712	10
4.790016	9
3.729152	7
1.0664959999999999	2
5.3376	10
1.602816	3
3.7434879999999997	7
3.211776	6
9.644544	18
8.0448	15
4.831487999999999	9
5.3734399999999996	10
6.992128	13
4.845312	9
3.2332799999999997	6
5.39392	10
4.8591359999999995	9
5.944576	11
5.40928	10
4.331519999999999	8
6.503424	12
6.509568	12
7.6016639999999995	14
1.630464	3
5.4399999999999995	10
7.078656	13
4.360192	8
3.818752	7
3.2762879999999996	6
5.465599999999999	10
7.659008	14
8.761344	16
7.125248	13
6.583296	12
3.8438399999999997	7
3.8474239999999997	7
4.401152	8
5.5065599999999995	10
3.3070079999999997	6
6.06848	11
8.835072	16
6.079744	11
5.53216	10
6.0910079999999995	11
7.20512	13
4.438016	8
6.1079039999999996	11
5.001984	9
5.0065919999999995	9
5.0112	9
8.916992	16
3.904768	7
6.700031999999999	12
6.147328	11
4.47488	8
6.718464	12
6.724608	12
3.926272	7
3.929856	7
6.74304	12
8.998911999999999	16
3.3776639999999998	6
6.198016	11
5.075711999999999	9
3.9513599999999998	7
8.474879999999999	15
5.089536	9
5.094144	9
3.399168	6
5.6704	10
7.378176	13
2.8403199999999997	5
3.980032	7
4.552703999999999	8
3.4175999999999997	6
6.2712319999999995	11
7.418112	13
6.853631999999999	12
6.2881279999999995	11
4.00512	7
4.008704	7
4.012288	7
5.163264	9
4.5936639999999995	8
7.47136	13
6.327552	11
1.1514879999999998	2
5.76256	10
5.190912	9
4.61824	8
3.466752	6
5.204736	9
3.472896	6
5.213952	9
3.47904	6
6.964224	12
5.2277759999999995	9
6.395136	11
5.81888	10
6.4064	11
5.246208	9
2.3336959999999998	4
4.671488	8
7.597823999999999	13
5.26464	9
3.512832	6
4.687872	8
7.037952	12
5.87008	10
2.9375999999999998	5
4.116224	7
4.119808	7
8.83584	15
3.5374079999999997	6
4.7206399999999995	8
5.315328	9
5.91104	10
6.507776	11
1.776384	3
3.55584	6
7.117824	12
6.530304	11
7.130112	12
7.730944	13
5.3568	9
7.744256	13
2.9811199999999998	5
5.967359999999999	10
7.764224	13
5.37984	9
4.187904	7
4.790272	8
3.595776	6
4.798464	8
7.8041599999999995	13
7.810816	13
3.00672	5
7.222271999999999	12
4.216576	7
6.0287999999999995	10
8.447488	14
4.227328	7
3.626496	6
3.629568	6
7.8707199999999995	13
5.453568	9
4.245248	7
6.676736	11
5.467391999999999	9
4.256	7
7.9106559999999995	13
4.872192	8
4.876288	8
7.930624	13
4.2739199999999995	7
2.444288	4
4.281088	7
6.7330559999999995	11
4.288256	7
6.74432	11
9.20448	15
4.913152	8
6.14656	10
4.9213439999999995	8
4.30976	7
6.778112	11
3.700224	6
6.17216	10
4.9418239999999996	8
6.80064	11
6.18752	10
3.7155839999999998	6
4.338432	7
5.582592	9
4.3456	7
6.834432	11
6.21824	10
5.601024	9
5.605632	9
1.24672	2
3.11936	5
3.12192	5
6.248959999999999	10
8.755711999999999	14
6.88512	11
7.517183999999999	12
6.2694399999999995	10
2.509824	4
4.395776	7
8.79872	14
6.2899199999999995	10
6.924544	11
4.410112	7
1.891584	3
3.1552	5
6.9470719999999995	11
2.528256	4
5.693184	9
3.7985279999999997	6
3.8015999999999996	6
2.536448	4
5.076992	8
1.905408	3
3.1782399999999997	5
4.45312	7
5.730048	9
2.548736	4
7.014656	11
4.467455999999999	7
3.8323199999999997	6
5.753088	9
5.117952	8
5.1220479999999995	8
5.126144	8
4.48896	7
4.492544	7
4.496128	7
5.1425279999999995	8
5.7899519999999995	9
4.50688	7
5.154815999999999	8
3.8691839999999997	6
3.8722559999999997	6
4.521216	7
7.756799999999999	12
5.822208	9
3.23712	5
3.887616	6
5.187584	8
5.19168	8
3.896832	6
5.199872	8
5.203968	8
4.557056	7
6.5152	10
1.9560959999999998	3
5.220352	8
3.2652799999999997	5
5.228543999999999	8
3.2704	5
5.236736	8
4.585728	7
5.244928	8
3.28064	5
3.2832	5
5.257216	8
5.918976	9
5.265408	8
6.58688	10
2.6368	4
3.2985599999999997	5
5.281791999999999	8
1.982208	3
1.322496	2
5.29408	8
7.284992	11
5.965056	9
2.653184	4
2.655232	4
7.307519999999999	11
2.659328	4
3.32672	5
3.32928	5
1.332736	2
1.3337599999999998	2
4.004352	6
4.007423999999999	6
2.673664	4
6.020352	9
2.00832	3
2.679808	4
4.022784	6
2.683904	4
5.371904	8
3.36	5
4.707584	7
2.692096	4
5.388288	8
3.37024	5
4.72192	7
5.400576	8
4.053504	6
3.38048	5
3.38304	5
1.3542399999999999	2
2.710528	4
4.068864	6
6.1079039999999996	9
3.3958399999999997	5
6.796799999999999	10
4.761343999999999	7
6.80704	10
7.493376	11
9.544191999999999	14
4.09344	6
6.82752	10
4.099584	6
4.102656	6
5.474304	8
5.4784	8
4.111872	6
4.800768	7
3.43168	5
4.807936	7
4.81152	7
5.502975999999999	8
6.195456	9
5.511168	8
5.515264	8
8.27904	12
2.071296	3
2.072832	3
2.765824	4
4.843776	7
2.76992	4
4.157952	6
4.161023999999999	6
4.164096	6
7.6398079999999995	11
3.4751999999999996	5
4.173312	6
6.264576	9
6.269184	9
3.4854399999999996	5
5.5808	8
2.0943359999999998	3
4.191744	6
5.593088	8
5.5971839999999995	8
4.90112	7
6.306048	9
2.8047359999999997	4
2.806784	4
2.8088319999999998	4
2.81088	4
7.0323199999999995	10
6.333696	9
8.451072	12
4.2286079999999995	6
4.93696	7
2.823168	4
4.237824	6
1.413632	2
5.658624	8
0.7078399999999999	1
2.833408	4
4.962047999999999	7
7.803135999999999	11
3.5494399999999997	5
6.393599999999999	9
4.265472	6
4.9799679999999995	7
4.271616	6
4.987136	7
3.5648	5
4.994304	7
3.5699199999999998	5
2.857984	4
7.15008	10
5.00864	7
7.16032	10
5.732352	8
2.8682239999999997	4
5.740544	8
3.5904	5
2.155776	3
2.876416	4
5.037312	7
8.641536	12
6.48576	9
6.490368	9
4.329984	6
5.777407999999999	8
7.949567999999999	11
6.5088	9
3.61856	5
2.896896	4
5.7978879999999995	8
6.527232	9
5.0803199999999995	7
4.357632	6
7.26784	10
5.8183679999999995	8
3.63904	5
10.19648	14
5.830655999999999	8
7.2934399999999995	10
3.6492799999999996	5
4.382207999999999	6
1.46176	2
5.119744	7
2.927616	4
1.464832	2
5.863423999999999	8
8.06784	11
0.7339519999999999	1
7.34464	10
3.67488	5
4.412928	6
6.624	9
1.473024	2
5.159168	7
4.425216	6
5.166335999999999	7
5.90848	8
5.173503999999999	7
5.916672	8
5.920768	8
5.9248639999999995	8
3.7056	5
4.4497919999999995	6
2.9685759999999997	4
0.742656	1
5.9453439999999995	8
2.97472	4
5.953536	8
5.212928	7
4.471296	6
2.237184	3
6.7161599999999995	9
8.214272	11
6.725376	9
7.47776	10
5.238016	7
3.7439999999999998	5
7.493119999999999	10
5.248768	7
0.750336	1
6.006784	8
5.25952	7
1.503744	2
3.0095359999999998	4
2.258688	3
8.287488	11
5.2774399999999995	7
7.54432	10
2.2648319999999997	3
6.043648	8
5.291776	7
3.0259199999999997	4
7.56992	10
9.847552	13
3.0320639999999996	4
6.068224	8
6.0723199999999995	8
6.076416	8
6.080512	8
7.60576	10
6.088704	8
5.3312	7
4.572672	6
4.575743999999999	6
6.105087999999999	8
4.581888	6
4.58496	6
5.352704	7
5.356288	7
7.65696	10
3.064832	4
5.367039999999999	7
7.67232	10
10.748415999999999	14
3.0730239999999998	4
5.3813759999999995	7
7.6928	10
4.618752	6
8.473343999999999	11
3.083264	4
3.085312	4
3.8592	5
6.178815999999999	8
4.6371839999999995	6
4.640256	6
7.73888	10
8.5184	11
6.974208	9
8.529664	11
4.655616	6
8.540928	11
3.8848	5
6.2197759999999995	8
7.001856	9
8.563456	11
7.79008	10
2.3385599999999998	3
7.800319999999999	10
4.683263999999999	6
6.248448	8
9.378815999999999	12
7.820799999999999	10
5.4781439999999995	7
3.91552	5
6.268928	8
7.057151999999999	9
7.06176	9
2.3554559999999998	3
3.92832	5
3.9308799999999997	5
7.080191999999999	9
3.936	5
5.513984	7
7.094016	9
8.676096	11
8.681728	11
5.52832	7
2.370816	3
5.535488	7
6.330368	8
10.293503999999999	13
4.75392	6
5.549824	7
7.140096	9
4.763135999999999	6
11.121152	14
6.359039999999999	8
4.772352	6
3.97952	5
9.556992	12
4.781568	6
6.379519999999999	8
1.595904	2
6.387712	8
6.391807999999999	8
2.3984639999999997	3
7.199999999999999	9
7.2046079999999995	9
4.806144	6
1.6030719999999998	2
11.228672	14
4.0127999999999995	5
6.424576	8
8.03584	10
7.236864	9
4.02304	5
10.46656	13
6.445056	8
5.643008	7
8.066559999999999	10
5.650176	7
4.84608	6
4.849152	6
4.852224	6
8.09216	10
4.04864	5
8.91264	11
9.729023999999999	12
4.867584	6
7.305984	9
2.436864	3
3.2512	4
4.879872	6
6.510592	8
4.07168	5
2.444544	3
6.52288	8
9.790464	12
5.714688	7
9.802752	12
4.9044479999999995	6
8.997119999999999	11
3.2737279999999997	4
4.913664	6
9.833472	12
6.559743999999999	8
10.66624	13
5.746944	7
7.393536	9
8.22016	10
4.935168	6
4.1152	5
5.764863999999999	7
4.1203199999999995	5
4.122879999999999	5
4.950527999999999	6
9.9072	12
7.435008	9
6.612991999999999	8
6.617088	8
5.793536	7
9.10976	11
4.972032	6
6.633471999999999	8
3.318784	4
12.45312	15
7.47648	9
5.818624	7
6.653951999999999	8
3.329024	4
2.498304	3
12.4992	15
5.836544	7
7.508736	9
4.17408	5
11.694592	14
6.686719999999999	8
3.345408	4
8.36864	10
6.699008	8
5.865215999999999	7
7.545599999999999	9
5.872383999999999	7
7.554816	9
10.919167999999999	13
8.40448	10
6.727679999999999	8
8.414719999999999	10
10.103807999999999	12
6.739967999999999	8
5.901056	7
7.591679999999999	9
6.752256	8
1.689088	2
5.070336	6
5.073408	6
6.7686399999999995	8
8.465919999999999	10
5.929728	7
6.780927999999999	8
5.936896	7
9.33504	11
5.944064	7
9.346304	11
2.550528	3
4.253439999999999	5
10.2144	12
6.813695999999999	8
10.226688	12
8.52736	10
7.679232	9
11.09888	13
8.54272	10
6.838272	8
2.5658879999999997	3
5.9906559999999995	7
6.85056	8
6.854655999999999	8
5.144064	6
5.147136	6
12.017152	14
6.01216	7
4.2969599999999994	5
8.59904	10
3.441664	4
6.026496	7
10.33728	12
9.481472	11
6.037248	7
6.040832	7
9.498368	11
5.184	6
11.238655999999999	13
1.730048	2
4.32768	5
10.392576	12
8.6656	10
10.404864	12
8.675839999999999	10
6.944768	8
6.9488639999999995	8
11.29856	13
6.957056	8
6.961151999999999	8
8.70656	10
8.71168	10
0.87168	1
6.977536	8
6.108928	7
6.112512	7
7.863551999999999	9
2.6227199999999997	3
9.622271999999999	11
4.37632	5
2.627328	3
7.010304	8
6.1376	7
7.895808	9
9.656063999999999	11
11.418368	13
6.151936	7
6.15552	7
6.159104	7
6.162687999999999	7
5.285375999999999	6
8.814079999999999	10
7.055359999999999	8
6.177023999999999	7
6.180607999999999	7
7.067647999999999	8
12.375551999999999	14
4.4224	5
3.539968	4
10.626047999999999	12
7.974144	9
9.751807999999999	11
8.8704	10
10.650623999999999	12
6.216448	7
6.220032	7
7.112704	8
8.0064	9
4.450559999999999	5
3.562496	4
3.5645439999999997	4
7.133184	8
8.9216	10
10.712064	12
4.46592	5
8.93696	10
12.518912	14
7.15776	8
9.847552	11
4.47872	5
7.1700479999999995	8
7.174144	8
8.9728	10
4.48896	5
10.779648	12
8.988159999999999	10
8.093952	9
7.19872	8
7.202815999999999	8
7.206912	8
0.901376	1
6.313216	7
5.4144	6
5.417472	6
8.130816	9
9.943296	11
10.853375999999999	12
6.33472	7
6.338304	7
7.247872	8
8.158464	9
7.256063999999999	8
8.167679999999999	9
9.08032	10
8.176896	9
10.908672	12
6.366975999999999	7
5.46048	6
7.284736	8
10.933247999999999	12
7.292928	8
9.121279999999999	10
4.5632	5
6.3920639999999995	7
7.309311999999999	8
6.399232	7
9.14688	10
3.6608	4
8.241408	9
3.6648959999999997	4
7.333888	8
6.420736	7
6.42432	7
5.509632	6
3.6751359999999997	4
7.354368	8
8.278272	9
8.28288	9
5.524992	6
12.898816	14
7.374848	8
8.301312	9
6.46016	7
5.5403519999999995	6
7.391232	8
8.319744	9
7.399424	8
2.7763199999999997	3
6.481663999999999	7
9.26464	10
8.342784	9
5.564928	6
7.4239999999999995	8
8.356608	9
5.5741439999999995	6
9.295359999999999	10
5.5802879999999995	6
5.58336	6
8.379648	9
4.65792	5
8.388864	9
10.258688	11
6.53184	7
8.402688	9
13.078016	14
3.7386239999999997	4
9.35168	10
2.8070399999999998	3
6.553344	7
5.620223999999999	6
7.4977279999999995	8
10.315007999999999	11
3.75296	4
3.7550079999999997	4
8.453376	9
7.518208	8
8.462591999999999	9
3.7632	4
7.530495999999999	8
5.650944	6
5.6540159999999995	6
4.71424	5
7.54688	8
4.71936	5
5.666303999999999	6
4.72448	5
3.7816319999999997	4
6.62144	7
6.625024	7
3.787776	4
5.684736	6
6.635776	7
5.69088	6
5.6939519999999995	6
4.74752	5
6.650112	7
7.604223999999999	8
5.706239999999999	6
4.75776	5
3.8082559999999996	4
7.620608	8
8.577791999999999	9
4.768	5
5.724672	6
3.8184959999999997	4
3.820544	4
8.600832	9
4.7808	5
6.6967039999999995	7
6.700288	7
3.830784	4
5.749248	6
2.87616	3
7.673856	8
11.516928	12
5.7615359999999995	6
3.843072	4
7.690239999999999	8
7.694336	8
7.6984319999999995	8
3.851264	4
7.706624	8
3.8553599999999997	4
4.821759999999999	5
4.82432	5
7.723007999999999	8
7.727104	8
4.832	5
8.702207999999999	9
7.739392	8
3.8717439999999996	4
0.968448	1
3.8758399999999997	4
5.816832	6
6.7898879999999995	7
2.911488	3
3.884032	4
2.91456	3
8.748287999999999	9
7.780352	8
4.865279999999999	5
6.814976	7
3.89632	4
2.9237759999999997	3
2.925312	3
4.87808	5
2.928384	3
5.85984	6
2.931456	3
5.865984	6
2.934528	3
4.89344	5
12.7296	13
4.89856	5
9.80224	10
3.9229439999999998	4
1.962496	2
0.98176	1
3.9290879999999997	4
0.982784	1
0.983296	1
3.9352319999999996	4
2.95296	3
3.9393279999999997	4
1.970688	2
5.9151359999999995	6
6.904576	7
5.921279999999999	6
4.93696	5
3.951616	4
5.930496	6
2.966784	3
10.88384	11
2.969856	3
5.942784	6
5.945856	6
3.9659519999999997	4
3.968	4
0.992512	1
5.958144	6
2.9806079999999997	3
2.982144	3
5.967359999999999	6
5.970432	6
1.9911679999999998	2
0.996096	1
7.9728639999999995	8
9.9712	10
8.978688	9
6.987007999999999	7
3.994624	4
1.998336	2
6.9977599999999995	7
4.000768	4
3.002112	3
4.006912	4
3.00672	3
4.0110079999999995	4
5.0163199999999994	5
5.018879999999999	5
4.017151999999999	4
7.0336	7
4.021248	4
4.023296	4
3.019008	3
3.0205439999999997	3
6.04416	6
4.0314879999999995	4
5.04192	5
6.053376	6
5.04704	5
4.03968	4
4.041728	4
7.076607999999999	7
7.080191999999999	7
4.047872	4
4.04992	4
5.06496	5
2.027008	2
3.042048	3
5.07264	5
3.04512	3
2.031104	2
3.048192	3
7.116032	7
6.1056	6
5.09056	5
8.148992	8
8.153088	8
3.058944	3
6.120959999999999	6
3.062016	3
6.127104	6
2.043392	2
4.088832	4
4.090879999999999	4
6.139392	6
3.0712319999999997	3
5.12128	5
5.1238399999999995	5
8.20224	8
7.180543999999999	7
4.1052159999999995	4
5.13408	5
2.054656	2
3.08352	3
5.14176	5
3.086592	3
4.117503999999999	4
6.179328	6
4.1216	4
4.123648	4
3.0942719999999997	3
3.095808	3
5.16224	5
3.09888	3
1.033472	1
4.135936	4
3.103488	3
1.035008	1
4.14208	4
5.18016	5
3.109632	3
2.074112	2
5.1903999999999995	5
4.154368	4
3.1173119999999996	3
5.19808	5
3.120384	3
4.16256	4
9.370368	9
1.041664	1
5.2108799999999995	5
6.2561279999999995	6
5.216	5
5.21856	5
4.176896	4
7.313152	7
1.04576	1
4.1850879999999995	4
2.093568	2
6.283776	6
6.286848	6
2.09664	2
12.589056	12
6.300672	6
7.357952	7
4.20864	4
11.585023999999999	11
3.1626239999999997	3
9.497088	9
7.3937919999999995	7
7.4009599999999995	7
6.349824	6
2.118656	2
8.482816	8
4.2455039999999995	4
4.2496	4
5.31712	5
5.32224	5
3.1964159999999997	3
7.465471999999999	7
3.20256	3
4.274176	4
6.417408	6
8.564736	8
7.5013119999999995	7
2.14528	2
6.441984	6
6.448128	6
3.227136	3
3.2302079999999997	3
3.2332799999999997	3
6.472703999999999	6
2.1596159999999998	2
6.484992	6
6.491136	6
6.49728	6
4.335616	4
5.42464	5
6.515712	6
3.260928	3
5.4399999999999995	5
3.2670719999999998	3
8.720384	8
3.2732159999999997	3
9.828864	9
5.465599999999999	5
5.47072	5
2.190336	2
6.577152	6
4.388864	4
7.687679999999999	7
7.6948479999999995	7
3.300864	3
5.5065599999999995	5
6.6140159999999995	6
3.3100799999999997	3
4.417536	4
4.421632	4
4.425727999999999	4
7.752192	7
8.86784	8
3.328512	3
7.773695999999999	7
2.2231039999999997	2
3.337728	3
6.6815999999999995	6
6.6877439999999995	6
6.693887999999999	6
11.16672	10
4.470784	4
5.5935999999999995	5
6.718464	6
3.362304	3
2.243584	2
3.368448	3
4.49536	4
6.749184	6
7.881215999999999	7
10.142208	9
3.3838079999999997	3
9.03168	8
7.909888	7
5.65504	5
3.396096	3
3.399168	3
4.53632	4
4.540416	4
4.544512	4
7.960064	7
4.552703999999999	4
1.1392	1
2.280448	2
5.706239999999999	5
4.569088	4
6.859776	6
2.28864	2
4.581376	4
5.73184	5
3.442176	3
10.335744	9
1.14944	1
3.451392	3
4.605951999999999	4
1.152512	1
5.7728	5
4.622336	4
3.469824	3
2.315264	2
4.634624	4
1.160704	1
5.80864	5
3.488256	3
3.4913279999999998	3
3.4943999999999997	3
3.4974719999999997	3
7.001087999999999	6
4.671488	4
4.675584	4
4.679679999999999	4
7.025664	6
9.375744	8
2.345984	2
3.522048	3
4.7001599999999994	4
2.352128	2
3.5312639999999997	3
3.5343359999999997	3
4.716544	4
8.26112	7
2.362368	2
1.182208	1
2.3664639999999997	2
5.921279999999999	5
3.55584	3
3.558912	3
5.93664	5
3.565056	3
3.5681279999999997	3
3.5711999999999997	3
9.531392	8
5.9622399999999995	5
3.580416	3
4.777984	4
4.78208	4
7.179264	6
2.395136	2
3.595776	3
2.399232	2
6.008319999999999	5
1.202688	1
1.204736	1
3.61728	3
2.4135679999999997	2
1.207808	1
2.417664	2
4.839424	4
2.42176	2
4.8476159999999995	4
2.425856	2
2.427904	2
3.6449279999999997	3
2.432	2
3.6510719999999997	3
4.872192	4
2.438144	2
4.880383999999999	4
3.66336	3
2.444288	2
3.669504	3
1.224192	1
2.4504319999999997	2
4.90496	4
1.227264	1
2.456576	2
4.917248	4
4.9213439999999995	4
7.38816	6
3.697152	3
3.700224	3
1.234432	1
4.94592	4
2.475008	2
2.479104	2
4.962304	4
3.7247999999999997	3
3.7278719999999996	3
1.2436479999999999	1
1.244672	1
1.24672	1
3.743232	3
2.4975359999999998	2
2.499584	2
1.250816	1
3.7555199999999997	3
2.505728	2
5.015552	4
5.019648	4
2.511872	2
2.515968	2
5.036032	4
5.040128	4
1.2620799999999999	1
5.056512	4
6.32576	5
2.532352	2
1.2671999999999999	1
3.8046719999999996	3
2.538496	2
6.35136	5
3.813888	3
2.54464	2
2.546688	2
1.274368	1
1.2753919999999999	1
2.552832	2
2.55488	2
3.8353919999999997	3
6.39744	5
6.402559999999999	5
3.844608	3
2.56512	2
2.5671679999999997	2
1.28768	1
1.2887039999999998	1
2.581504	2
3.8753279999999997	3
3.8783999999999996	3
2.5876479999999997	2
2.589696	2
6.47936	5
5.19168	4
1.2989439999999999	1
2.601984	2
1.3020159999999998	1
1.30304	1
1.304064	1
1.305088	1
6.5305599999999995	5
3.921408	3
1.30816	1
1.309184	1
1.310208	1
1.311232	1
1.3122559999999999	1
1.31328	1
6.57152	5
2.6306559999999997	2
1.316352	1
1.3173759999999999	1
2.6368	2
2.638848	2
1.3204479999999998	1
2.644992	2
2.64704	2
2.649088	2
2.653184	2
2.655232	2
5.318656	4
1.3306879999999999	1
2.663424	2
1.332736	1
2.6675199999999997	2
4.004352	3
1.3358079999999999	1
4.013568	3
2.6777599999999997	2
4.019712	3
1.340928	1
2.683904	2
2.6879999999999997	2
5.384192	4
1.347072	1
2.700288	2
4.053504	3
4.056576	3
2.706432	2
1.3542399999999999	1
2.710528	2
1.356288	1
4.07808	3
2.720768	2
1.3624319999999999	1
1.36448	1
2.7310079999999997	2
2.733056	2
2.737152	2
1.3696	1
1.3706239999999998	1
2.745344	2
2.747392	2
2.74944	2
1.3757439999999999	1
2.753536	2
5.511168	4
1.378816	1
4.142592	3
2.763776	2
1.382912	1
2.7678719999999997	2
2.76992	2
2.774016	2
1.388032	1
2.7781119999999997	2
1.39008	1
2.782208	2
1.3941759999999999	1
1.3952	1
1.396224	1
8.383488	6
4.194815999999999	3
2.7985919999999997	2
1.401344	1
2.8088319999999998	2
1.40544	1
4.219392	3
1.408512	1
2.819072	2
1.41056	1
1.411584	1
2.827264	2
1.414656	1
4.24704	3
1.4177279999999999	1
2.837504	2
1.419776	1
1.4207999999999998	1
1.422848	1
7.1193599999999995	5
1.4259199999999999	1
1.426944	1
1.427968	1
1.428992	1
1.4310399999999999	1
2.864128	2
2.866176	2
2.8682239999999997	2
2.870272	2
1.437184	1
1.4392319999999998	1
2.880512	2
2.886656	2
1.4443519999999999	1
1.445376	1
1.4464	1
1.448448	1
2.8989439999999997	2
1.450496	1
2.9050879999999997	2
1.453568	1
1.455616	1
2.91328	2
1.4576639999999998	1
1.458688	1
2.921472	2
2.9255679999999997	2
2.93376	2
2.9358079999999998	2
1.468928	1
1.4709759999999998	1
1.472	1
1.473024	1
4.425216	3
1.4760959999999999	1
1.479168	1
1.480192	1
1.4812159999999999	1
1.48224	1
2.966528	2
4.4559359999999995	3
1.4863359999999999	1
1.488384	1
1.4894079999999998	1
2.98496	2
1.493504	1
5.982208	4
1.4976	1
1.498624	1
1.501696	1
1.5027199999999998	1
1.503744	1
3.0156799999999997	2
3.017728	2
1.511936	1
1.513984	1
1.5180799999999999	1
1.520128	1
1.5211519999999998	1
1.522176	1
3.048448	2
1.525248	1
1.527296	1
1.5344639999999998	1
1.53856	1
1.5395839999999998	1
1.540608	1
4.627968	3
1.5447039999999999	1
1.547776	1
1.551872	1
1.5528959999999998	1
1.5549439999999999	1
1.5580159999999998	1
1.561088	1
1.562112	1
1.56416	1
1.565184	1
1.5682559999999999	1
3.140608	2
1.5744	1
1.5764479999999998	1
1.578496	1
3.165184	2
3.167232	2
1.5866879999999999	1
1.587712	1
1.591808	1
3.185664	2
1.602048	1
1.606144	1
3.214336	2
1.6081919999999998	1
3.222528	2
1.612288	1
1.6133119999999999	1
1.6163839999999998	1
1.617408	1
3.2368639999999997	2
1.62048	1
1.6215039999999998	1
1.622528	1
1.624576	1
1.6266239999999998	1
1.627648	1
1.628672	1
1.629696	1
1.63072	1
1.6348159999999998	1
1.63584	1
1.6368639999999999	1
1.637888	1
1.638912	1
1.6419839999999999	1
1.643008	1
1.644032	1
1.6450559999999999	1
1.647104	1
3.2962559999999996	2
1.6501759999999999	1
4.956672	3
1.654272	1
1.66144	1
1.665536	1
3.339264	2
1.672704	1
1.678848	1
1.679872	1
1.680896	1
1.682944	1
1.6849919999999998	1
1.688064	1
1.689088	1
1.6901119999999998	1
1.69728	1
1.6983039999999998	1
1.7003519999999999	1
3.402752	2
1.709568	1
1.71264	1
1.7167359999999998	1
3.43552	2
1.7187839999999999	1
1.720832	1
1.7218559999999998	1
1.72288	1
1.7269759999999998	1
3.460096	2
1.73312	1
1.7351679999999998	1
1.74336	1
1.754624	1
1.7638399999999999	1
1.765888	1
1.7669119999999998	1
1.767936	1
5.328384	3
1.778176	1
1.786368	1
1.7873919999999999	1
1.793536	1
3.58912	2
1.79968	1
1.8048	1
3.6116479999999997	2
1.812992	1
1.8140159999999999	1
3.63008	2
1.816064	1
1.818112	1
1.821184	1
1.823232	1
1.829376	1
1.834496	1
1.843712	1
1.846784	1
3.7222399999999998	2
1.86624	1
1.879552	1
3.769344	2
1.889792	1
1.8959359999999998	1
1.8990079999999998	1
1.9010559999999999	1
3.8451199999999996	2
1.9276799999999998	1
1.9307519999999998	1
1.9327999999999999	1
1.933824	1
1.934848	1
1.9379199999999999	1
3.8860799999999998	2
1.9491839999999998	1
1.952256	1
1.957376	1
1.9584	1
1.9747839999999999	1
1.9778559999999998	1
1.9860479999999998	1
1.9993599999999998	1
2.020864	1
2.025984	1
2.0321279999999997	1
2.033152	1
2.067968	1
2.07104	1
2.083328	1
2.0864	1
2.1022719999999997	1
2.118656	1
2.130944	1
4.282368	2
2.163712	1
2.180096	1
2.192384	1
2.20672	1
2.21696	1
2.225152	1
4.470784	2
2.24768	1
2.262016	1
2.264064	1
2.26816	1
2.3029759999999997	1
2.305024	1
2.321408	1
2.337792	1
2.3500799999999997	1
2.405376	1
2.417664	1
2.425856	1
2.446336	1
2.4606719999999997	1
2.4770559999999997	1
2.485248	1
2.501632	1
2.522112	1
2.532352	1
2.536448	1
2.538496	1
2.556928	1
2.563072	1
2.599936	1
2.60608	1
2.61632	1
5.25312	2
2.644992	1
2.65728	1
2.675712	1
2.6777599999999997	1
2.681856	1
2.6879999999999997	1
2.6982399999999997	1
2.7043839999999997	1
2.7146239999999997	1
2.7310079999999997	1
2.733056	1
2.7412479999999997	1
2.747392	1
2.796544	1
2.8088319999999998	1
2.817024	1
2.839552	1
2.847744	1
2.853888	1
2.8989439999999997	1
2.917376	1
2.9992959999999997	1
3.130368	1
3.171328	1
3.191808	1
3.193856	1
3.222528	1
3.24096	1
3.2471039999999998	1
3.2839679999999998	1
3.349504	1
6.776832	2
3.421184	1
3.429376	1
3.4437119999999997	1
3.505152	1
3.5174399999999997	1
3.562496	1
3.59936	1
3.6382719999999997	1
3.683328	1
3.8021119999999997	1
3.836928	1
3.968	1
3.98848	1
3.9987199999999996	1
4.041728	1
4.045824	1
4.051968	1
4.0704	1
4.241408	1
4.491264	1
9.039871999999999	2
4.540416	1
9.342976	2
4.732927999999999	1
4.7616	1
4.80256	1
4.909056	1
4.92544	1
5.154815999999999	1
5.2736	1
5.298176	1
5.306368	1
5.3227519999999995	1
5.351424	1
5.4169599999999996	1
11.03872	2
5.535743999999999	1
5.687296	1
5.691392	1
5.720064	1
5.90848	1
5.978111999999999	1
5.9985919999999995	1
6.027264	1
6.0927999999999995	1
6.17472	1
6.268928	1
6.363136	1
6.383616	1
6.5024	1
6.670336	1
6.739967999999999	1
7.018496	1
7.100416	1
7.13728	1
8.001536	1
8.128511999999999	1
8.933375999999999	1
9.064447999999999	1
9.842687999999999	1
10.153984	1
15.142911999999999	1
15.273983999999999	1
20.750336	1
21.815296	1
23.093248	1
25.059327999999997	1
26.042368	1
26.796032	1
27.041791999999997	1
27.467775999999997	1
27.533312	1
27.89376	1
28.368896	1
28.54912	1
28.663808	1
28.991488	1
29.007872	1
29.12256	1
29.564928	1
29.777919999999998	1
29.876223999999997	1
30.007296	1
30.43328	1
30.59712	1
30.613504	1
30.679039999999997	1
30.695424	1
30.711807999999998	1
30.744576	1
61.587455999999996	2
30.842879999999997	1
30.875647999999998	1
30.892031999999997	1
61.816832	2
30.924799999999998	1
30.957568	1
31.121408	1
31.25248	1
31.547392	1
31.596543999999998	1
40.288256	1
40.747008	1
44.253184	1
45.367295999999996	1
46.77632	1
48.185344	1
51.199999999999996	1
54.411263999999996	1
54.444032	1
55.558144	1
56.311808	1
56.573952	1
56.705023999999995	1
57.393152	1
57.491456	1
58.179584	1
58.277888	1
59.064319999999995	1
118.45631999999999	2
60.080127999999995	1
60.2112	1
60.243967999999995	1
121.01222399999999	2
60.53888	1
60.571647999999996	1
60.604416	1
60.801024	1
121.66758399999999	2
61.0304	1
122.257408	2
61.227008	1
61.489152	1
61.521919999999994	1
62.242816	1
62.898176	1
63.062016	1
63.520768	1
105.218048	1
106.00448	1
106.856448	1
0.38028799999999996	1
0.38592	1
0.386432	1
0.395648	1
0.397184	1
0.398464	1
0.40204799999999996	1
0.40256	1
0.40768	1
0.41024	1
0.411008	1
0.41331199999999996	1
0.828672	2
0.832256	2
0.41715199999999997	1
0.41791999999999996	1
0.418176	1
0.418688	1
0.418944	1
0.838912	2
0.419712	1
0.42047999999999996	1
0.420992	1
0.42124799999999996	1
0.422272	1
0.42252799999999996	1
0.422784	1
0.42380799999999996	1
0.42457599999999995	1
0.42508799999999997	1
0.425344	1
0.8512	2
0.42585599999999996	1
0.854784	2
1.2829439999999999	3
0.855808	2
0.42816	1
0.428928	1
0.42918399999999995	1
0.42944	1
0.42969599999999997	1
0.43072	1
0.8619519999999999	2
0.862464	2
0.431488	1
0.432	1
0.432768	1
0.867072	2
0.43379199999999996	1
0.43456	1
1.305216	3
0.435328	1
0.43558399999999997	1
0.43711999999999995	1
0.437376	1
0.438144	1
0.43839999999999996	1
0.438656	1
0.43891199999999997	1
0.44019199999999997	1
1.761792	4
0.440704	1
0.44095999999999996	1
0.441216	1
0.44172799999999995	1
0.441984	1
0.44300799999999996	1
0.443264	1
0.44351999999999997	1
0.443776	1
0.444032	1
0.44428799999999996	1
0.8911359999999999	2
1.337472	3
0.89216	2
0.44633599999999996	1
0.44684799999999997	1
0.44736	1
0.448384	1
0.44864	1
0.44889599999999996	1
1.347456	3
0.449408	1
0.450432	1
0.9018879999999999	2
0.4512	1
0.451968	1
0.90496	2
0.9054719999999999	2
0.452992	1
0.906496	2
0.90752	2
0.454016	1
0.9095679999999999	2
1.36512	3
1.3666559999999999	3
0.911616	2
0.45606399999999997	1
0.91264	2
0.456576	1
0.45683199999999996	1
0.914688	2
1.8304	4
0.457856	1
0.45811199999999996	1
0.917248	2
1.3766399999999999	3
1.377408	3
0.45939199999999997	1
0.459648	1
0.459904	1
1.38048	3
0.9213439999999999	2
0.921856	2
0.9228799999999999	2
0.461696	1
0.923904	2
0.46220799999999995	1
1.387392	3
0.9254399999999999	2
0.925952	2
0.926464	2
0.9269759999999999	2
1.391232	3
0.928512	2
0.929024	2
0.46476799999999996	1
0.46527999999999997	1
0.465536	1
0.931584	2
1.3981439999999998	3
0.932608	2
0.93312	2
1.400448	3
1.401216	3
1.401984	3
1.4035199999999999	3
1.8723839999999998	4
0.468352	1
0.9372159999999999	2
0.468864	1
1.878528	4
1.409664	3
1.410432	3
1.8816	4
0.9413119999999999	2
1.412736	3
2.8270079999999997	6
0.47142399999999995	1
1.88672	4
0.47193599999999997	1
0.944384	2
0.944896	2
1.418112	3
1.89184	4
0.9464319999999999	2
0.473472	1
1.894912	4
1.8959359999999998	4
1.89696	4
1.897984	4
0.9495039999999999	2
0.475008	1
0.9505279999999999	2
0.47552	1
0.951552	2
0.47603199999999996	1
1.428864	3
1.9061759999999999	4
0.9536	2
1.431168	3
0.955136	2
1.9112959999999999	4
0.95616	2
1.435776	3
1.915392	4
2.874624	6
0.47935999999999995	1
0.479616	1
1.439616	3
1.4403839999999999	3
0.480384	1
0.48063999999999996	1
0.961792	2
0.48115199999999997	1
1.444224	3
2.40832	5
1.44576	3
0.964352	2
0.9648639999999999	2
1.448064	3
0.965888	2
0.48319999999999996	1
0.483456	1
0.967424	2
1.936896	4
0.48447999999999997	1
2.42368	5
3.3949439999999997	7
1.455744	3
1.456512	3
0.9715199999999999	2
2.43008	5
0.486272	1
0.9730559999999999	2
0.486784	1
1.46112	3
0.9745919999999999	2
0.975104	2
0.9756159999999999	2
1.464192	3
1.46496	3
1.9543039999999998	4
1.466496	3
1.9563519999999999	4
2.936064	6
0.4896	1
0.48985599999999996	1
0.490112	1
0.9807359999999999	2
1.4718719999999998	3
0.98176	2
0.9822719999999999	2
1.474176	3
0.491648	1
1.47648	3
1.9696639999999999	4
0.985344	2
0.492928	1
0.9863679999999999	2
2.4672	5
1.9747839999999999	4
2.9637119999999997	6
1.482624	3
1.483392	3
1.48416	3
0.49497599999999997	1
1.486464	3
0.49574399999999996	1
0.496	1
2.48128	5
0.49651199999999995	1
0.496768	1
2.982144	6
1.98912	4
0.995072	2
1.493376	3
0.498048	1
1.9932159999999999	4
1.99424	4
0.997632	2
0.49907199999999996	1
0.998656	2
0.499584	1
0.9996799999999999	2
1.5002879999999998	3
1.501056	3
2.0024319999999998	4
3.005184	6
1.50336	3
0.5013759999999999	1
2.006528	4
1.505664	3
1.0042879999999998	2
3.5168	7
0.502656	1
2.51456	5
2.012672	4
1.006848	2
2.01472	4
0.5039359999999999	1
1.512576	3
0.504448	1
2.52352	5
1.51488	3
4.041728	8
0.505472	1
2.5286399999999998	5
2.023936	4
1.5187199999999998	3
1.519488	3
2.53376	5
2.028032	4
1.521792	3
2.03008	4
0.507776	1
2.5401599999999998	5
2.5414399999999997	5
2.034176	4
2.0352	4
1.018112	2
0.509312	1
1.5287039999999998	3
2.0392959999999998	4
3.0604799999999996	6
1.020672	2
2.5529599999999997	5
0.510848	1
2.044416	4
2.0454399999999997	4
1.534848	3
1.023744	2
1.024256	2
3.0743039999999997	6
2.5631999999999997	5
2.56448	5
2.0526079999999998	4
3.080448	6
2.56832	5
2.0556799999999997	4
2.57088	5
2.0587519999999997	4
2.059776	4
1.5455999999999999	3
1.546368	3
2.062848	4
1.547904	3
2.58112	5
1.54944	3
1.033984	2
3.103488	6
2.58752	5
2.07104	4
1.5540479999999999	3
1.554816	3
2.59264	5
1.037568	2
2.07616	4
2.5964799999999997	5
2.078208	4
1.559424	3
2.080256	4
1.04064	2
3.123456	6
1.042176	2
3.1296	6
1.043712	2
0.522112	1
0.5223679999999999	1
2.090496	4
1.56864	3
2.61568	5
1.570176	3
3.141888	6
2.0956159999999997	4
1.5724799999999999	3
5.769984	11
2.100224	4
2.62784	5
4.20864	8
2.6329599999999997	5
2.63552	5
4.220928	8
2.64064	5
2.6431999999999998	5
3.704064	7
5.29664	10
3.181056	6
2.65344	5
4.7808	9
4.785407999999999	9
3.725568	7
7.458304	14
3.1994879999999997	6
6.938879999999999	13
4.808447999999999	9
2.67392	5
4.282368	8
3.214848	6
3.21792	6
5.36832	10
6.985472	13
2.151424	4
5.38368	10
5.92768	11
4.854528	9
5.399039999999999	10
7.565823999999999	14
4.327424	8
5.4144	10
6.503424	12
5.42464	10
3.257856	6
3.260928	6
3.808	7
5.44512	10
3.2701439999999997	6
4.9098239999999995	9
3.822336	7
7.10528	13
2.73536	5
7.666175999999999	14
3.288576	6
2.194432	4
4.3929599999999995	8
3.8474239999999997	7
3.8510079999999998	7
3.854592	7
6.062848	11
3.86176	7
4.417536	8
4.421632	8
2.76608	5
1.661184	3
3.32544	6
6.657024	12
4.442112	8
3.8904319999999997	7
4.450304	8
5.568	10
9.474304	17
4.462592	8
2.2333439999999998	4
7.2650239999999995	13
3.35616	6
3.919104	7
6.164224	11
5.048064	9
7.859712	14
6.74304	12
5.061888	9
4.503552	8
2.253824	4
3.9477759999999997	7
7.33824	13
3.3899519999999996	6
6.220543999999999	11
3.962112	7
6.231808	11
3.96928	7
4.540416	8
2.272256	4
6.2543359999999995	11
6.829056	12
5.126399999999999	9
1.7103359999999999	3
6.847487999999999	12
7.424767999999999	13
3.429888	6
2.28864	4
7.444736	13
4.012288	7
5.163264	9
2.2968319999999998	4
7.47136	13
4.601856	8
4.605951999999999	8
4.033792	7
4.614144	8
1.7318399999999998	3
4.622336	8
7.517951999999999	13
5.209344	9
4.634624	8
1.73952	3
4.642816	8
9.874687999999999	17
9.302016	16
2.90944	5
5.2416	9
2.331648	4
3.5005439999999997	6
8.759039999999999	15
3.506688	6
2.9248	5
3.512832	6
4.101888	7
4.105472	7
4.696064	8
4.7001599999999994	8
4.704256	8
4.119808	7
3.5343359999999997	6
4.126976	7
5.31072	9
5.315328	9
5.91104	10
5.3245439999999995	9
1.184256	2
3.55584	6
7.710976	13
5.93664	10
7.130112	12
5.94688	10
7.142399999999999	12
3.5742719999999997	6
5.9622399999999995	10
4.7738879999999995	8
10.153215999999999	17
4.78208	8
5.384448	9
4.790272	8
4.195072	7
4.198656	7
7.20384	12
3.0041599999999997	5
4.810752	8
4.212992	7
7.8307839999999995	13
4.22016	7
6.033919999999999	10
4.227328	7
5.439744	9
7.259136	12
1.81632	3
5.453568	9
6.06464	10
4.855808	8
6.682367999999999	11
5.4719999999999995	9
4.259583999999999	7
4.872192	8
4.266751999999999	7
6.710528	11
3.66336	6
4.888576	8
6.1158399999999995	10
6.7330559999999995	11
5.513472	9
3.0656	5
4.295424	7
7.369727999999999	12
3.07328	5
3.07584	5
4.92544	8
5.5457279999999995	9
2.4668159999999997	4
4.320512	7
6.17728	10
4.94592	8
5.5687679999999995	9
4.334848	7
8.676864	14
6.2028799999999995	10
6.207999999999999	10
7.455743999999999	12
3.730944	6
6.845695999999999	11
7.474176	12
6.85696	11
4.367103999999999	7
4.9950719999999995	8
4.3742719999999995	7
6.879487999999999	11
6.88512	11
5.011456	8
6.896383999999999	11
3.13728	5
4.395776	7
5.65632	9
3.1449599999999998	5
7.554048	12
9.450239999999999	15
7.566336	12
3.78624	6
5.683968	9
5.056512	8
9.48864	15
3.16544	5
3.8015999999999996	6
5.707008	9
5.076992	8
5.081087999999999	8
2.542592	4
1.90848	3
3.18336	5
5.097472	8
5.101567999999999	8
7.020288	11
5.10976	8
4.4746239999999995	7
2.558976	4
4.4817919999999996	7
6.40768	10
4.48896	7
5.776128	9
2.569216	4
7.070976	11
8.363264	13
7.72608	12
3.8661119999999998	6
7.093503999999999	11
3.8722559999999997	6
5.8129919999999995	9
5.1712	8
4.528384	7
5.179392	8
3.887616	6
3.890688	6
3.89376	6
0.6494719999999999	1
3.899904	6
5.203968	8
6.510079999999999	10
4.560639999999999	7
5.868288	9
5.872896	9
2.612224	4
5.228543999999999	8
5.23264	8
1.309184	2
6.5510399999999995	10
5.244928	8
4.592896	7
4.59648	7
3.28576	5
4.603648	7
2.632704	4
5.2695039999999995	8
5.2736	8
5.937408	9
5.281791999999999	8
6.60736	10
4.628736	7
6.6175999999999995	10
3.3113599999999996	5
3.976704	6
7.296256	11
4.646656	7
5.978879999999999	9
3.32416	5
5.988096	9
3.32928	5
7.330048	11
4.0012799999999995	6
6.006527999999999	9
3.33952	5
4.010496	6
6.020352	9
3.3472	5
6.029567999999999	9
6.0341759999999995	9
2.683904	4
4.700416	7
1.3439999999999999	2
4.0350719999999995	6
4.711168	7
3.36768	5
4.044288	6
2.0236799999999997	3
2.700288	4
4.053504	6
2.7043839999999997	4
8.119296	12
4.73984	7
3.38816	5
4.068864	6
8.143872	12
6.7916799999999995	10
4.07808	6
2.0405759999999997	3
6.126335999999999	9
4.087295999999999	6
1.363456	2
2.04672	3
9.558527999999999	14
3.41632	5
7.521535999999999	11
5.474304	8
6.1632	9
10.279679999999999	15
6.172416	9
5.490688	8
3.43424	5
2.74944	4
5.502975999999999	8
6.195456	9
6.200063999999999	9
6.2046719999999995	9
3.4495999999999998	5
2.071296	3
3.45472	5
6.223103999999999	9
5.535743999999999	8
4.1548799999999995	6
7.6229119999999995	11
6.241536	9
7.634176	11
8.334336	12
8.34048	12
4.173312	6
4.8724479999999994	7
4.179456	6
2.091264	3
4.1856	6
4.886784	7
4.191744	6
3.4956799999999997	5
4.897536	7
3.5008	5
3.50336	5
4.207104	6
6.315264	9
2.8088319999999998	4
6.324479999999999	9
5.625856	8
2.8149759999999997	4
6.338304	9
4.933376	7
5.64224	8
6.3521279999999996	9
3.53152	5
5.654528	8
3.53664	5
4.24704	6
5.666816	8
2.8354559999999998	4
3.54688	5
5.679104	8
4.2623999999999995	6
4.9763839999999995	7
7.825664	11
4.271616	6
7.8369279999999995	11
6.41664	9
4.994304	7
8.567808	12
2.143488	3
3.57504	5
5.00864	7
2.148096	3
9.315071999999999	13
2.1511679999999997	3
4.305408	6
9.33504	13
4.311552	6
2.157312	3
1.4392319999999998	2
5.761024	8
5.04448	7
2.884608	4
5.773312	8
3.61088	5
2.890752	4
2.8928	4
4.3422719999999995	6
7.24224	10
2.8989439999999997	4
6.527232	9
5.0803199999999995	7
2.9050879999999997	4
2.907136	4
2.181888	3
2.911232	4
5.09824	7
8.017152	11
5.834752	8
5.108992	7
5.112576	7
2.19264	3
9.508096	13
3.6595199999999997	5
5.126912	7
6.5963519999999995	9
6.60096	9
2.9358079999999998	4
7.34464	10
8.084736	11
3.67744	5
3.6799999999999997	5
2.946048	4
2.948096	4
2.212608	3
3.6902399999999997	5
2.95424	4
4.434432	6
3.69792	5
2.220288	3
5.9248639999999995	8
1.48224	2
4.4497919999999995	6
4.452864	6
7.426559999999999	10
5.202176	7
5.20576	7
8.186112	11
2.234112	3
7.452159999999999	10
4.474368	6
8.208639999999999	11
4.480512	6
7.472639999999999	10
2.991104	4
7.48288	10
5.9904	8
9.741056	13
1.4996479999999999	2
3.001344	4
5.255936	7
5.25952	7
6.7668479999999995	9
4.514304	6
5.270271999999999	7
5.273855999999999	7
6.031359999999999	8
6.7898879999999995	9
2.2648319999999997	3
6.799104	9
2.2679039999999997	3
5.29536	7
1.513984	2
3.030016	4
4.548096	6
3.79264	5
2.27712	3
6.835967999999999	9
3.8003199999999997	5
4.5634559999999995	6
2.283264	3
8.3776	11
4.572672	6
3.8131199999999996	5
6.868224	9
6.109184	8
5.34912	7
5.352704	7
5.356288	7
6.891264	9
7.66208	10
6.13376	8
2.3016959999999997	3
4.606464	6
6.914304	9
4.612608	6
5.3849599999999995	7
3.84896	5
0.770304	1
3.8540799999999997	5
3.085312	4
5.40288	7
4.634112	6
4.6371839999999995	6
6.187008	8
5.417216	7
5.4208	7
5.424384	7
6.978815999999999	9
10.087168	13
3.88224	5
8.54656	11
7.774719999999999	10
5.445888	7
4.670976	6
2.337024	3
6.23616	8
7.020288	9
8.585984	11
5.467391999999999	7
4.689407999999999	6
3.9103999999999997	5
3.91296	5
1.5662079999999998	2
6.268928	8
5.4888959999999996	7
7.06176	9
5.496064	7
8.642304	11
3.144704	4
4.720128	6
6.2976	8
6.301696	8
7.094016	9
6.309888	8
6.313984	8
3.9488	5
3.161088	4
7.117056	9
9.495552	12
4.7508479999999995	6
3.9616	5
6.342656	8
5.553408	7
6.350848	8
7.149312	9
1.5897599999999998	2
4.772352	6
5.571327999999999	7
7.167744	9
5.5784959999999995	7
5.5820799999999995	7
8.777472	11
3.99232	5
3.1959039999999996	4
7.195392	9
7.199999999999999	9
10.406656	13
0.801024	1
6.412287999999999	8
8.822528	11
5.61792	7
6.424576	8
5.625088	7
7.236864	9
5.632256	7
5.63584	7
9.667584	12
10.479872	13
8.066559999999999	10
4.035839999999999	5
4.84608	6
4.849152	6
5.660928	7
8.901375999999999	11
8.09728	10
10.53312	13
8.10752	10
7.301375999999999	9
5.6824319999999995	7
6.498304	8
6.5024	8
5.693184	7
8.952064	11
1.628672	2
3.259392	4
4.0767999999999995	5
4.895232	6
7.347455999999999	9
6.535168	8
4.9044479999999995	6
4.0896	5
6.5474559999999995	8
4.913664	6
6.555648	8
8.199679999999999	10
6.56384	8
4.10496	5
6.572032	8
7.398143999999999	9
4.935168	6
6.58432	8
2.470656	3
12.360959999999999	15
6.596608	8
6.6007039999999995	8
4.128	5
4.956672	6
0.8266239999999999	1
8.27136	10
4.965888	6
5.79712	7
3.314688	4
3.3167359999999997	4
9.126655999999999	11
5.811456	7
5.81504	7
7.481088	9
8.31744	10
9.154816	11
1.665536	2
9.16608	11
11.673088	14
4.17152	5
5.008896	6
8.35328	10
7.5225599999999995	9
11.708928	14
8.36864	10
13.398016	16
8.378879999999999	10
6.707199999999999	8
5.872383999999999	7
7.554816	9
8.39936	10
5.042688	6
8.4096	10
10.097664	12
5.0519039999999995	6
6.739967999999999	8
8.43008	10
13.496319999999999	16
5.064191999999999	6
5.911808	7
4.22528	5
8.45568	10
7.614719999999999	9
4.232959999999999	5
3.388416	4
8.47616	10
5.088768	6
11.03232	13
6.793215999999999	8
7.6469759999999996	9
5.101056	6
5.104127999999999	6
5.1072	6
9.368832	11
10.226688	12
10.232832	12
11.092224	13
8.5376	10
7.688447999999999	9
6.838272	8
4.276479999999999	5
5.134848	6
9.41952	11
4.28416	5
4.28672	5
6.004992	7
4.29184	5
9.44768	11
12.031488	14
9.458943999999999	11
10.324992	12
6.887423999999999	8
5.16864	6
9.481472	11
6.899712	8
5.177855999999999	6
8.634879999999999	10
2.592	3
8.64512	10
6.920192	8
5.193216	6
7.794432	9
13.86496	16
10.404864	12
9.543424	11
6.076671999999999	7
6.9488639999999995	8
6.0838399999999995	7
7.826688	9
10.441728	12
14.801152	17
10.454016	12
7.84512	9
9.594111999999999	11
4.363519999999999	5
8.73216	10
10.484736	12
8.7424	10
7.872768	9
12.253696	14
7.006208	8
4.38144	5
7.8911999999999995	9
8.77312	10
5.266944	6
10.540032	12
9.667328	11
9.67296	11
4.39936	5
10.564608	12
4.4044799999999995	5
10.576896	12
12.346879999999999	14
7.059456	8
2.648832	3
12.368383999999999	14
7.071744	8
9.72928	11
9.734912	11
8.855039999999999	10
7.088127999999999	8
6.205696	7
4.4352	5
7.100416	8
5.328384	6
7.108607999999999	8
8.89088	10
10.6752	12
5.340672	6
4.45312	5
5.346816	6
9.808128	11
4.4608	5
5.356032	6
5.359103999999999	6
8.043263999999999	9
11.624704	13
7.15776	8
3.5809279999999997	4
9.853183999999999	11
8.96256	10
4.48384	5
7.17824	8
6.2845439999999995	7
7.186432	8
6.2917119999999995	7
9.892608	11
7.19872	8
6.302464	7
3.603456	4
10.816512	12
6.313216	7
3.6096	4
10.834944	12
8.130816	9
7.231488	8
9.04448	10
12.66944	14
9.960192	11
3.623936	4
7.251968	8
8.163072	9
12.70528	14
9.988351999999999	11
8.176896	9
8.181504	9
6.366975999999999	7
7.28064	8
6.374143999999999	7
2.7333119999999997	3
7.292928	8
9.121279999999999	10
7.30112	8
12.784127999999999	14
5.481984	6
6.399232	7
4.57344	5
4.576	5
5.494272	6
6.413568	7
5.5004159999999995	6
9.17248	10
3.6710399999999996	4
4.59136	5
8.269055999999999	9
5.515776	6
5.518847999999999	6
7.362559999999999	8
9.208319999999999	10
6.449408	7
11.984128	13
9.22368	10
9.2288	10
12.004095999999999	13
8.315135999999999	9
6.470911999999999	7
7.399424	8
10.179839999999999	11
8.333568	9
5.558784	6
6.4888319999999995	7
3.7119999999999997	4
6.499584	7
6.503168	7
9.295359999999999	10
9.30048	10
7.4444799999999995	8
6.517504	7
4.65792	5
8.388864	9
7.460864	8
4.6655999999999995	5
7.469055999999999	8
3.736576	4
6.542592	7
1.870336	2
6.54976	7
7.489535999999999	8
6.556928	7
10.309376	11
7.501824	8
8.44416	9
4.69376	5
3.757056	4
6.578431999999999	7
6.582015999999999	7
6.5855999999999995	7
5.647872	6
7.534592	8
4.711679999999999	5
2.828544	3
5.660159999999999	6
7.5509759999999995	8
4.72192	5
5.669376	6
6.617856	7
6.62144	7
6.625024	7
7.575552	8
6.632192	7
4.73984	5
7.58784	8
5.6939519999999995	6
8.545536	9
7.600128	8
5.703168	6
5.706239999999999	6
7.612416	8
8.568576	9
5.715456	6
4.76544	5
10.4896	11
11.449344	12
7.636991999999999	8
3.820544	4
9.556479999999999	10
14.3424	15
1.913344	2
4.78592	5
7.661568	8
7.665664	8
5.75232	6
9.592319999999999	10
4.798719999999999	5
5.7615359999999995	6
5.764608	6
5.7676799999999995	6
3.847168	4
7.6984319999999995	8
3.851264	4
8.669952	9
9.638399999999999	10
4.821759999999999	5
7.723007999999999	8
3.863552	4
4.832	5
5.8014719999999995	6
1.934848	2
1.9358719999999998	2
5.810688	6
4.8448	5
5.816832	6
4.84992	5
7.763967999999999	8
2.913024	3
2.91456	3
5.832192	6
0.972544	1
1.9461119999999998	2
6.814976	7
6.81856	7
5.847551999999999	6
6.825728	7
1.9512319999999999	2
2.928384	3
6.83648	7
4.885759999999999	5
6.843648	7
7.8254079999999995	8
7.829504	8
4.896	5
3.9188479999999997	4
5.8813439999999995	6
6.865151999999999	7
4.9062399999999995	5
8.83584	9
4.91136	5
8.845056	9
4.91648	5
5.902848	6
7.87456	8
4.92416	5
1.970688	2
8.872703999999999	9
4.931839999999999	5
5.921279999999999	6
6.911744	7
3.951616	4
4.94208	5
5.933568	6
0.98944	1
7.9196159999999995	8
2.971392	3
6.936832	7
3.9659519999999997	4
2.976	3
7.940096	8
7.944191999999999	8
6.954752	7
0.9940479999999999	1
5.967359999999999	6
3.980288	4
3.9823359999999997	4
6.972671999999999	7
6.976255999999999	7
4.9856	5
1.995264	2
4.99072	5
8.987904	9
5.9950079999999994	6
4.9984	5
6.001151999999999	6
6.004224	6
4.0048639999999995	4
3.005184	3
8.01792	8
4.0110079999999995	4
2.006528	2
8.030208	8
4.017151999999999	4
4.0192	4
3.015936	3
8.046592	8
3.019008	3
4.027392	4
6.04416	6
6.047232	6
2.016768	2
5.04448	5
8.075263999999999	8
6.05952	6
4.041728	4
2.021888	2
5.0572799999999996	5
3.035904	3
5.062399999999999	5
4.051968	4
6.081023999999999	6
1.014016	1
4.0581119999999995	4
5.0752	5
1.015552	1
3.048192	3
7.116032	7
6.1025279999999995	6
4.0704	4
4.072448	4
6.111744	6
4.076544	4
4.0785919999999996	4
5.1008	5
7.144704	7
7.148288	7
6.130176	6
5.11104	5
3.0681599999999998	3
2.046464	2
5.11872	5
5.12128	5
2.049536	2
3.07584	3
4.103168	4
3.078912	3
6.160896	6
6.163968	6
4.1113599999999995	4
8.226816	8
5.14432	5
9.264384	9
4.119552	4
6.1823999999999995	6
6.185472	6
5.15712	5
8.255488	8
2.064896	2
2.0659199999999998	2
4.133888	4
14.475776	14
6.206976	6
5.17504	5
8.28416	8
2.072064	2
3.109632	3
3.1111679999999997	3
6.225408	6
9.34272	9
4.154368	4
3.1173119999999996	3
7.277311999999999	7
6.240768	6
2.08128	2
4.164607999999999	4
7.2916479999999995	7
3.126528	3
7.2988159999999995	7
2.0864	2
8.349696	8
4.176896	4
7.313152	7
5.22624	5
3.13728	3
5.23136	5
9.421056	9
5.236479999999999	5
4.191231999999999	4
8.38656	8
11.539968	11
4.200448	4
5.25568	5
9.469439999999999	9
3.1595519999999997	3
5.27104	5
9.497088	9
10.56256	10
14.801919999999999	14
5.291519999999999	5
5.29664	5
9.543168	9
11.675136	11
9.5616	9
9.570815999999999	9
9.580032	9
11.720191999999999	11
11.731456	11
7.472639999999999	7
9.616895999999999	9
7.486975999999999	7
6.423552	6
6.429696	6
8.58112	8
5.36832	5
10.746879999999999	10
6.454272	6
7.537152	7
9.69984	9
3.2363519999999997	3
9.718271999999999	9
4.323328	4
4.327424	4
6.49728	6
6.503424	6
3.254784	3
3.257856	3
7.608832	7
3.264	3
7.623168	7
3.2701439999999997	3
9.819647999999999	9
10.92096	10
5.465599999999999	5
4.376576	4
4.380672	4
5.48096	5
4.388864	4
4.3929599999999995	4
5.49632	5
4.401152	4
5.5065599999999995	5
5.51168	5
3.3100799999999997	3
11.04384	10
4.421632	4
1.1064319999999999	1
3.322368	3
4.43392	4
6.657024	6
4.442112	4
7.780863999999999	7
3.337728	3
7.7951999999999995	7
8.916992	8
6.693887999999999	6
4.4666879999999995	4
7.823872	7
6.71232	6
8.957951999999999	8
6.724608	6
6.730752	6
4.491264	4
5.619199999999999	5
4.4994559999999995	4
3.3776639999999998	3
5.63456	5
4.511744	4
4.51584	4
5.64992	5
9.048064	8
7.924224	7
3.399168	3
4.53632	4
6.810624	6
5.6806399999999995	5
10.234368	9
3.414528	3
10.252799999999999	9
5.7011199999999995	5
3.4237439999999997	3
4.569088	4
4.5731839999999995	4
2.28864	2
3.436032	3
8.024576	7
5.73696	5
3.445248	3
3.44832	3
5.75232	5
5.75744	5
6.915071999999999	6
4.614144	4
2.30912	2
4.622336	4
4.626431999999999	4
1.157632	1
5.793279999999999	5
3.47904	3
1.160704	1
1.1617279999999999	1
3.488256	3
5.81888	5
3.4943999999999997	3
6.994943999999999	6
9.334783999999999	8
3.5036159999999996	3
5.84448	5
4.679679999999999	4
4.683776	4
4.687872	4
7.037952	6
1.174016	1
2.3500799999999997	2
3.5281919999999998	3
1.177088	1
8.246784	7
3.5374079999999997	3
3.5404799999999996	3
3.543552	3
5.91104	5
4.732927999999999	4
1.184256	1
4.74112	4
4.745216	4
3.561984	3
2.3767039999999997	2
5.94688	5
1.1904	1
3.5742719999999997	3
5.9622399999999995	5
3.580416	3
2.388992	2
2.39104	2
4.786176	4
4.790272	4
3.595776	3
5.99808	5
6.0032	5
3.6049919999999998	3
1.202688	1
7.222271999999999	6
3.6142079999999996	3
8.44032	7
2.4135679999999997	2
1.207808	1
3.626496	3
1.209856	1
3.635712	3
4.851712	4
4.855808	4
6.074879999999999	5
4.864	4
3.6510719999999997	3
6.09024	5
2.438144	2
3.660288	3
3.66336	3
2.444288	2
4.892672	4
3.672576	3
8.576512	7
6.1312	5
1.227264	1
7.369727999999999	6
3.6879359999999997	3
1.2303359999999999	1
3.69408	3
2.464768	2
2.4668159999999997	2
4.937728	4
1.2354559999999999	1
4.950016	4
4.954111999999999	4
1.239552	1
2.481152	2
3.7247999999999997	3
2.485248	2
1.2436479999999999	1
1.244672	1
4.982784	4
3.74016	3
1.247744	1
1.2487679999999999	1
1.249792	1
2.501632	2
3.7555199999999997	3
1.252864	1
7.523327999999999	6
5.019648	4
1.255936	1
3.77088	3
1.257984	1
2.518016	2
3.780096	3
2.522112	2
1.2620799999999999	1
2.526208	2
6.32064	5
3.7954559999999997	3
3.7985279999999997	3
2.5343999999999998	2
3.8046719999999996	3
3.807744	3
6.35136	5
3.813888	3
6.3616	5
2.546688	2
3.8292479999999998	3
3.8323199999999997	3
6.39232	5
5.117952	4
2.5671679999999997	2
3.853824	3
2.5712639999999998	2
2.57536	2
5.154815999999999	4
5.158912	4
1.290752	1
3.8753279999999997	3
1.2928	1
1.2938239999999999	1
2.589696	2
1.295872	1
2.593792	2
3.89376	3
3.902976	3
1.30304	1
2.608128	2
3.918336	3
6.5408	5
1.309184	1
1.310208	1
1.311232	1
2.6245119999999997	2
2.62656	2
3.9429119999999998	3
2.6306559999999997	2
2.632704	2
2.6347519999999998	2
2.638848	2
1.3204479999999998	1
2.644992	2
2.64704	2
1.324544	1
2.6511359999999997	2
1.327616	1
5.31456	4
5.318656	4
1.3306879999999999	1
1.331712	1
3.998208	3
1.3337599999999998	1
4.004352	3
4.007423999999999	3
1.336832	1
2.679808	2
2.681856	2
2.683904	2
4.028928	3
5.380096	4
1.346048	1
1.347072	1
2.696192	2
1.3491199999999999	1
1.350144	1
1.351168	1
1.3542399999999999	1
1.355264	1
4.068864	3
2.7146239999999997	2
2.716672	2
2.720768	2
2.722816	2
1.3624319999999999	1
2.726912	2
2.72896	2
1.366528	1
5.4702079999999995	4
4.1088	3
1.372672	1
2.747392	2
2.74944	2
1.3757439999999999	1
2.753536	2
2.757632	2
1.37984	1
1.3808639999999999	1
1.381888	1
1.382912	1
1.3839359999999998	1
5.53984	4
2.776064	2
5.56032	4
2.782208	2
2.786304	2
2.7904	2
1.396224	1
2.796544	2
1.40032	1
1.401344	1
2.8047359999999997	2
2.806784	2
2.812928	2
2.8149759999999997	2
1.408512	1
1.41056	1
1.411584	1
2.8252159999999997	2
1.413632	1
1.4156799999999998	1
4.253184	3
4.256256	3
1.419776	1
1.422848	1
2.8518399999999997	2
1.427968	1
4.286976	3
1.430016	1
1.4310399999999999	1
2.864128	2
1.433088	1
1.4341119999999998	1
2.8723199999999998	2
4.314624	3
4.317696	3
2.880512	2
1.44128	1
1.442304	1
1.443328	1
2.8887039999999997	2
1.445376	1
4.3392	3
2.894848	2
1.4494719999999999	1
5.801984	4
1.45152	1
2.9050879999999997	2
1.453568	1
4.363776	3
2.911232	2
1.45664	1
1.459712	1
2.921472	2
4.388351999999999	3
1.463808	1
1.468928	1
4.4098559999999996	3
2.944	2
1.473024	1
1.474048	1
1.4760959999999999	1
1.47712	1
2.956288	2
1.479168	1
1.480192	1
5.9248639999999995	4
1.485312	1
2.9726719999999998	2
1.488384	1
1.491456	1
4.483584	3
4.486656	3
1.496576	1
1.4976	1
1.4996479999999999	1
4.502016	3
1.503744	1
1.509888	1
1.510912	1
3.030016	2
1.517056	1
1.5180799999999999	1
3.038208	2
1.5211519999999998	1
3.044352	2
1.5231999999999999	1
1.524224	1
3.050496	2
3.058688	2
1.530368	1
1.5313919999999999	1
1.532416	1
1.53344	1
4.6033919999999995	3
1.535488	1
1.540608	1
3.085312	2
7.7184	5
3.091456	2
4.640256	3
3.0976	2
1.5498239999999999	1
1.551872	1
1.5528959999999998	1
1.55392	1
1.5549439999999999	1
1.556992	1
1.560064	1
1.562112	1
3.12832	2
1.565184	1
4.698624	3
1.567232	1
1.572352	1
1.5733759999999999	1
3.150848	2
1.580544	1
1.5866879999999999	1
3.175424	2
3.1795199999999997	2
1.590784	1
3.183616	2
1.593856	1
3.191808	2
3.193856	2
1.5979519999999998	1
1.6051199999999999	1
1.607168	1
1.6081919999999998	1
1.609216	1
3.22048	2
1.611264	1
3.224576	2
1.61536	1
1.6184319999999999	1
3.238912	2
1.62048	1
1.622528	1
1.624576	1
3.26144	2
1.6317439999999999	1
1.6368639999999999	1
3.275776	2
1.6399359999999998	1
1.64096	1
1.6419839999999999	1
1.643008	1
1.64608	1
1.647104	1
1.652224	1
1.65632	1
1.657344	1
1.6583679999999998	1
1.667584	1
1.6686079999999999	1
1.670656	1
1.6716799999999998	1
1.6737279999999999	1
1.6767999999999998	1
1.677824	1
1.680896	1
1.6849919999999998	1
1.686016	1
1.6870399999999999	1
1.688064	1
3.392512	2
1.699328	1
1.7054719999999999	1
1.706496	1
1.70752	1
1.71264	1
1.7136639999999999	1
3.439616	2
3.4641919999999997	2
3.4744319999999997	2
1.73824	1
1.7402879999999998	1
1.7454079999999998	1
1.7484799999999998	1
1.7535999999999998	1
1.756672	1
1.762816	1
1.7638399999999999	1
1.7669119999999998	1
1.7689599999999999	1
1.769984	1
1.7720319999999998	1
1.775104	1
1.7771519999999998	1
1.783296	1
3.572736	2
1.791488	1
1.79456	1
1.7986559999999998	1
1.801728	1
3.605504	2
1.8037759999999998	1
1.8140159999999999	1
1.81504	1
1.8242559999999999	1
1.826304	1
1.829376	1
5.509632	3
1.8406399999999998	1
1.8723839999999998	1
1.880576	1
1.884672	1
1.88672	1
1.8908159999999998	1
3.8123519999999997	2
1.9112959999999999	1
1.916416	1
1.9461119999999998	1
1.95328	1
1.957376	1
1.9727359999999998	1
1.97888	1
1.9932159999999999	1
1.995264	1
2.001408	1
4.027392	2
4.047872	2
2.02496	1
2.028032	1
2.0321279999999997	1
2.04032	1
2.041344	1
2.067968	1
2.072064	1
2.077184	1
2.0823039999999997	1
2.090496	1
2.09152	1
2.094592	1
2.11456	1
2.118656	1
2.13504	1
2.143232	1
2.14528	1
2.163712	1
2.167808	1
2.169856	1
4.368384	2
2.200576	1
2.204672	1
2.2128639999999997	1
4.462592	2
2.241536	1
2.251776	1
2.270208	1
2.294784	1
2.29888	1
2.3336959999999998	1
2.335744	1
2.374656	1
2.3869439999999997	1
4.798464	2
2.40128	1
2.4033279999999997	1
2.415616	1
2.417664	1
2.419712	1
2.444288	1
4.933631999999999	2
2.479104	1
2.526208	1
2.5303039999999997	1
2.5343999999999998	1
2.538496	1
2.5405439999999997	1
2.573312	1
2.57536	1
2.6142719999999997	1
2.6306559999999997	1
2.632704	1
2.659328	1
2.665472	1
2.673664	1
2.757632	1
2.7678719999999997	1
2.76992	1
2.794496	1
2.802688	1
2.81088	1
2.843648	1
2.857984	1
2.864128	1
5.842944	2
2.9952	1
3.0996479999999997	1
3.103744	1
3.13856	1
3.1692799999999997	1
3.218432	1
3.2737279999999997	1
3.451904	1
3.505152	1
3.5809279999999997	1
3.6177919999999997	1
3.646464	1
3.740672	1
3.787776	1
3.8225919999999998	1
3.8819839999999997	1
3.90656	1
3.994624	1
4.025344	1
8.091648	2
4.054016	1
4.135936	1
4.2496	1
4.274176	1
4.302848	1
4.3192319999999995	1
4.368384	1
4.401152	1
4.405247999999999	1
4.51584	1
4.5199359999999995	1
4.642816	1
4.687872	1
4.704256	1
4.728832	1
4.872192	1
4.880383999999999	1
4.892672	1
4.98688	1
4.999168	1
5.019648	1
5.072896	1
5.08928	1
5.208063999999999	1
5.224448	1
5.380096	1
5.466112	1
5.654528	1
5.756927999999999	1
5.777407999999999	1
5.9453439999999995	1
6.1952	1
6.752256	1
6.756352	1
6.760447999999999	1
6.977536	1
7.4772479999999995	1
8.753152	1
8.998911999999999	1
9.244672	1
9.302016	1
9.48224	1
9.818112	1
11.128832	1
14.176255999999999	1
21.635071999999997	1
23.257088	1
25.550848	1
25.76384	1
26.812416	1
27.746304	1
28.073984	1
28.401664	1
28.729343999999998	1
29.433856	1
29.630464	1
29.646848	1
29.761536	1
29.892608	1
30.18752	1
30.253055999999997	1
31.039488	1
31.137791999999997	1
31.3344	1
34.717696	1
52.707328	1
54.149119999999996	1
56.475648	1
57.131007999999994	1
57.491456	1
58.24512	1
58.671104	1
58.933248	1
59.064319999999995	1
59.785216	1
60.014592	1
60.112896	1
60.145664	1
120.48793599999999	2
120.68454399999999	2
60.37504	1
60.53888	1
60.571647999999996	1
60.637184	1
121.33990399999999	2
60.70272	1
121.73312	2
60.932095999999994	1
61.0304	1
122.126336	2
61.095935999999995	1
61.128704	1
61.161471999999996	1
61.259775999999995	1
61.292544	1
61.325312	1
61.423615999999996	1
61.456384	1
61.751295999999996	1
62.242816	1
62.275583999999995	1
62.406656	1
62.898176	1
63.586304	1
74.940416	1
151.191552	2
91.58655999999999	1
121.14329599999999	1
