0.35187199999999996	1
0.36236799999999997	1
0.36288	1
0.364672	1
0.36544	1
0.366208	1
0.36672	1
0.368	1
0.368256	1
0.36928	1
0.369792	1
0.370048	1
0.37158399999999997	1
0.372096	1
0.372608	1
0.37312	1
0.3744	1
0.374656	1
0.375424	1
0.375936	1
0.7523839999999999	2
0.377216	1
1.1339519999999998	3
0.37823999999999997	1
0.378496	1
0.378752	1
0.759552	2
0.760064	2
1.5211519999999998	4
0.7615999999999999	2
1.143168	3
0.381312	1
0.76416	2
0.382592	1
0.38284799999999997	1
0.76672	2
0.38361599999999996	1
0.383872	1
0.38412799999999997	1
0.768768	2
0.76928	2
0.7697919999999999	2
0.385152	1
1.156224	3
1.158528	3
1.545728	4
1.547776	4
0.3872	1
0.38745599999999997	1
0.775424	2
0.7764479999999999	2
0.38848	1
0.7774719999999999	2
1.555968	4
1.168512	3
0.38976	1
0.390272	1
0.781056	2
2.3447039999999997	6
0.391296	1
0.7831039999999999	2
0.783616	2
0.7841279999999999	2
0.78464	2
0.392576	1
0.7856639999999999	2
0.786176	2
0.39334399999999997	1
0.7872	2
0.39411199999999996	1
1.97312	5
0.39488	1
0.790272	2
0.39539199999999997	1
1.186944	3
1.1877119999999999	3
0.7923199999999999	2
0.39667199999999997	1
1.1907839999999998	3
0.39743999999999996	1
0.398208	1
0.796928	2
0.39871999999999996	1
0.398976	1
0.798464	2
0.39948799999999995	1
1.598976	4
1.2007679999999998	3
1.201536	3
0.401024	1
0.8025599999999999	2
0.401536	1
1.205376	3
0.8040959999999999	2
0.402304	1
2.0128	5
1.208448	3
0.807168	2
0.40409599999999996	1
0.404352	1
0.8092159999999999	2
0.809728	2
0.40512	1
2.02688	5
0.811264	2
1.6235519999999999	4
0.406144	1
2.032	5
0.814848	2
0.81536	2
0.8158719999999999	2
0.408192	1
1.225344	3
0.40870399999999996	1
0.40896	1
1.2276479999999999	3
1.637888	4
1.229184	3
0.8199679999999999	2
0.41024	1
2.05376	5
1.233024	3
0.41126399999999996	1
1.235328	3
1.2360959999999999	3
0.412288	1
0.41254399999999997	1
1.6512	4
0.413056	1
0.8266239999999999	2
0.827136	2
1.241472	3
0.41408	1
0.8291839999999999	2
0.414848	1
2.07552	5
1.662464	4
0.8317439999999999	2
1.248384	3
1.665536	4
2.0831999999999997	5
2.501376	6
0.8343039999999999	2
2.08704	5
2.08832	5
2.0896	5
1.2545279999999999	3
0.8368639999999999	2
0.837376	2
1.256832	3
1.258368	3
0.839424	2
0.839936	2
0.420224	1
1.26144	3
2.1036799999999998	5
1.683968	4
1.263744	3
1.2645119999999999	3
1.26528	3
1.688064	4
1.689088	4
0.8450559999999999	2
1.691136	4
1.26912	3
0.423296	1
1.270656	3
1.6952319999999999	4
0.848128	2
0.84864	2
2.12288	5
0.8501759999999999	2
0.850688	2
1.7024	4
1.7034239999999998	4
1.278336	3
0.8527359999999999	2
2.13312	5
0.42688	1
1.7085439999999998	4
2.1369599999999997	5
1.710592	4
0.855808	2
2.1408	5
0.8568319999999999	2
0.857344	2
0.428928	1
0.8583679999999999	2
1.28832	3
0.8593919999999999	2
0.429952	1
1.290624	3
1.7218559999999998	4
3.87648	9
0.8619519999999999	2
0.862464	2
0.862976	2
0.8634879999999999	2
0.864	2
1.729024	4
1.730048	4
1.298304	3
2.598144	6
0.86656	2
0.867072	2
1.7351679999999998	4
3.0383359999999997	7
1.7372159999999999	4
1.30368	3
2.17408	5
2.17536	5
1.305984	3
0.8711679999999999	2
1.30752	3
0.872192	2
1.7454079999999998	4
2.18304	5
0.436864	1
1.7484799999999998	4
2.624256	6
1.7505279999999999	4
1.751552	4
0.876288	2
0.8767999999999999	2
0.438656	1
1.316736	3
0.439168	1
2.6365439999999998	6
1.7587199999999998	4
1.3198079999999999	3
2.641152	6
3.523584	8
1.322112	3
1.3228799999999998	3
0.882432	2
3.531776	8
0.44172799999999995	1
2.20992	5
0.44223999999999997	1
1.327488	3
1.3282559999999999	3
2.658048	6
1.773056	4
1.33056	3
0.443776	1
2.22016	5
2.22144	5
1.778176	4
1.3344	3
0.890112	2
0.890624	2
3.5645439999999997	8
2.674944	6
2.2304	5
1.7853439999999998	4
2.6795519999999997	6
1.340544	3
1.788416	4
3.1315199999999996	7
1.7904639999999998	4
1.791488	4
1.344384	3
0.896768	2
1.79456	4
1.3466879999999999	3
0.449152	1
2.2470399999999997	5
1.7986559999999998	4
2.6995199999999997	6
0.9003519999999999	2
1.801728	4
1.802752	4
3.6075519999999996	8
2.256	5
3.160192	7
2.2585599999999997	5
0.451968	1
2.26112	5
2.2624	5
0.9054719999999999	2
2.26496	5
2.26624	5
2.2675199999999998	5
4.537599999999999	10
3.632128	8
1.362816	3
3.1816959999999996	7
1.8191359999999999	4
4.5504	10
0.910592	2
2.27776	5
3.1906559999999997	7
2.2803199999999997	5
2.2816	5
2.28288	5
1.8273279999999998	4
2.28544	5
2.744064	6
1.3728	3
1.831424	4
1.374336	3
1.833472	4
3.668992	8
1.8355199999999998	4
1.377408	3
2.29696	5
1.378944	3
2.7594239999999997	6
1.38048	3
1.841664	4
1.382016	3
1.843712	4
1.383552	3
1.8457599999999998	4
2.7701759999999997	6
1.847808	4
1.3866239999999999	3
2.774784	6
0.46271999999999996	1
1.851904	4
1.389696	3
2.780928	6
3.709952	8
4.64	10
0.928512	2
3.251584	7
2.788608	6
2.7901439999999997	6
1.8611199999999999	4
2.7932159999999997	6
1.397376	3
2.33024	5
0.932608	2
1.86624	4
2.800896	6
1.868288	4
2.33664	5
3.273088	7
1.87136	4
2.34176	5
2.34304	5
1.4065919999999998	3
1.87648	4
2.34688	5
1.408896	3
0.469888	1
1.410432	3
3.7632	8
2.35328	5
3.767296	8
1.4135039999999999	3
3.7713919999999996	8
1.4150399999999999	3
1.8877439999999999	4
1.888768	4
1.417344	3
0.9454079999999999	2
2.83776	6
1.8928639999999999	4
0.946944	2
2.36864	5
5.6878079999999995	12
1.89696	4
2.37248	5
3.323264	7
1.900032	4
3.326848	7
3.32864	7
1.427328	3
3.8082559999999996	8
0.476288	1
2.859264	6
2.8608	6
2.862336	6
0.9546239999999999	2
2.865408	6
4.778239999999999	10
2.3904	5
1.913344	4
3.350144	7
2.39424	5
4.79104	10
2.87616	6
2.877696	6
6.718208	14
1.920512	4
0.960768	2
5.28704	11
3.847168	8
4.330368	9
1.444224	3
3.371648	7
3.37344	7
2.893056	6
2.894592	6
3.378816	7
2.41472	5
2.416	5
6.768383999999999	14
0.967424	2
3.3877759999999997	7
4.358016	9
2.4224	5
5.816832	12
2.42496	5
2.911488	6
2.42752	5
1.9430399999999999	4
1.944064	4
0.972544	2
4.3787519999999995	9
0.973568	2
3.89632	8
2.9237759999999997	6
1.950208	4
2.43904	5
4.392576	9
4.39488	9
2.931456	6
4.88832	10
2.934528	6
4.89344	10
2.448	5
3.428992	7
6.371455999999999	13
3.4325759999999996	7
3.924992	8
2.4543999999999997	5
2.9468159999999997	6
3.931136	8
2.949888	6
3.4433279999999997	7
1.96864	4
4.92416	10
3.941376	8
4.929279999999999	10
2.4659199999999997	5
1.97376	4
2.962176	6
2.46976	5
2.965248	6
3.461248	7
4.4524799999999995	9
1.484928	3
2.4761599999999997	5
1.981952	4
3.470208	7
4.96	10
2.9775359999999997	6
2.979072	6
3.477376	7
4.9702399999999995	10
5.967359999999999	12
2.4876799999999997	5
4.480128	9
2.988288	6
5.481344	11
3.98848	8
3.4917119999999997	7
3.9925759999999997	8
3.994624	8
3.996672	8
4.9984	10
2.50048	5
3.002112	6
2.0024319999999998	4
4.006912	8
2.5056	5
2.5068799999999998	5
3.009792	6
4.015104	8
5.523584	11
2.512	5
3.518592	7
2.51456	5
3.019008	6
4.027392	8
4.533119999999999	9
3.527552	7
5.546112	11
3.531136	7
5.551743999999999	11
3.5347199999999996	7
5.05216	10
4.5492479999999995	9
3.0343679999999997	6
4.047872	8
8.09984	16
6.584448	13
3.5472639999999998	7
2.028032	4
2.53632	5
4.06016	8
3.046656	6
1.524096	3
4.066304	8
3.559808	7
3.0528	6
4.072448	8
5.09312	10
6.114815999999999	12
7.64736	15
4.59072	9
6.124032	12
4.0847359999999995	8
4.086784	8
5.622144	11
4.090879999999999	8
2.046464	4
5.11872	10
2.048512	4
4.6114559999999996	9
5.126399999999999	10
2.051584	4
4.1052159999999995	8
3.5938559999999997	7
6.163968	12
4.1113599999999995	8
4.113408	8
5.14432	10
5.661568	11
3.604608	7
3.6064	7
6.185472	12
4.641408	9
5.675648	11
3.613568	7
4.1318399999999995	8
2.066944	4
2.067968	4
3.103488	6
2.58752	5
5.1776	10
4.144128	8
4.664448	9
7.259392	14
3.631488	7
5.70944	11
6.7508479999999995	13
5.19552	10
7.277311999999999	14
5.720704	11
4.68288	9
5.20576	10
3.6458239999999997	7
1.563264	3
5.213439999999999	10
1.5648	3
2.087424	4
5.743232	11
4.1789439999999995	8
4.703615999999999	9
4.18304	8
5.23136	10
4.187136	8
3.665536	7
8.382463999999999	16
3.1449599999999998	6
6.819071999999999	13
5.775615999999999	11
12.088064	23
7.8911999999999995	15
5.2659199999999995	10
8.433664	16
7.386623999999999	14
3.168768	6
11.63008	22
8.466432	16
7.94496	15
10.073343999999999	19
7.429632	14
7.4368	14
9.039104	17
4.257792	8
5.8600959999999995	11
6.398975999999999	12
5.87136	11
3.205632	6
8.556543999999999	16
5.888256	11
6.429696	12
10.19008	19
12.883968	24
5.910784	11
9.143552	17
8.613888	16
6.466559999999999	12
10.78784	20
7.018752	13
8.646656	16
5.950208	11
5.955839999999999	11
11.922944	22
7.5944959999999995	14
7.058688	13
6.521856	12
8.16	15
9.801216	18
10.355456	19
9.274111999999999	17
9.282816	17
8.1984	15
7.111936	13
8.761344	16
7.673343999999999	14
7.680511999999999	14
7.687679999999999	14
3.297792	6
7.151872	13
7.158528	13
6.062848	11
9.37856	17
7.178496	13
7.737856	14
6.085376	11
11.628288	21
5.5424	10
5.54752	10
7.773695999999999	14
3.8904319999999997	7
5.56288	10
5.568	10
5.573119999999999	10
8.36736	15
11.725055999999999	21
8.941568	16
11.187199999999999	20
7.838208	14
5.043456	9
6.730752	12
7.298304	13
5.0572799999999996	9
11.24864	20
9.570048	17
8.451839999999999	15
5.075711999999999	9
7.33824	13
9.604864	17
6.786048	12
5.094144	9
6.798336	12
2.8352	5
5.107968	9
7.952896	14
6.822912	12
8.53632	15
10.8224	19
5.7011199999999995	10
9.129984	16
3.4268159999999996	6
4.5731839999999995	8
3.43296	6
5.1540479999999995	9
4.585472	8
5.73696	10
5.167872	9
4.02304	7
3.451392	6
4.030208	7
6.338816	11
4.614144	8
5.7728	10
2.311168	4
5.78304	10
4.051712	7
2.8966399999999997	5
4.63872	8
5.223167999999999	9
4.6469119999999995	8
3.488256	6
7.564544	13
9.9008	17
5.246208	9
6.417663999999999	11
6.423296	11
5.84448	10
6.434559999999999	11
5.8547199999999995	10
6.445824	11
5.86496	10
4.109056	7
6.46272	11
2.9401599999999997	5
4.708352	8
7.657728	13
5.89568	10
5.900799999999999	10
5.315328	9
3.546624	6
7.099392	12
2.368512	4
3.55584	6
5.338368	9
2.96832	5
4.159231999999999	7
4.162815999999999	7
4.166399999999999	7
1.191424	2
5.366016	9
2.3869439999999997	4
2.98624	5
4.18432	7
6.580991999999999	11
2.395136	4
8.98944	15
4.798464	8
6.0032	10
4.806655999999999	8
3.6080639999999997	6
4.212992	7
4.216576	7
5.42592	9
6.033919999999999	10
7.850752	13
4.230912	7
5.444351999999999	9
4.23808	7
5.453568	9
4.851712	8
4.248832	7
1.214976	2
2.432	4
4.8680959999999995	8
4.263167999999999	7
5.485824	9
6.10048	10
3.0528	5
5.499648	9
9.17376	15
3.0604799999999996	5
5.513472	9
1.8393599999999999	3
2.454528	4
2.456576	4
4.917248	8
5.536512	9
2.46272	4
6.161919999999999	10
4.933631999999999	8
3.703296	6
4.9418239999999996	8
3.70944	6
5.5687679999999995	9
3.09632	5
3.09888	5
3.1014399999999998	5
3.1039999999999996	5
3.7278719999999996	6
3.730944	6
4.978688	8
0.622848	1
6.85696	11
4.367103999999999	7
4.9950719999999995	8
5.624064	9
3.752448	6
5.007359999999999	8
5.011456	8
3.1347199999999997	5
4.392192	7
4.395776	7
3.77088	6
1.886976	3
5.036032	8
2.520064	4
2.522112	4
4.41728	7
3.789312	6
2.528256	4
4.428032	7
1.266176	2
5.0687999999999995	8
5.707008	9
2.538496	4
5.081087999999999	8
4.449536	7
6.9977599999999995	11
2.546688	4
5.097472	8
2.5507839999999997	4
3.8292479999999998	6
3.1936	5
3.19616	5
3.19872	5
3.8415359999999996	6
2.563072	4
2.56512	4
1.925376	3
3.2115199999999997	5
5.1425279999999995	8
3.21664	5
5.79456	9
4.510464	7
3.8691839999999997	6
4.517632	7
5.167104	8
2.5856	4
3.2345599999999997	5
1.942272	3
1.295872	2
2.593792	4
2.59584	4
5.845248	9
2.599936	4
2.601984	4
5.208063999999999	8
2.60608	4
3.26016	5
2.610176	4
4.5713919999999995	7
4.5749759999999995	7
3.2704	5
3.927552	6
5.240832	8
4.589312	7
5.905151999999999	9
3.93984	6
1.314304	2
3.2883199999999997	5
1.9745279999999998	3
3.29344	5
1.3184	2
1.319424	2
5.281791999999999	8
5.285888	8
4.628736	7
8.602879999999999	13
4.635904	7
4.639488	7
2.653184	4
4.646656	7
5.978879999999999	9
1.9944959999999998	3
3.9920639999999996	6
3.32928	5
4.664575999999999	7
4.668159999999999	7
6.67392	10
6.011136	9
2.673664	4
5.351424	8
4.01664	6
5.359616	8
3.3523199999999997	5
2.012928	3
4.028928	6
1.3439999999999999	2
6.052607999999999	9
2.019072	3
1.347072	2
2.696192	4
4.72192	7
2.700288	4
6.080255999999999	9
2.7043839999999997	4
2.706432	4
2.03136	3
4.743424	7
3.39072	5
5.429247999999999	8
2.716672	4
2.03904	3
2.0405759999999997	3
1.361408	2
4.768511999999999	7
3.4086399999999997	5
4.7756799999999995	7
6.82752	10
7.515904	11
5.4702079999999995	8
4.105728	6
4.1088	6
4.797184	7
2.743296	4
5.490688	8
4.121087999999999	6
5.49888	8
3.4393599999999998	5
3.4419199999999996	5
5.511168	8
4.136448	6
5.51936	8
8.975615999999999	13
4.836608	7
2.765824	4
3.45984	5
1.38496	2
4.157952	6
3.46752	5
2.776064	4
4.861695999999999	7
6.950399999999999	10
2.782208	4
2.088192	3
4.179456	6
4.8796159999999995	7
4.1856	6
6.98112	10
4.191744	6
4.893952	7
4.897536	7
6.3014399999999995	9
4.904704	7
4.207104	6
7.01696	10
6.319872	9
2.81088	4
6.329088	9
2.1112319999999998	3
4.225536	6
4.2286079999999995	6
5.64224	8
2.1173759999999997	3
7.06304	10
5.654528	8
4.951296	7
8.49408	12
5.666816	8
2.126592	3
6.384384	9
3.5494399999999997	5
4.2623999999999995	6
3.55456	5
3.55712	5
4.9835519999999995	7
4.274687999999999	6
5.703679999999999	8
4.994304	7
4.997888	7
3.5724799999999997	5
3.57504	5
4.29312	6
1.432064	2
5.015808	7
6.453504	9
5.022976	7
5.02656	7
2.155776	3
2.876416	4
1.4392319999999998	2
7.921408	11
1.44128	2
3.6057599999999996	5
4.329984	6
4.333056	6
3.6134399999999998	5
6.5088	9
3.61856	5
2.896896	4
5.073151999999999	7
6.527232	9
3.6288	5
5.0839039999999995	7
5.814272	8
6.5456639999999995	9
3.63904	5
5.82656	8
2.9153279999999997	4
4.3760639999999995	6
2.919424	4
3.65184	5
3.6544	5
3.6569599999999998	5
4.391424	6
4.394496	6
1.4658559999999998	2
5.13408	7
3.6697599999999997	5
4.406784	6
5.144832	7
5.883903999999999	8
6.624	9
2.946048	4
3.68512	5
5.162751999999999	7
5.904383999999999	8
4.43136	6
6.651648	9
6.656256	9
4.440576	6
8.146688	11
4.44672	6
7.41632	10
3.71072	5
5.198592	7
4.459008	6
3.7184	5
7.44192	10
5.212928	7
1.490432	2
4.474368	6
5.22368	7
7.4675199999999995	10
2.9890559999999997	4
2.243328	3
2.993152	4
2.9952	4
5.994496	8
6.748416	9
3.75168	5
6.757632	9
3.7567999999999997	5
9.022464	12
6.0190719999999995	8
3.76448	5
6.027264	8
7.539199999999999	10
8.298752	11
5.2846079999999995	7
4.532736	6
4.535807999999999	6
1.5129599999999999	2
3.027968	4
3.7875199999999998	5
3.0320639999999996	4
6.826752	9
1.5180799999999999	2
5.316864	7
6.8405759999999995	9
1.5211519999999998	2
4.566528	6
3.808	5
6.096896	8
9.914112	13
7.63136	10
6.109184	8
4.58496	6
5.352704	7
2.295552	3
2.297088	3
6.895872	9
4.60032	6
7.67232	10
6.909695999999999	9
4.609535999999999	6
5.3813759999999995	7
6.15424	8
5.388544	7
6.932735999999999	9
6.9373439999999995	9
6.941952	9
6.17472	8
11.58528	15
3.8643199999999998	5
5.413632	7
4.6433279999999995	6
4.6464	6
9.298943999999999	12
3.101696	4
5.431552	7
4.658688	6
6.99264	9
4.664832	6
3.88992	5
11.677439999999999	15
3.1160319999999997	4
3.8975999999999997	5
3.9001599999999996	5
9.366527999999999	12
4.686336	6
8.597248	11
7.03872	9
7.043328	9
5.4817279999999995	7
2.350848	3
13.330176	17
4.70784	6
5.496064	7
10.213631999999999	13
9.434111999999999	12
4.720128	6
4.723199999999999	6
9.452544	12
6.305791999999999	8
6.309888	8
4.735488	6
6.31808	8
5.531904	7
6.3262719999999995	8
7.121664	9
8.709888	11
7.130879999999999	9
4.756991999999999	6
4.760064	6
5.556992	7
5.560576	7
7.153919999999999	9
10.340095999999999	13
5.571327999999999	7
4.778496	6
4.781568	6
4.78464	6
5.5856639999999995	7
4.7907839999999995	6
11.185664	14
3.9974399999999997	5
4.0	5
4.00256	5
8.01024	10
8.816896	11
6.416384	8
4.0127999999999995	5
5.621504	7
4.821504	6
8.845056	11
13.678336	17
6.44096	8
6.445056	8
11.286016	14
8.873216	11
4.035839999999999	5
6.46144	8
4.849152	6
5.660928	7
6.4737279999999995	8
7.287552	9
8.1024	10
7.296767999999999	9
5.6788479999999995	7
11.364863999999999	14
7.310592	9
8.128	10
6.506495999999999	8
3.255296	4
7.3290239999999995	9
8.14848	10
8.96896	11
8.974592	11
7.347455999999999	9
8.985856	11
5.721856	7
5.72544	7
5.729024	7
7.370495999999999	9
9.014016	11
9.019648	11
3.28192	4
11.493888	14
5.750528	7
13.974272	17
8.22528	10
9.876479999999999	12
6.588416	8
7.416576	9
4.947456	6
7.4257919999999995	9
7.4304	9
7.435008	9
9.919488	12
6.617088	8
9.104128	11
9.10976	11
6.629376	8
4.145919999999999	5
9.956351999999999	12
10.792703999999999	13
8.3072	10
7.481088	9
13.307903999999999	16
9.154816	11
9.160447999999999	11
3.3331199999999996	4
8.33792	10
5.005824	6
7.513344	9
9.188608	11
15.88096	19
10.036223999999999	12
4.18432	5
5.861632	7
10.054656	12
8.384	10
7.550208	9
9.233664	11
12.599039999999999	15
9.244928	11
10.09152	12
10.097664	12
9.261823999999999	11
8.42496	10
9.273088	11
10.96576	13
8.44032	10
7.600896	9
9.295615999999999	11
8.45568	10
9.30688	11
10.159104	12
9.318144	11
10.171391999999999	12
10.177536	12
10.183679999999999	12
10.189824	12
5.947648	7
11.052287999999999	13
11.909632	14
11.9168	14
15.330815999999999	18
10.226688	12
8.52736	10
6.825984	8
9.391359999999999	11
12.814079999999999	15
9.402624	11
11.974143999999999	14
15.404544	18
9.41952	11
11.138816	13
12.002816	14
6.862848	8
13.733887999999999	16
11.16544	13
12.89088	15
7.739135999999999	9
19.789568	23
10.331135999999999	12
9.47584	11
6.8956159999999995	8
11.212031999999999	13
15.533567999999999	18
10.361856	12
10.368	12
11.238655999999999	13
12.110336	14
12.117504	14
8.66048	10
9.53216	11
6.069503999999999	7
4.3379199999999996	5
7.812863999999999	9
7.8174719999999995	9
16.513279999999998	19
6.0874239999999995	7
13.922303999999999	16
10.447872	12
5.227008	6
8.7168	10
6.977536	8
13.09056	15
6.112512	7
5.242368	6
9.61664	11
7.872768	9
6.126848	7
8.75776	10
6.134016	7
7.014399999999999	8
5.263872	6
4.38912	5
11.418368	13
11.425023999999999	13
10.55232	12
13.19808	15
9.684224	11
8.808959999999999	10
10.576896	12
9.70112	11
4.41216	5
2.648832	3
9.718016	11
15.027455999999999	17
5.30688	6
7.079936	8
12.397056	14
7.088127999999999	8
10.638335999999999	12
9.757439999999999	11
8.87552	10
4.44032	5
5.331456	6
10.669056	12
6.2272	7
10.681344	12
4.45312	5
6.237952	7
8.024832	9
3.56864	4
13.39008	15
7.145472	8
8.043263999999999	9
7.153664	8
5.36832	6
3.5809279999999997	4
13.43616	15
7.1700479999999995	8
5.380608	6
8.07552	9
6.2845439999999995	7
5.389824	6
6.2917119999999995	7
8.093952	9
5.399039999999999	6
7.202815999999999	8
6.306048	7
9.01376	10
2.705664	3
6.3168	7
4.5145599999999995	5
7.227392	8
7.231488	8
5.4266879999999995	6
8.144639999999999	9
5.432831999999999	6
7.247872	8
3.625984	4
2.721024	3
5.44512	6
5.448192	6
3.6341759999999996	4
9.09056	10
5.457408	6
5.46048	6
10.016511999999999	11
6.377727999999999	7
8.204544	9
0.9121279999999999	1
7.30112	8
7.305216	8
5.481984	6
6.399232	7
7.317504	8
5.4912	6
2.747136	3
7.329791999999999	8
4.58368	5
3.668992	4
4.5888	5
1.836544	2
3.6751359999999997	4
5.515776	6
3.679232	4
6.44224	7
1.841664	2
2.764032	3
2.765568	3
5.534208	6
2.76864	3
3.693568	4
3.695616	4
3.6976639999999996	4
5.549568	6
7.403519999999999	8
2.777856	3
3.705856	4
4.63488	5
6.4924159999999995	7
5.568	6
6.499584	7
4.6451199999999995	5
1.8590719999999998	2
1.860096	2
3.7222399999999998	4
7.448576	8
5.589504	6
0.9320959999999999	1
4.66304	5
9.331199999999999	10
0.9336319999999999	1
7.473152	8
2.803968	3
5.611008	6
0.93568	1
6.556928	7
5.623296	6
2.8131839999999997	3
2.81472	3
2.816256	3
4.69632	5
3.759104	4
2.820864	3
2.8224	3
2.823936	3
1.883648	2
3.769344	4
4.71424	5
1.88672	2
6.607104	7
5.666303999999999	6
2.834688	3
2.836224	3
1.89184	2
1.8928639999999999	2
1.893888	2
5.684736	6
3.7918719999999997	4
2.84544	3
0.948992	1
0.9495039999999999	1
3.800064	4
0.9505279999999999	1
4.755199999999999	5
7.612416	8
1.9041279999999998	2
1.905152	2
3.8123519999999997	4
1.9072	2
1.908224	2
2.8638719999999998	3
1.910272	2
1.9112959999999999	2
1.91232	2
1.913344	2
1.9143679999999998	2
2.873088	3
2.874624	3
3.8348799999999996	4
4.7961599999999995	5
2.879232	3
3.841024	4
3.843072	4
3.8451199999999996	4
1.923584	2
4.81152	5
2.888448	3
5.779967999999999	6
1.9276799999999998	2
2.893056	3
1.9297279999999999	2
3.8615039999999996	4
2.9007359999999998	3
3.869696	4
0.9679359999999999	1
2.905344	3
2.9068799999999997	3
0.969472	1
3.879936	4
2.911488	3
2.91456	3
5.832192	6
3.890176	4
1.9461119999999998	2
0.973568	1
5.84448	6
0.9745919999999999	1
1.950208	2
3.9024639999999997	4
2.928384	3
2.92992	3
1.9543039999999998	2
1.9563519999999999	2
1.957376	2
3.9168	4
1.9594239999999998	2
3.920896	4
2.942208	3
1.962496	2
3.92704	4
3.9290879999999997	4
0.982784	1
1.966592	2
0.98432	1
2.954496	3
1.970688	2
1.971712	2
0.9863679999999999	1
4.9344	5
2.9637119999999997	3
3.953664	4
2.966784	3
0.98944	1
2.971392	3
2.972928	3
2.9744639999999998	3
1.984	2
4.96256	5
4.96768	5
0.9940479999999999	1
1.98912	2
2.985216	3
0.9955839999999999	1
0.996096	1
1.9932159999999999	2
0.99712	1
0.997632	1
2.995968	3
1.998336	2
0.9996799999999999	1
2.001408	2
5.00608	5
1.001728	1
5.0112	5
3.008256	3
2.006528	2
1.003776	1
1.0042879999999998	1
2.0096	2
1.005312	1
2.011648	2
4.027392	4
1.00736	1
3.023616	3
1.008384	1
2.017792	2
1.00992	1
1.010944	1
1.011456	1
3.035904	3
1.01248	1
1.012992	1
1.013504	1
1.0145279999999999	1
1.01504	1
2.031104	2
2.0321279999999997	2
3.049728	3
1.017088	1
2.0352	2
2.036224	2
2.037248	2
1.0196479999999999	1
3.0604799999999996	3
1.020672	1
1.0211839999999999	1
3.065088	3
1.022208	1
2.0454399999999997	2
1.023232	1
2.048512	2
1.024768	1
2.05056	2
1.025792	1
1.026816	1
1.027328	1
1.0278399999999999	1
2.056704	2
2.057728	2
2.0587519999999997	2
1.029888	1
1.0304	1
1.031424	1
1.031936	1
3.09888	3
3.10656	3
1.036032	1
1.036544	1
1.037056	1
1.037568	1
3.1142399999999997	3
1.0396159999999999	1
1.040128	1
2.08128	2
1.0411519999999999	1
1.041664	1
2.084352	2
1.042688	1
2.087424	2
1.0447359999999999	1
1.045248	1
3.141888	3
1.04832	1
1.0511359999999998	1
3.1564799999999997	3
1.053184	1
2.110464	2
1.0562559999999999	1
2.116608	2
3.177984	3
1.060352	1
1.0624	1
1.063424	1
1.064448	1
2.130944	2
1.0664959999999999	1
1.068544	1
1.0695679999999999	1
3.214848	3
3.21792	3
3.220992	3
3.224064	3
1.075712	1
1.076736	1
2.15552	2
1.0798079999999999	1
2.161664	2
3.245568	3
3.24864	3
1.084928	1
1.0879999999999999	1
2.178048	2
2.180096	2
2.182144	2
2.1862399999999997	2
1.094144	1
2.192384	2
3.29472	3
1.099264	1
1.100288	1
3.3070079999999997	3
1.104384	1
4.425727999999999	4
1.1115519999999999	1
3.3407999999999998	3
1.114624	1
1.115648	1
3.3500159999999997	3
1.11872	1
1.12384	1
1.1248639999999999	1
2.251776	2
2.262016	2
3.399168	3
1.135104	1
1.136128	1
2.2865919999999997	2
2.305024	2
3.4636799999999996	3
2.311168	2
1.1617279999999999	1
1.163776	1
1.170944	1
2.348032	2
1.1750399999999999	1
1.187328	1
1.192448	1
1.196544	1
1.1985919999999999	1
1.20064	1
1.204736	1
1.2067839999999999	1
1.21088	1
1.2170239999999999	1
1.223168	1
1.2334079999999998	1
2.475008	2
1.239552	1
1.247744	1
1.250816	1
1.254912	1
1.2702719999999998	1
1.27232	1
1.294848	1
1.295872	1
1.304064	1
1.309184	1
1.3122559999999999	1
1.314304	1
1.324544	1
1.356288	1
1.36448	1
1.3655039999999998	1
1.37984	1
1.3808639999999999	1
2.796544	2
1.41056	1
1.421824	1
1.4310399999999999	1
1.432064	1
1.440256	1
1.4443519999999999	1
2.896896	2
1.45152	1
1.4576639999999998	1
1.475072	1
1.493504	1
1.495552	1
1.4976	1
1.5180799999999999	1
1.5231999999999999	1
1.590784	1
1.598976	1
1.675776	1
1.686016	1
1.8928639999999999	1
1.89696	1
1.9307519999999998	1
1.9430399999999999	1
1.9727359999999998	1
2.012672	1
2.14528	1
2.20672	1
2.274304	1
2.501632	1
2.610176	1
2.702336	1
2.763776	1
2.886656	1
3.576832	1
4.129792	1
4.261888	1
4.6673919999999995	1
4.8680959999999995	1
9.842687999999999	2
5.23264	1
5.310464	1
5.380096	1
5.51936	1
6.3999999999999995	1
6.457344	1
6.653951999999999	1
7.018496	1
7.346176	1
7.366656	1
8.075263999999999	1
8.194048	1
8.36608	1
8.523776	1
8.556543999999999	1
8.753152	1
8.966144	1
9.474048	1
9.875456	1
11.24352	1
11.423744	1
11.800576	1
20.094976	1
23.71584	1
25.76384	1
26.370047999999997	1
26.976256	1
27.090944	1
27.582463999999998	1
28.024832	1
28.565503999999997	1
28.909568	1
28.95872	1
29.155327999999997	1
29.597696	1
30.089216	1
30.171135999999997	1
30.203903999999998	1
30.253055999999997	1
30.449664	1
30.777344	1
30.924799999999998	1
31.023104	1
51.789823999999996	1
55.951359999999994	1
56.016895999999996	1
56.770559999999996	1
57.819136	1
58.834944	1
59.064319999999995	1
59.260928	1
59.490303999999995	1
59.752447999999994	1
59.850752	1
60.37504	1
60.440576	1
60.997631999999996	1
0.37619199999999997	1
0.379776	1
0.38208	1
0.766208	2
0.38745599999999997	1
0.387712	1
0.387968	1
0.38822399999999996	1
0.38873599999999997	1
0.388992	1
0.389248	1
0.7790079999999999	2
0.7815679999999999	2
0.39104	1
0.391296	1
0.39155199999999996	1
0.7841279999999999	2
0.39232	1
0.39283199999999996	1
0.3936	1
0.394368	1
0.395136	1
1.186944	3
0.39615999999999996	1
0.396416	1
0.397184	1
0.397952	1
0.398464	1
0.797952	2
0.399232	1
0.39948799999999995	1
0.800512	2
0.400512	1
0.40076799999999996	1
0.401024	1
0.40127999999999997	1
0.401536	1
0.402304	1
0.40256	1
0.805632	2
0.806144	2
0.40332799999999996	1
0.80768	2
0.40409599999999996	1
0.8092159999999999	2
1.214592	3
0.405632	1
0.406144	1
1.219968	3
0.814336	2
0.814848	2
0.8158719999999999	2
0.816384	2
0.408448	1
1.6348159999999998	4
1.22688	3
0.8184319999999999	2
0.409728	1
1.23072	3
0.41049599999999997	1
2.05632	5
0.82304	2
0.823552	2
1.6481279999999998	4
1.649152	4
0.41254399999999997	1
0.826112	2
1.6532479999999998	4
0.413568	1
0.41382399999999997	1
1.24224	3
0.414336	1
0.41459199999999996	1
0.829696	2
0.415104	1
0.41536	1
0.415616	1
2.911104	7
1.248384	3
1.249152	3
0.833792	2
0.417408	1
0.835328	2
0.8358399999999999	2
0.836352	2
0.8368639999999999	2
0.837376	2
0.837888	2
1.6767999999999998	4
0.419456	1
1.678848	4
0.839936	2
0.840448	2
0.42047999999999996	1
1.682944	4
1.683968	4
0.8424959999999999	2
1.2645119999999999	3
0.844032	2
0.422272	1
0.42252799999999996	1
0.845568	2
2.96128	7
1.270656	3
1.2714239999999999	3
0.848128	2
0.84864	2
0.42457599999999995	1
0.424832	1
2.550528	6
1.2760319999999998	3
1.2768	3
0.8517119999999999	2
0.852224	2
0.8527359999999999	2
1.279872	3
1.70752	4
0.8542719999999999	2
0.854784	2
0.427648	1
0.855808	2
1.71264	4
0.8568319999999999	2
2.14336	5
0.428928	1
1.287552	3
3.43552	8
1.289088	3
1.289856	3
2.15104	5
2.15232	5
3.44576	8
0.43097599999999997	1
2.15616	5
0.862976	2
0.43174399999999996	1
1.728	4
1.296768	3
1.297536	3
1.298304	3
1.299072	3
1.73312	4
3.0347519999999997	7
0.43379199999999996	1
0.434048	1
2.17152	5
0.43456	1
0.434816	1
1.305216	3
0.870656	2
0.43558399999999997	1
1.74336	4
1.744384	4
1.7454079999999998	4
0.436608	1
0.436864	1
0.43711999999999995	1
1.312128	3
0.8752639999999999	2
0.437888	1
1.752576	4
0.8767999999999999	2
0.877312	2
2.633472	6
0.439168	1
1.757696	4
0.8793599999999999	2
1.3198079999999999	3
1.7607679999999999	4
1.3213439999999999	3
0.881408	2
1.7638399999999999	4
2.20608	5
0.441472	1
1.325184	3
1.325952	3
2.2112	5
1.769984	4
1.3282559999999999	3
0.44300799999999996	1
0.886528	2
0.8870399999999999	2
3.106432	7
1.332096	3
1.332864	3
0.889088	2
1.7792	4
1.335168	3
2.671872	6
3.118976	7
0.891648	2
1.78432	4
3.124352	7
3.126144	7
1.340544	3
2.6826239999999997	6
1.34208	3
0.8952319999999999	2
2.687232	6
1.344384	3
1.793536	4
1.79456	4
1.7955839999999998	4
0.449408	1
1.348992	3
0.44992	1
1.8007039999999999	4
2.25216	5
1.802752	4
1.352832	3
2.7072	6
2.2572799999999997	5
1.806848	4
1.807872	4
0.9044479999999999	2
0.9054719999999999	2
0.452992	1
1.812992	4
0.9070079999999999	2
0.45376	1
0.908032	2
0.9085439999999999	2
2.27264	5
1.8191359999999999	4
2.73024	6
2.27648	5
2.7333119999999997	6
1.823232	4
0.9121279999999999	2
1.36896	3
1.826304	4
2.28416	5
0.457088	1
1.829376	4
1.3728	3
1.831424	4
1.374336	3
2.29184	5
0.917248	2
1.8355199999999998	4
1.836544	4
1.8375679999999999	4
2.29824	5
1.3797119999999998	3
1.38048	3
1.841664	4
1.382016	3
0.460928	1
3.228288	7
0.9228799999999999	2
0.461696	1
1.385856	3
1.8488319999999998	4
1.849856	4
0.9254399999999999	2
3.2408319999999997	7
0.926464	2
3.7079039999999996	8
0.927488	2
2.784	6
0.928512	2
2.3225599999999997	5
0.46476799999999996	1
0.930048	2
1.8611199999999999	4
1.862144	4
2.794752	6
1.3981439999999998	3
2.797824	6
2.3327999999999998	5
2.3340799999999997	5
0.467072	1
2.33664	5
2.33792	5
3.74272	8
0.46809599999999996	1
1.873408	4
2.34304	5
1.4065919999999998	3
1.40736	3
2.816256	6
1.408896	3
2.34944	5
1.880576	4
2.8224	6
1.8826239999999999	4
1.412736	3
1.4135039999999999	3
2.828544	6
1.88672	4
2.35968	5
2.36096	5
4.252032	9
3.7816319999999997	8
0.94592	2
1.8928639999999999	4
4.261248	9
4.263552	9
2.8439039999999998	6
1.42272	3
2.37248	5
1.424256	3
0.950016	2
0.9505279999999999	2
1.4265599999999998	3
4.281984	9
4.76032	10
2.38144	5
2.38272	5
2.8608	6
1.431168	3
1.4319359999999999	3
3.820544	8
2.3891199999999997	5
2.86848	6
3.826688	8
1.9143679999999998	4
2.873088	6
2.874624	6
0.9587199999999999	2
4.3165439999999995	9
4.318848	9
2.40064	5
0.480384	1
1.4419199999999999	3
3.366272	7
2.40576	5
2.888448	6
1.926656	4
2.4095999999999997	5
3.857408	8
2.894592	6
3.8615039999999996	8
3.863552	8
2.8992	6
2.9007359999999998	6
2.41856	5
1.9358719999999998	4
1.936896	4
1.9379199999999999	4
3.3931519999999997	7
1.4549759999999998	3
0.48524799999999996	1
2.913024	6
3.40032	7
3.402112	7
2.917632	6
3.405696	7
2.9207039999999997	6
2.4352	5
1.9491839999999998	4
2.43776	5
1.4634239999999998	3
2.928384	6
3.90656	8
3.420032	7
2.44416	5
5.379968	11
2.936064	6
3.4272	7
2.939136	6
1.4703359999999999	3
4.4133119999999995	9
2.4531199999999997	5
1.47264	3
2.45568	5
3.931136	8
1.966592	4
1.475712	3
2.95296	6
1.9696639999999999	4
4.434048	9
3.943424	8
3.452288	7
4.44096	9
2.46848	5
1.975808	4
2.47104	5
4.94464	10
1.97888	4
3.464832	7
3.466624	7
1.981952	4
5.453183999999999	11
3.472	7
0.992512	2
1.489536	3
1.4903039999999999	3
2.4851199999999998	5
2.9836799999999997	6
0.995072	2
2.48896	5
3.4863359999999997	7
4.484736	9
1.49568	3
2.49408	5
2.9944319999999998	6
5.492608	11
3.996672	8
3.4988799999999998	7
4.500864	9
4.503168	9
5.506688	11
3.506048	7
4.510079999999999	9
2.5068799999999998	5
3.009792	6
2.007552	4
1.506432	3
1.5071999999999999	3
3.015936	6
3.0174719999999997	6
1.006336	2
2.51712	5
5.0367999999999995	10
2.5196799999999997	5
2.52096	5
3.026688	6
4.542336	9
3.02976	6
2.020864	4
5.05472	10
3.5400959999999997	7
2.5299199999999997	5
1.01248	2
2.025984	4
8.614784	17
1.521024	3
3.043584	6
3.04512	6
2.031104	4
3.048192	6
5.082879999999999	10
3.559808	7
2.0352	4
2.54528	5
1.018624	2
3.566976	7
4.0785919999999996	8
5.1008	10
4.082688	8
6.127104	12
2.55424	5
3.066624	6
6.1363199999999996	12
7.162624	14
3.5831039999999996	7
4.097024	8
3.0743039999999997	6
3.5884799999999997	7
2.56448	5
3.078912	6
1.026816	2
4.109312	8
4.113408	8
2.57216	5
1.5440639999999999	3
3.089664	6
4.1216	8
5.15456	10
2.57856	5
3.611776	7
5.16224	10
4.1318399999999995	8
3.617152	7
5.6869119999999995	11
6.206976	12
6.727551999999999	13
4.14208	8
6.734208	13
4.664448	9
2.59264	5
3.631488	7
3.6332799999999996	7
3.6350719999999996	7
3.1173119999999996	6
3.118848	6
2.60032	5
5.72352	11
5.20576	10
4.687488	9
3.126528	6
4.170752	8
5.216	10
5.21856	10
4.176896	8
4.1789439999999995	8
3.658368	7
4.70592	9
3.138816	6
4.187136	8
6.283776	12
4.715136	9
2.6208	5
5.245439999999999	10
7.875839999999999	15
7.88352	15
6.83904	13
6.319103999999999	12
10.54208	20
7.9142399999999995	15
6.337536	12
8.98688	17
5.291519999999999	10
10.59328	20
14.314751999999999	27
9.552384	18
7.968	15
6.3805439999999995	12
10.112256	19
7.458304	14
7.465471999999999	14
13.877759999999999	26
6.945536	13
9.091327999999999	17
7.4941439999999995	14
9.108736	17
7.50848	14
8.05248	15
10.209536	19
5.916416	11
13.997568	26
8.0832	15
7.551488	14
8.638463999999999	16
10.267904	19
9.195776	17
7.580159999999999	14
8.12928	15
12.476671999999999	23
5.42976	10
8.695808	16
8.703999999999999	16
9.256704	17
8.720384	16
8.18304	15
9.828864	18
7.10528	13
6.017792	11
9.856512	18
11.510016	21
6.034688	11
8.785919999999999	16
6.045952	11
6.051584	11
10.462463999999999	19
9.921024	18
11.0336	20
13.8048	25
4.974336	9
7.191808	13
10.520832	19
5.5424	10
6.657024	12
7.773695999999999	14
3.8904319999999997	7
11.12576	20
10.0224	18
5.573119999999999	10
5.57824	10
6.700031999999999	12
10.059263999999999	18
5.5935999999999995	10
8.957951999999999	16
10.086912	18
5.60896	10
8.42112	15
4.49536	8
7.311616	13
6.192384	11
7.888383999999999	14
4.511744	8
3.9513599999999998	7
6.779903999999999	12
6.786048	12
5.660159999999999	10
3.965696	7
8.5056	15
6.810624	12
7.384831999999999	13
4.548608	8
4.552703999999999	8
6.8351999999999995	12
6.2712319999999995	11
6.276864	11
11.42272	20
3.429888	6
10.298879999999999	18
6.299392	11
5.158656	9
6.310656	11
6.316288	11
5.17248	9
9.203712	16
6.333184	11
6.915071999999999	12
9.805056	17
6.927359999999999	12
5.200127999999999	9
5.204736	9
6.366975999999999	11
4.634624	8
5.7984	10
5.223167999999999	9
4.066047999999999	7
8.139263999999999	14
8.72832	15
9.3184	16
4.080384	7
7.001087999999999	12
6.423296	11
4.675584	8
2.9248	5
2.341888	4
4.687872	8
2.345984	4
8.805119999999999	15
3.52512	6
4.704256	8
2.94272	5
4.712448	8
5.306112	9
4.13056	7
5.90592	10
5.91104	10
8.87424	15
4.737024	8
4.14848	7
3.558912	6
6.530304	11
5.3475839999999994	9
5.94688	10
4.7616	8
3.5742719999999997	6
5.366016	9
3.580416	6
7.166976	12
2.9888	5
6.580991999999999	11
4.790272	8
2.99648	5
5.99808	10
4.20224	7
7.810816	13
6.01344	10
4.212992	7
4.216576	7
8.44032	14
3.620352	6
2.415616	4
8.461824	14
3.0246399999999998	5
5.44896	9
6.05952	10
4.851712	8
5.462784	9
3.6449279999999997	6
6.08	10
6.08512	10
6.699263999999999	11
4.876288	8
4.880383999999999	8
7.32672	12
5.499648	9
2.446336	4
6.120959999999999	10
6.12608	10
4.90496	8
4.295424	7
6.141439999999999	10
3.07328	5
4.306176	7
3.69408	6
3.0809599999999997	5
6.16704	10
5.554944	9
2.4709119999999998	4
6.1823999999999995	10
6.18752	10
3.09632	5
2.479104	4
4.962304	8
5.5872	9
3.7278719999999996	6
1.2436479999999999	2
4.356352	7
4.359935999999999	7
4.98688	8
1.871616	3
3.746304	6
4.999168	8
4.3778559999999995	7
7.5110399999999995	12
4.385024	7
5.015552	8
3.13728	5
1.883904	3
4.39936	7
4.402944	7
0.629504	1
2.520064	4
2.522112	4
3.78624	6
1.894656	3
4.424448	7
1.8977279999999999	3
5.697792	9
3.8015999999999996	6
4.438784	7
4.442368	7
6.35136	10
3.813888	6
1.90848	3
2.546688	4
3.823104	6
3.1884799999999998	5
7.020288	11
1.27744	2
3.8353919999999997	6
7.037184	11
3.2012799999999997	5
3.20384	5
3.2064	5
5.134335999999999	8
2.569216	4
1.928448	3
4.503296	7
5.15072	8
1.9330559999999999	3
4.514048	7
0.645376	1
4.521216	7
1.2928	2
5.1752959999999995	8
1.942272	3
1.943808	3
4.539136	7
2.59584	4
2.5978879999999998	4
5.849856	9
3.902976	6
1.3020159999999998	2
8.469759999999999	13
7.172352	11
7.1779839999999995	11
1.959168	3
5.228543999999999	8
4.5785599999999995	7
3.27296	5
2.620416	4
5.244928	8
1.968384	3
1.96992	3
1.314304	2
3.9459839999999997	6
1.9745279999999998	3
5.928192	9
3.296	5
9.235968	14
3.961344	6
5.285888	8
6.61248	10
9.26464	14
1.986816	3
3.976704	6
3.9797759999999998	6
3.9828479999999997	6
4.65024	7
5.318656	8
3.9920639999999996	6
3.32928	5
4.664575999999999	7
8.66944	13
5.339136	8
4.007423999999999	6
4.010496	6
5.351424	8
4.68608	7
5.359616	8
4.022784	6
4.696832	7
6.043392	9
4.032	6
4.707584	7
4.711168	7
5.388288	8
2.022144	3
4.047359999999999	6
6.750719999999999	10
6.080255999999999	9
2.7043839999999997	4
3.38304	5
4.73984	7
4.065792	6
6.78144	10
4.750592	7
4.0750079999999995	6
4.75776	7
2.720768	4
5.445632	8
4.768511999999999	7
4.090368	6
4.7756799999999995	7
6.144768	9
2.049792	3
3.4188799999999997	5
7.527168	11
4.1088	6
4.797184	7
3.4291199999999997	5
8.236032	12
4.807936	7
8.24832	12
4.815104	7
4.818688	7
6.88896	10
5.515264	8
6.20928	9
7.594752	11
6.90944	10
2.0743679999999998	3
5.535743999999999	8
9.00224	13
2.7719679999999998	4
3.46752	5
5.552128	8
2.7781119999999997	4
4.17024	6
3.47776	5
8.352768	12
4.179456	6
5.576703999999999	8
4.8831999999999995	7
8.377343999999999	12
4.890368	7
5.593088	8
3.49824	5
4.20096	6
2.102016	3
4.207104	6
7.718655999999999	11
3.51104	5
3.5136	5
4.922624	7
2.1112319999999998	3
5.634048	8
4.933376	7
6.347519999999999	9
4.940544	7
3.53152	5
2.827264	4
3.53664	5
7.078399999999999	10
2.833408	4
4.253184	6
3.54688	5
4.969215999999999	7
3.552	5
1.421824	2
4.2685439999999994	6
4.271616	6
3.5622399999999996	5
4.99072	7
5.707776	8
5.711872	8
3.5724799999999997	5
3.57504	5
4.29312	6
7.876352	11
2.149632	3
5.736447999999999	8
2.152704	3
5.02656	7
5.030144	7
2.876416	4
5.037312	7
5.761024	8
6.48576	9
2.884608	4
4.329984	6
3.61088	5
2.890752	4
3.6159999999999997	5
6.513408	9
7.24224	10
2.1742079999999997	3
1.450496	2
4.35456	6
1.4525439999999998	2
2.180352	3
4.363776	6
4.366848	6
6.55488	9
3.64416	5
2.1880319999999998	3
1.459712	2
2.921472	4
2.19264	3
4.388351999999999	6
4.391424	6
2.197248	3
8.062208	11
5.13408	7
3.6697599999999997	5
6.610176	9
3.67488	5
3.67744	5
4.4159999999999995	6
1.473024	2
3.68512	5
1.475072	2
2.214144	3
2.21568	3
6.651648	9
2.958336	4
2.960384	4
2.9624319999999997	4
2.96448	4
1.483264	2
5.937151999999999	8
2.2279679999999997	3
5.202176	7
3.7184	5
4.465152	6
5.957631999999999	8
3.7260799999999996	5
3.72864	5
2.98496	4
4.480512	6
1.4945279999999999	2
2.243328	3
2.993152	4
3.7439999999999998	5
3.7465599999999997	5
2.249472	3
5.252352	7
2.252544	3
5.25952	7
5.263103999999999	7
9.028608	12
6.776064	9
3.013632	4
3.0156799999999997	4
3.77216	5
3.77472	5
6.799104	9
1.511936	2
4.53888	6
3.78496	5
6.060032	8
0.7580159999999999	1
3.034112	4
4.55424	6
6.076416	8
6.8405759999999995	9
8.366336	11
4.566528	6
4.569599999999999	6
6.859007999999999	9
2.2878719999999997	3
4.578816	6
8.400128	11
7.6415999999999995	10
5.352704	7
6.121472	8
3.82848	5
3.064832	4
3.8335999999999997	5
3.0689279999999997	4
8.445184	11
5.3777919999999995	7
5.3813759999999995	7
6.92352	9
0.7697919999999999	1
6.932735999999999	9
6.166528	8
3.8566399999999996	5
7.7184	10
8.495872	11
5.410048	7
3.8668799999999997	5
6.191104	8
4.6464	6
2.3247359999999997	3
0.775424	1
3.103744	4
3.88224	5
6.21568	8
3.1098879999999998	4
2.333952	3
7.78496	10
7.79008	10
2.3385599999999998	3
7.020288	9
5.463807999999999	7
5.467391999999999	7
5.470975999999999	7
6.25664	8
5.4781439999999995	7
7.047936	9
6.268928	8
4.704768	6
3.13856	4
3.92576	5
5.499648	7
7.861759999999999	10
4.720128	6
4.723199999999999	6
13.391103999999999	17
6.305791999999999	8
3.9436799999999996	5
3.94624	5
8.68736	11
3.9513599999999998	5
2.372352	3
8.704255999999999	11
11.87712	15
7.9232	10
9.513983999999999	12
7.140096	9
3.175424	4
7.94368	10
8.74368	11
8.749312	11
3.97952	5
7.96416	10
6.375424	8
4.78464	6
8.777472	11
6.387712	8
8.788736	11
7.994879999999999	10
9.6	12
7.2046079999999995	9
3.204096	4
5.610752	7
5.614336	7
4.81536	6
8.833791999999999	11
4.821504	6
10.453248	13
10.459904	13
5.63584	7
8.05632	10
6.449152	8
4.839936	6
6.457344	8
8.0768	10
8.08192	10
5.660928	7
8.901375999999999	11
5.668095999999999	7
6.48192	8
6.486015999999999	8
2.433792	3
8.117759999999999	10
5.6860159999999995	7
9.753599999999999	12
6.506495999999999	8
10.579711999999999	13
8.14336	10
5.703936	7
5.70752	7
8.974592	11
12.245759999999999	15
8.985856	11
11.443712	14
13.904639999999999	17
9.821183999999999	12
14.740991999999999	18
9.014016	11
8.199679999999999	10
9.02528	11
9.030911999999999	11
10.679552	13
11.508224	14
8.22528	10
9.876479999999999	12
9.882624	12
7.416576	9
9.894912	12
10.726144	13
8.256	10
11.565567999999999	14
9.092863999999999	11
10.752768	13
11.587072	14
9.93792	12
7.458048	9
8.291839999999999	10
7.467263999999999	9
7.471871999999999	9
14.95296	18
5.818624	7
14.971392	18
7.490304	9
10.825984	13
9.99936	12
8.33792	10
3.3372159999999997	4
11.687424	14
6.682624	8
9.194239999999999	11
17.563392	21
10.879232	13
4.1868799999999995	5
5.027328	6
8.384	10
17.617152	21
15.949055999999999	19
13.438976	16
11.766271999999999	14
9.25056	11
7.5732479999999995	9
11.787776	14
13.479935999999999	16
10.116095999999999	12
8.4352	10
10.128383999999999	12
8.44544	10
5.915392	7
5.918976	7
15.229439999999999	18
15.238655999999999	18
16.94208	20
11.866624	14
6.785024	8
14.426879999999999	17
12.73728	15
8.49664	10
11.902464	14
6.805504	8
9.363199999999999	11
13.627391999999999	16
6.817792	8
5.116416	6
12.79872	15
9.391359999999999	11
7.688447999999999	9
2.564352	3
11.118848	13
13.692928	16
13.70112	16
8.56832	10
6.858752	8
6.862848	8
14.592255999999999	17
12.883199999999999	15
12.031488	14
7.739135999999999	9
11.185407999999999	13
13.774847999999999	16
9.47584	11
9.481472	11
17.24928	20
8.62976	10
10.361856	12
8.639999999999999	10
6.916096	8
9.515264	11
11.251968	13
8.66048	10
9.53216	11
4.33536	5
13.01376	15
3.472384	4
9.554687999999999	11
8.6912	10
8.69632	10
11.311872	13
8.70656	10
12.196352	14
10.46016	12
8.721919999999999	10
6.981631999999999	8
6.985728	8
4.36864	5
6.993919999999999	8
10.497024	12
5.251583999999999	6
7.881983999999999	9
7.886591999999999	9
9.6448	11
8.77312	10
9.656063999999999	11
10.540032	12
8.78848	10
5.27616	6
9.678592	11
10.564608	12
12.332543999999999	14
12.339711999999999	14
7.9372799999999994	9
13.23648	15
4.41472	5
8.83456	10
7.955711999999999	9
13.267199999999999	15
7.079936	8
12.397056	14
11.518208	13
9.751807999999999	11
9.757439999999999	11
10.650623999999999	12
9.768704	11
10.662912	12
5.334528	6
13.344	15
8.901119999999999	10
8.90624	10
10.693632	12
5.349888	6
11.59808	13
9.819391999999999	11
10.718207999999999	12
3.5747839999999997	4
9.836288	11
7.15776	8
5.371392	6
14.331904	16
7.1700479999999995	8
3.587072	4
6.280959999999999	7
8.080128	9
8.084736	9
6.2917119999999995	7
5.395968	6
7.19872	8
4.50176	5
5.405183999999999	6
10.816512	12
2.705664	3
5.4144	6
7.2232959999999995	8
4.517119999999999	5
10.847232	12
9.948928	11
8.144639999999999	9
7.2437759999999995	8
4.52992	5
4.53248	5
4.5350399999999995	5
9.982719999999999	11
7.264256	8
9.08544	10
9.999616	11
1.8191359999999999	2
9.1008	10
10.016511999999999	11
7.288831999999999	8
11.851008	13
10.033408	11
7.30112	8
11.870975999999999	13
7.309311999999999	8
10.970112	12
7.317504	8
2.7456	3
8.241408	9
7.329791999999999	8
9.16736	10
5.503488	6
6.42432	7
7.346176	8
4.59392	5
5.515776	6
6.438656	7
8.28288	9
5.524992	6
2.764032	3
3.687424	4
10.146048	11
7.383039999999999	8
5.5403519999999995	6
7.391232	8
6.470911999999999	7
5.549568	6
3.7017599999999997	4
6.481663999999999	7
3.705856	4
5.561856	6
4.63744	5
7.4239999999999995	8
3.714048	4
3.716096	4
8.365824	9
4.65024	5
4.6528	5
5.586431999999999	6
4.65792	5
6.524672	7
11.191296	12
3.73248	4
3.7345279999999996	4
4.67072	5
6.542592	7
3.740672	4
4.6784	5
1.8723839999999998	2
5.620223999999999	6
6.560512	7
2.8131839999999997	3
6.567679999999999	7
1.8775039999999998	2
5.635584	6
8.457984	9
2.820864	3
2.8224	3
2.823936	3
5.650944	6
1.884672	2
3.7713919999999996	4
0.94336	1
4.71936	5
2.8331519999999997	3
2.834688	3
0.9454079999999999	1
6.62144	7
3.7857279999999998	4
1.893888	2
5.684736	6
2.8439039999999998	3
3.79392	4
3.795968	4
1.8990079999999998	2
5.700095999999999	6
0.9505279999999999	1
2.8531199999999997	3
0.951552	1
1.9041279999999998	2
1.905152	2
2.859264	3
4.768	5
3.816448	4
7.636991999999999	8
2.865408	3
5.733887999999999	6
3.82464	4
2.8700159999999997	3
2.871552	3
1.915392	2
5.749248	6
2.87616	3
2.877696	3
2.879232	3
4.80128	5
1.921536	2
4.8064	5
2.885376	3
2.8869119999999997	3
2.888448	3
1.926656	2
4.821759999999999	5
1.9297279999999999	2
0.9653759999999999	1
3.863552	4
4.832	5
2.9007359999999998	3
3.869696	4
1.9358719999999998	2
7.747584	8
5.816832	6
2.9099519999999997	3
1.9409919999999998	2
0.971008	1
0.9715199999999999	1
4.86016	5
3.890176	4
4.86784	5
3.89632	4
5.847551999999999	6
1.950208	2
1.9512319999999999	2
1.952256	2
1.955328	2
2.934528	3
2.936064	3
2.9375999999999998	3
4.89856	5
1.960448	2
2.942208	3
2.9437439999999997	3
2.94528	3
2.9468159999999997	3
1.965568	2
1.966592	2
2.951424	3
0.98432	1
2.954496	3
6.8974079999999995	7
1.971712	2
0.98688	1
2.962176	3
3.951616	4
0.988416	1
1.9778559999999998	2
1.97888	2
1.9809279999999998	2
2.972928	3
2.9744639999999998	3
2.976	3
1.9860479999999998	2
1.9880959999999999	2
3.97824	4
2.985216	3
3.9823359999999997	4
1.992192	2
0.9966079999999999	1
0.99712	1
0.998656	1
1.9993599999999998	2
1.000192	1
2.001408	2
3.0036479999999997	3
3.005184	3
2.00448	2
3.009792	3
1.0048	1
1.005312	1
4.023296	4
1.006336	1
1.006848	1
4.0314879999999995	4
1.008384	1
1.008896	1
2.0188159999999997	2
2.021888	2
2.022912	2
1.011968	1
2.02496	2
3.038976	3
3.0405119999999997	3
5.07008	5
3.04512	3
1.015552	1
2.0321279999999997	2
1.017088	1
1.0176	1
3.055872	3
2.038272	2
2.04032	2
3.063552	3
1.021696	1
1.022208	1
2.0454399999999997	2
2.046464	2
3.0712319999999997	3
4.097024	4
1.024768	1
2.05056	2
1.025792	1
1.0263039999999999	1
1.026816	1
3.081984	3
3.08352	3
3.085056	3
1.028864	1
2.0587519999999997	2
2.059776	2
2.0608	2
4.127744	4
5.16224	5
1.0329599999999999	1
3.101952	3
2.07104	2
1.036032	1
4.146176	4
1.037056	1
1.037568	1
2.07616	2
1.038592	1
3.1173119999999996	3
3.118848	3
1.040128	1
6.24384	6
1.041664	1
1.042688	1
1.044224	1
2.090496	2
1.04576	1
1.0462719999999999	1
1.046784	1
2.094592	2
3.147264	3
3.150336	3
2.1022719999999997	2
1.05216	1
2.108416	2
4.220928	4
3.168768	3
3.17184	3
2.120704	2
1.0613759999999999	1
2.1248	2
3.1902719999999998	3
1.064448	1
1.065472	1
2.13504	2
1.068544	1
1.0695679999999999	1
1.070592	1
1.071616	1
1.07264	1
2.147328	2
2.151424	2
2.153472	2
1.07776	1
1.078784	1
1.0798079999999999	1
1.080832	1
2.163712	2
1.0828799999999998	1
1.086976	1
1.0879999999999999	1
1.089024	1
2.180096	2
1.091072	1
1.092096	1
1.0931199999999999	1
2.190336	2
3.291648	3
2.198528	2
1.1013119999999998	1
1.102336	1
3.3131519999999997	3
2.2128639999999997	2
1.107456	1
1.109504	1
1.110528	1
2.225152	2
2.2272	2
2.229248	2
1.1197439999999999	1
1.120768	1
2.24768	2
1.125888	1
1.131008	1
1.135104	1
1.140224	1
1.141248	1
1.142272	1
1.145344	1
1.146368	1
1.147392	1
1.14944	1
1.15456	1
1.157632	1
1.160704	1
2.3234559999999997	2
1.163776	1
1.1648	1
1.165824	1
1.167872	1
1.171968	1
1.176064	1
2.354176	2
1.1801599999999999	1
1.181184	1
1.1883519999999999	1
1.191424	1
2.384896	2
1.196544	1
1.20576	1
2.415616	2
1.208832	1
2.446336	2
1.22624	1
1.2354559999999999	1
1.247744	1
1.2487679999999999	1
1.260032	1
3.783168	3
1.278464	1
1.294848	1
1.32864	1
1.332736	1
1.3388799999999998	1
1.340928	1
1.3439999999999999	1
1.347072	1
1.351168	1
1.3573119999999999	1
2.716672	2
1.360384	1
1.3624319999999999	1
1.381888	1
1.387008	1
1.3941759999999999	1
1.3992959999999999	1
1.4207999999999998	1
1.424896	1
1.4310399999999999	1
1.438208	1
1.4464	1
1.453568	1
1.45664	1
1.460736	1
2.9255679999999997	2
1.469952	1
1.479168	1
1.485312	1
1.4894079999999998	1
1.530368	1
1.532416	1
3.0894079999999997	2
1.546752	1
1.560064	1
1.5682559999999999	1
1.6266239999999998	1
1.629696	1
1.6481279999999998	1
1.659392	1
1.677824	1
1.7402879999999998	1
1.875456	1
2.011648	1
2.034176	1
2.067968	1
2.088448	1
2.235392	1
2.23744	1
2.2394879999999997	1
2.2599679999999998	1
2.2865919999999997	1
2.343936	1
2.358272	1
2.415616	1
2.429952	1
2.522112	1
2.581504	1
2.65728	1
2.716672	1
2.802688	1
2.8149759999999997	1
2.9153279999999997	1
3.0791679999999997	1
3.0976	1
3.212288	1
3.29216	1
3.4068479999999997	1
3.58912	1
3.6382719999999997	1
4.002816	1
4.135936	1
4.360192	1
4.507648	1
4.528128	1
5.1957759999999995	1
5.285888	1
5.363712	1
5.531648	1
5.86752	1
6.48192	1
6.87104	1
7.100416	1
7.97696	1
9.572352	1
9.801727999999999	1
13.602815999999999	1
14.798848	1
15.233023999999999	1
19.587072	1
22.929408	1
24.895488	1
24.928255999999998	1
25.599999999999998	1
26.140672	1
27.435008	1
27.500543999999998	1
27.762687999999997	1
27.926527999999998	1
28.090367999999998	1
28.270591999999997	1
29.270016	1
29.564928	1
29.646848	1
29.663231999999997	1
29.876223999999997	1
29.974528	1
29.990911999999998	1
30.253055999999997	1
30.26944	1
30.285823999999998	1
30.318592	1
61.390848	2
30.728192	1
30.941184	1
31.023104	1
31.154176	1
43.401216	1
50.282495999999995	1
50.315264	1
55.558144	1
55.78752	1
59.097088	1
60.04736	1
60.080127999999995	1
60.70272	1
60.735488	1
61.128704	1
0.367488	1
0.3744	1
0.37491199999999997	1
0.37619199999999997	1
0.377216	1
0.377984	1
0.76416	2
0.38284799999999997	1
0.383104	1
0.38336	1
0.38361599999999996	1
0.383872	1
0.38412799999999997	1
0.384384	1
0.385152	1
0.38592	1
0.7723519999999999	2
0.386688	1
0.773888	2
0.38745599999999997	1
0.777984	2
0.389248	1
0.38976	1
0.390016	1
1.1708159999999999	3
0.781056	2
0.39078399999999996	1
0.39104	1
0.391808	1
0.7841279999999999	2
0.785152	2
0.7856639999999999	2
0.786176	2
0.39334399999999997	1
0.7872	2
0.393856	1
0.394368	1
0.394624	1
0.39488	1
0.790272	2
1.9769599999999998	5
0.395648	1
0.791808	2
0.7923199999999999	2
0.396416	1
0.39667199999999997	1
1.587712	4
0.397696	1
0.397952	1
0.398464	1
0.39871999999999996	1
0.398976	1
0.399232	1
0.7989759999999999	2
0.399744	1
0.39999999999999997	1
1.2007679999999998	3
0.801024	2
1.604096	4
0.40127999999999997	1
1.606144	4
0.803584	2
0.40204799999999996	1
0.804608	2
0.40256	1
1.208448	3
0.403072	1
0.40332799999999996	1
1.614336	4
0.40384	1
0.8081919999999999	2
2.426112	6
0.8092159999999999	2
0.40512	1
0.40537599999999996	1
0.811264	2
0.8117759999999999	2
1.218432	3
0.4064	1
0.40665599999999996	1
2.03456	5
0.814336	2
1.629696	4
0.40768	1
0.8158719999999999	2
1.632768	4
1.633792	4
1.6348159999999998	4
0.81792	2
0.409472	1
0.40998399999999996	1
0.41049599999999997	1
1.232256	3
0.822016	2
0.41126399999999996	1
1.2345599999999999	3
0.823552	2
1.2360959999999999	3
1.236864	3
1.2376319999999998	3
0.826112	2
0.8266239999999999	2
1.240704	3
0.41382399999999997	1
2.0704	5
0.828672	2
1.243776	3
1.659392	4
0.830208	2
1.2460799999999999	3
0.8317439999999999	2
2.08064	5
0.416384	1
1.6665599999999998	4
1.667584	4
2.08576	5
0.417408	1
0.417664	1
2.0896	5
1.2545279999999999	3
1.255296	3
1.2560639999999998	3
1.256832	3
0.41919999999999996	1
1.677824	4
1.679872	4
0.840448	2
1.26144	3
0.841472	2
0.841984	2
0.8424959999999999	2
1.686016	4
1.6870399999999999	4
2.11008	5
2.11136	5
0.8450559999999999	2
0.845568	2
1.26912	3
1.269888	3
1.270656	3
0.8476159999999999	2
1.272192	3
1.2729599999999999	3
1.273728	3
2.12416	5
1.7003519999999999	4
1.701376	4
1.7024	4
1.277568	3
1.704448	4
1.7054719999999999	4
1.706496	4
1.28064	3
1.2814079999999999	3
2.1369599999999997	5
0.427648	1
2.13952	5
2.1408	5
2.14208	5
3.000704	7
2.573568	6
1.7167359999999998	4
0.42944	1
1.289088	3
0.429952	1
2.581248	6
1.7218559999999998	4
1.72288	4
0.8619519999999999	2
2.15616	5
1.725952	4
2.590464	6
1.728	4
0.432256	1
2.16256	5
0.432768	1
1.299072	3
2.5996799999999998	6
2.16768	5
1.7351679999999998	4
2.1702399999999997	5
2.60736	6
0.434816	1
0.8701439999999999	2
2.17664	5
0.43558399999999997	1
2.61504	6
0.436096	1
2.1817599999999997	5
1.3098239999999999	3
0.436864	1
2.1856	5
1.312128	3
0.43763199999999997	1
1.751552	4
0.438144	1
1.3152	3
1.315968	3
1.7556479999999999	4
3.074176	7
1.3182719999999999	3
0.8793599999999999	2
1.3198079999999999	3
2.20096	5
1.3213439999999999	3
0.440704	1
0.44095999999999996	1
2.20608	5
2.20736	5
1.325184	3
1.767936	4
0.8844799999999999	2
1.769984	4
2.2137599999999997	5
0.8860159999999999	2
0.886528	2
2.66112	6
0.443776	1
0.444032	1
1.778176	4
0.8896	2
1.780224	4
1.781248	4
2.22784	5
1.337472	3
1.78432	4
0.8926719999999999	2
1.786368	4
1.7873919999999999	4
3.576832	8
0.89472	2
1.342848	3
1.791488	4
1.7925119999999999	4
0.896768	2
1.34592	3
1.7955839999999998	4
2.694912	6
2.2470399999999997	5
0.8993279999999999	2
2.2496	5
1.8007039999999999	4
3.153024	7
3.154816	7
1.8037759999999998	4
1.3536	3
1.354368	3
0.451712	1
1.807872	4
2.26112	5
1.80992	4
2.7164159999999997	6
4.076928	9
2.26624	5
1.360512	3
1.36128	3
1.362048	3
2.27136	5
2.27264	5
3.1834879999999997	7
2.2752	5
0.910592	2
0.45555199999999996	1
2.734848	6
2.2803199999999997	5
2.2816	5
0.913152	2
2.740992	6
1.828352	4
1.829376	4
0.4576	1
3.204992	7
1.8324479999999999	4
0.458368	1
2.29312	5
0.9177599999999999	2
3.213952	7
1.3781759999999998	3
1.378944	3
1.839616	4
0.9203199999999999	2
0.920832	2
0.46067199999999997	1
1.382784	3
0.922368	2
1.8457599999999998	4
2.7701759999999997	6
4.1575679999999995	9
0.9244159999999999	2
2.774784	6
2.7763199999999997	6
3.2408319999999997	7
2.779392	6
2.31744	5
2.782464	6
2.32	5
4.178304	9
2.7870719999999998	6
1.8590719999999998	4
1.3950719999999999	3
3.7222399999999998	8
2.32768	5
1.397376	3
3.262336	7
1.398912	3
0.46656	1
3.7345279999999996	8
1.401216	3
2.33664	5
1.402752	3
3.27488	7
1.8723839999999998	4
2.34176	5
2.34304	5
1.4065919999999998	3
1.40736	3
2.816256	6
2.817792	6
3.2892159999999997	7
2.820864	6
3.2927999999999997	7
2.823936	6
3.2981759999999998	7
2.828544	6
3.30176	7
3.303552	7
3.777536	8
2.36224	5
2.836224	6
0.47296	1
2.839296	6
2.3673599999999997	5
3.316096	7
2.8439039999999998	6
0.47424	1
5.219456	11
2.37376	5
2.37504	5
3.326848	7
1.90208	4
2.37888	5
1.9041279999999998	4
1.905152	4
1.429632	3
3.8144	8
3.3393919999999997	7
2.8638719999999998	6
0.477568	1
1.4334719999999999	3
2.3904	5
2.8700159999999997	6
2.39296	5
3.351936	7
2.874624	6
2.87616	6
4.7961599999999995	10
2.879232	6
5.281408	11
0.960768	2
1.9225599999999998	4
2.885376	6
2.40576	5
2.888448	6
1.926656	4
3.37344	7
2.4108799999999997	5
2.894592	6
2.896128	6
2.897664	6
1.9327999999999999	4
3.867648	8
2.902272	6
1.4519039999999999	3
0.968448	2
2.4224	5
1.454208	3
2.42496	5
1.455744	3
3.884032	8
3.40032	7
4.374143999999999	9
1.945088	4
5.838336	12
2.43392	5
2.92224	6
3.411072	7
2.925312	6
3.9024639999999997	8
1.464192	3
4.8831999999999995	10
4.397184	9
5.377152	11
3.9127039999999997	8
2.44672	5
2.448	5
2.939136	6
4.90112	10
4.415616	9
2.94528	6
3.4379519999999997	7
4.422528	9
3.933184	8
3.4433279999999997	7
3.93728	8
2.954496	6
5.419391999999999	11
1.971712	4
3.9454719999999996	8
3.45408	7
4.93696	10
4.445568	9
2.47104	5
4.94464	10
2.4736	5
2.4748799999999997	5
2.4761599999999997	5
4.95488	10
4.461696	9
2.48	5
2.9775359999999997	6
0.9930239999999999	2
4.96768	10
4.9702399999999995	10
4.972799999999999	10
1.492608	3
3.4845439999999996	7
5.478528	11
2.49152	5
4.4870399999999995	9
2.49408	5
3.9925759999999997	8
3.4952959999999997	7
3.996672	8
4.4985599999999994	9
3.500672	7
7.004928	14
2.50304	5
2.50432	5
3.50784	7
5.0137599999999996	10
4.514688	9
1.505664	3
4.017151999999999	8
3.0143999999999997	6
4.523904	9
6.537856	13
4.528512	9
3.523968	7
2.5183999999999997	5
6.047232	12
3.529344	7
4.540032	9
2.0188159999999997	4
3.5347199999999996	7
2.52608	5
3.032832	6
2.5286399999999998	5
4.047872	8
3.5436799999999997	7
3.5454719999999997	7
3.5472639999999998	7
3.5490559999999998	7
3.550848	7
3.04512	6
1.523328	3
3.556224	7
1.016576	2
2.034176	4
4.5792	9
5.09056	10
2.037248	4
5.605248	11
1.529472	3
2.5504	5
4.082688	8
4.595327999999999	9
4.597632	9
4.599936	9
6.647679999999999	13
2.55808	5
2.55936	5
4.097024	8
1.5371519999999999	3
3.07584	6
6.154751999999999	12
5.13152	10
2.053632	4
1.540992	3
3.08352	6
4.113408	8
5.14432	10
2.0587519999999997	4
4.119552	8
3.0911999999999997	6
5.15456	10
3.0942719999999997	6
2.57984	5
2.58112	5
3.09888	6
2.5836799999999998	5
4.652928	9
3.620736	7
4.140032	8
2.5888	5
2.59008	5
5.18272	10
4.148224	8
1.037568	2
3.1142399999999997	6
2.5964799999999997	5
4.156416	8
2.59904	5
3.120384	6
2.08128	4
4.164607999999999	8
8.333312	16
4.689792	9
4.692095999999999	9
1.0432	2
4.6967039999999995	9
6.265344	12
4.1789439999999995	8
4.703615999999999	9
3.66016	7
4.1850879999999995	8
5.757312	11
5.236479999999999	10
2.61952	5
2.09664	4
6.819071999999999	13
7.350784	14
7.357952	14
9.469439999999999	18
5.2659199999999995	10
6.852352	13
9.497088	18
4.753152	9
10.04416	19
4.7623679999999995	9
10.59328	20
11.133695999999999	21
9.021696	17
7.968	15
6.912255999999999	13
5.32224	10
11.720191999999999	22
7.465471999999999	14
13.877759999999999	26
7.479807999999999	14
11.765248	22
6.958848	13
5.35808	10
6.97216	13
6.441984	12
9.134848	17
11.832832	22
10.76736	20
6.466559999999999	12
7.012096	13
6.478847999999999	12
5.944576	11
10.81856	20
8.121599999999999	15
8.671232	16
7.052032	13
10.85952	20
7.608832	14
8.703999999999999	16
5.989631999999999	11
9.265407999999999	17
6.546431999999999	12
4.914432	9
6.01216	11
4.923648	9
7.118592	13
7.673343999999999	14
7.131904	13
2.7456	5
10.443007999999999	19
7.7020159999999995	14
7.709184	14
6.6140159999999995	12
7.1718399999999995	13
4.969728	9
7.1851519999999995	13
6.085376	11
6.644736	12
7.75936	14
8.876032	16
6.663168	12
8.892415999999999	16
6.675456	12
7.2383999999999995	13
6.6877439999999995	12
6.693887999999999	12
8.933375999999999	16
6.147328	11
5.03424	9
4.478975999999999	8
6.724608	12
4.487168	8
6.736896	12
7.866879999999999	14
4.4994559999999995	8
6.192384	11
6.198016	11
5.639679999999999	10
5.6448	10
5.64992	10
5.089536	9
7.358207999999999	13
5.66528	10
6.80448	12
7.945728	14
6.816768	12
3.411456	6
6.829056	12
6.8351999999999995	12
6.841343999999999	12
3.9943679999999997	7
9.709311999999999	17
6.2881279999999995	11
5.149439999999999	9
6.299392	11
4.012288	7
5.73696	10
2.2968319999999998	4
5.17248	9
6.327552	11
6.9089279999999995	12
7.491327999999999	13
2.307072	4
5.19552	9
5.200127999999999	9
4.626431999999999	8
5.209344	9
5.213952	9
2.31936	4
5.80352	10
4.066047999999999	7
6.976512	12
7.564544	13
3.4943999999999997	6
5.82912	10
5.834239999999999	10
4.087552	7
2.337792	4
5.8496	10
3.512832	6
6.445824	11
7.624447999999999	13
5.87008	10
8.8128	15
5.292288	9
4.708352	8
4.123392	7
9.433088	16
2.9503999999999997	5
5.90592	10
2.95552	5
4.141312	7
4.144896	7
4.74112	8
5.338368	9
4.749312	8
4.159231999999999	7
3.5681279999999997	6
4.7616	8
4.765696	8
4.769792	8
4.7738879999999995	8
4.777984	8
5.37984	9
4.187904	7
4.790272	8
4.7943679999999995	8
3.598848	6
4.80256	8
4.806655999999999	8
2.405376	4
5.416704	9
6.02368	10
6.0287999999999995	10
4.223744	7
4.227328	7
3.626496	6
4.839424	8
4.23808	7
4.8476159999999995	8
6.06464	10
3.03488	5
4.252416	7
6.688	11
2.4340479999999998	4
5.481216	9
6.704896	11
3.660288	6
3.66336	6
1.833216	3
3.669504	6
4.284672	7
4.288256	7
5.518079999999999	9
3.0681599999999998	5
3.6848639999999997	6
6.761216	11
2.4606719999999997	4
4.92544	8
6.778112	11
4.933631999999999	8
2.468864	4
5.559552	9
5.564159999999999	9
6.18752	10
3.09632	5
4.338432	7
6.823168	11
3.7247999999999997	6
6.21312	10
6.21824	10
6.22336	10
3.1142399999999997	5
4.98688	8
3.743232	6
4.3706879999999995	7
8.123648	13
6.879487999999999	11
2.5036799999999997	4
2.505728	4
3.1347199999999997	5
1.8823679999999998	3
3.767808	6
3.1424	5
6.2899199999999995	10
3.1475199999999997	5
5.040128	8
4.413696	7
6.3104	10
1.894656	3
6.952704	11
1.8977279999999999	3
6.9639679999999995	11
3.1679999999999997	5
3.8046719999999996	6
6.34624	10
5.7162239999999995	9
3.1782399999999997	5
3.1808	5
2.546688	4
3.823104	6
4.463871999999999	7
5.743872	9
3.1936	5
3.8353919999999997	6
4.4782079999999995	7
4.4817919999999996	7
4.485376	7
6.4128	10
1.925376	3
5.138432	8
2.5712639999999998	4
1.929984	3
3.2192	5
2.5774079999999997	4
4.514048	7
4.517632	7
1.291776	2
2.5856	4
5.1752959999999995	8
4.531968	7
5.183488	8
3.24224	5
6.489599999999999	10
1.948416	3
3.899904	6
3.902976	6
1.9530239999999999	3
3.9091199999999997	6
5.216256	8
4.567807999999999	7
3.2652799999999997	5
4.5749759999999995	7
4.5785599999999995	7
3.927552	6
6.5510399999999995	10
6.556159999999999	10
3.28064	5
3.2832	5
5.914368	9
5.918976	9
7.239935999999999	11
3.29344	5
2.6368	4
8.576255999999999	13
3.30112	5
1.982208	3
2.644992	4
4.63232	7
4.635904	7
5.302271999999999	8
3.31648	5
3.3190399999999998	5
4.65024	7
1.9944959999999998	3
7.318784	11
3.995136	6
3.998208	6
4.668159999999999	7
4.004352	6
5.3432319999999995	8
4.6789119999999995	7
5.351424	8
5.355519999999999	8
4.689664	7
5.363712	8
4.025856	6
2.014464	3
2.6879999999999997	4
6.052607999999999	9
2.019072	3
3.36768	5
5.392384	8
7.42016	11
6.075648	9
4.729088	7
6.084864	9
4.059648	6
5.4169599999999996	8
4.065792	6
4.747008	7
7.465216	11
2.716672	4
4.75776	7
5.441536	8
5.445632	8
3.4060799999999998	5
3.4086399999999997	5
6.14016	9
8.193024	12
3.41632	5
2.051328	3
4.790016	7
2.0544	3
4.111872	6
2.743296	4
4.804352	7
4.121087999999999	6
2.06208	3
3.4393599999999998	5
4.130304	6
2.755584	4
6.2046719999999995	9
3.4495999999999998	5
3.4521599999999997	5
3.45472	5
7.606015999999999	11
3.45984	5
4.1548799999999995	6
4.157952	6
4.854528	7
4.164096	6
4.167168	6
4.865279999999999	7
5.564416	8
4.176384	6
5.572608	8
3.4854399999999996	5
2.0928	3
2.792448	4
4.890368	7
4.893952	7
3.49824	5
1.40032	2
3.50336	5
2.8047359999999997	4
2.806784	4
3.51104	5
3.5136	5
2.109696	3
3.5187199999999996	5
4.929792	7
7.04768	10
3.5263999999999998	5
4.234751999999999	6
2.118912	3
6.361344	9
2.121984	3
4.24704	6
5.666816	8
3.54432	5
1.418752	2
4.969215999999999	7
5.683199999999999	8
4.265472	6
3.55712	5
1.423872	2
4.987136	7
5.703679999999999	8
4.994304	7
2.855936	4
5.715968	8
2.145024	3
2.14656	3
2.864128	4
2.866176	4
5.736447999999999	8
2.152704	3
2.1542399999999997	3
4.311552	6
2.876416	4
2.8784639999999997	4
4.320768	6
5.76512	8
6.490368	9
5.773312	8
6.499584	9
3.6134399999999998	5
5.062399999999999	7
2.894848	4
3.62112	5
2.1742079999999997	3
5.801984	8
2.17728	3
2.9050879999999997	4
2.180352	3
2.181888	3
2.911232	4
4.36992	6
6.559488	9
8.022784	11
4.379136	6
2.1911039999999997	3
5.11616	7
5.119744	7
2.195712	3
3.66208	5
2.9317119999999997	4
2.93376	4
2.9358079999999998	4
1.468928	2
2.2049279999999998	3
3.67744	5
2.2079999999999997	3
5.155584	7
2.948096	4
2.950144	4
3.6902399999999997	5
2.95424	4
5.912576	8
2.218752	3
7.4009599999999995	10
2.9624319999999997	4
4.44672	6
2.966528	4
5.195008	7
6.683904	9
2.9726719999999998	4
4.462079999999999	6
3.72096	5
4.468224	6
2.980864	4
5.965824	8
7.4624	10
1.493504	2
2.241792	3
6.729984	9
1.496576	2
5.9904	8
3.7465599999999997	5
3.74912	5
3.75168	5
4.505088	6
3.7567999999999997	5
4.511232	6
3.0095359999999998	4
7.52896	10
3.013632	4
6.785279999999999	9
5.2810239999999995	7
6.039552	8
3.7772799999999997	5
1.511936	2
2.26944	3
6.055936	8
6.817536	9
5.306112	7
3.034112	4
6.0723199999999995	8
3.038208	4
3.040256	4
7.60576	10
4.566528	6
6.0927999999999995	8
6.096896	8
5.338368	7
4.578816	6
3.81824	5
3.05664	4
9.176064	12
9.947391999999999	13
6.891264	9
6.895872	9
9.20064	12
9.974015999999999	13
4.606464	6
3.84128	5
6.150144	8
2.30784	3
6.158335999999999	8
7.70304	10
7.7081599999999995	10
3.085312	4
6.17472	8
4.634112	6
2.3185919999999998	3
4.640256	6
4.6433279999999995	6
4.6464	6
5.424384	7
5.427968	7
7.75936	10
4.658688	6
6.21568	8
6.2197759999999995	8
6.223872	8
6.227968	8
8.569087999999999	11
8.57472	11
6.240256	8
3.90272	5
1.562112	2
7.0341119999999995	9
7.820799999999999	10
4.695552	6
11.746559999999999	15
6.268928	8
6.2730239999999995	8
3.9232	5
4.7109119999999995	6
4.713984	6
4.7170559999999995	6
12.587007999999999	16
5.5104	7
3.93856	5
7.094016	9
6.309888	8
5.524736	7
10.266879999999999	13
7.9027199999999995	10
4.744704	6
7.121664	9
5.542656	7
7.130879999999999	9
1.585664	2
7.93344	10
4.763135999999999	6
3.97184	5
3.9743999999999997	5
8.749312	11
5.571327999999999	7
4.778496	6
6.375424	8
5.5820799999999995	7
10.373376	13
2.3953919999999997	3
8.788736	11
5.596416	7
4.8	6
5.603584	7
4.00512	5
7.213824	9
5.614336	7
6.4204799999999995	8
8.03072	10
7.232256	9
7.236864	9
5.632256	7
8.0512	10
3.222528	4
9.673727999999999	12
4.839936	6
6.457344	8
7.26912	9
11.314688	14
8.08704	10
9.710592	12
10.526463999999999	13
11.343359999999999	14
7.296767999999999	9
7.301375999999999	9
11.364863999999999	14
5.6860159999999995	7
4.876799999999999	6
8.946432	11
9.765888	12
7.3290239999999995	9
7.333632	9
9.78432	12
4.079359999999999	5
4.08192	5
7.3520639999999995	9
7.356672	9
4.90752	6
5.729024	7
7.370495999999999	9
9.833472	12
6.559743999999999	8
4.102399999999999	5
5.746944	7
6.572032	8
7.398143999999999	9
10.692864	13
8.2304	10
9.882624	12
4.9443839999999994	6
8.245759999999999	10
8.25088	10
5.7791999999999994	7
4.956672	6
5.7863679999999995	7
10.752768	13
12.414719999999999	15
11.59424	14
5.800704	7
6.633471999999999	8
10.786048	13
13.283328	16
10.79936	13
9.974784	12
10.812672	13
11.651584	14
11.658752	14
12.4992	15
7.504128	9
19.188992	23
7.513344	9
10.859264	13
10.86592	13
7.527168	9
13.389823999999999	16
9.211136	11
12.56832	15
13.414399999999999	16
10.905856	13
11.751935999999999	14
15.118848	18
12.60672	15
5.8867199999999995	7
11.780607999999999	14
11.787776	14
8.42496	10
6.744064	8
9.27872	11
7.5962879999999995	9
15.201792	18
12.675839999999999	15
10.146816	12
8.460799999999999	10
10.159104	12
16.094976	19
16.104703999999998	19
5.088768	6
5.94048	7
10.189824	12
11.045632	13
11.902464	14
5.104127999999999	6
4.256	5
11.072256	13
3.408896	4
7.674624	9
12.79872	15
12.8064	15
5.979903999999999	7
12.82176	15
11.118848	13
10.269696	12
9.41952	11
8.56832	10
9.430784	11
12.86784	15
6.008576	7
12.02432	14
8.593919999999999	10
11.178752	13
10.324992	12
9.470208	11
6.03008	7
9.481472	11
11.212031999999999	13
10.355711999999999	12
7.771392	9
7.776	9
6.051584	7
12.110336	14
8.65536	10
9.526527999999999	11
13.86496	16
8.67072	10
7.808256	9
6.076671999999999	7
8.68608	10
8.6912	10
13.04448	15
8.70144	10
10.447872	12
11.325184	13
6.97344	8
10.466304	12
7.854336	9
9.605376	11
7.863551999999999	9
13.987839999999998	16
10.497024	12
9.627904	11
11.385088	13
7.010304	8
9.6448	11
12.282368	14
11.411712	13
4.39168	5
9.667328	11
10.55232	12
10.558463999999999	12
7.0430719999999996	8
7.047168	8
7.051264	8
6.173439999999999	7
8.82432	10
6.180607999999999	7
6.1841919999999995	7
5.303808	6
7.0758399999999995	8
7.079936	8
7.969536	9
8.86016	10
7.978752	9
7.0963199999999995	8
5.325311999999999	6
5.328384	6
4.44288	5
3.556352	4
8.0064	9
10.681344	12
7.124992	8
4.45568	5
12.483072	14
10.705919999999999	12
9.819391999999999	11
8.038656	9
2.681088	3
9.836288	11
8.05248	9
5.371392	6
6.270207999999999	7
8.96256	10
8.96768	10
6.280959999999999	7
1.7955839999999998	2
6.2881279999999995	7
8.988159999999999	10
8.99328	10
7.19872	8
8.103168	9
5.405183999999999	6
7.211008	8
4.50944	5
5.4144	6
9.932032	11
5.420544	6
3.615744	4
9.04448	10
3.61984	4
11.771136	13
9.05984	10
6.345472	7
8.163072	9
4.537599999999999	5
10.896384	12
8.176896	9
7.272448	8
1.8191359999999999	2
3.64032	4
11.837696	13
8.199936	9
7.292928	8
1.8242559999999999	2
9.1264	10
10.044672	11
5.481984	6
9.14176	10
4.57344	5
2.7456	3
3.662848	4
5.497344	6
6.417152	7
2.751744	3
4.5888	5
5.509632	6
11.025407999999999	12
6.435072	7
3.679232	4
5.52192	6
4.604159999999999	5
4.60672	5
1.843712	2
5.534208	6
3.6915199999999997	4
3.693568	4
2.771712	3
3.6976639999999996	4
4.624639999999999	5
3.7017599999999997	4
1.851904	2
7.411712	8
2.780928	3
4.63744	5
1.8559999999999999	2
5.571072	6
1.858048	2
6.506752	7
3.720192	4
5.58336	6
7.448576	8
0.931584	1
5.592575999999999	6
5.595648	6
3.73248	4
4.668159999999999	5
10.275584	11
8.411904	9
2.805504	3
7.48544	8
3.7447679999999997	4
4.68352	5
0.9372159999999999	1
2.8131839999999997	3
5.62944	6
5.632512	6
2.817792	3
3.759104	4
3.761152	4
4.704	5
2.823936	3
6.5927679999999995	7
7.538688	8
2.828544	3
5.660159999999999	6
2.831616	3
1.888768	2
9.44896	10
6.617856	7
3.78368	4
2.839296	3
3.787776	4
0.9479679999999999	1
4.7424	5
8.540928	9
1.8990079999999998	2
7.600128	8
3.8021119999999997	4
5.706239999999999	6
3.806208	4
6.664447999999999	7
2.857728	3
2.859264	3
4.768	5
1.908224	2
0.9546239999999999	1
1.910272	2
0.9556479999999999	1
3.82464	4
1.913344	2
1.9143679999999998	2
2.874624	3
2.87616	3
5.755392	6
7.677951999999999	8
3.841024	4
3.843072	4
0.9612799999999999	1
4.80896	5
3.8492159999999997	4
0.962816	1
4.81664	5
1.9276799999999998	2
6.750464	7
3.8594559999999998	4
3.8615039999999996	4
0.965888	1
2.8992	3
3.867648	4
0.967424	1
0.9679359999999999	1
1.936896	2
1.9379199999999999	2
1.938944	2
2.9099519999999997	3
3.8819839999999997	4
3.8860799999999998	4
0.972032	1
0.972544	1
6.811392	7
3.894272	4
3.89632	4
6.822144	7
1.950208	2
1.9512319999999999	2
1.952256	2
3.90656	4
5.862912	6
0.977664	1
3.9127039999999997	4
4.89344	5
0.9792	1
7.837695999999999	8
1.960448	2
1.9614719999999999	2
0.981248	1
1.96352	2
0.9822719999999999	1
1.965568	2
5.899776	6
2.951424	3
1.96864	2
3.9393279999999997	4
4.929279999999999	5
0.9863679999999999	1
2.9606399999999997	3
1.9747839999999999	2
3.951616	4
0.988416	1
0.9889279999999999	1
2.96832	3
1.9799039999999999	2
0.9904639999999999	1
4.95488	5
0.9914879999999999	1
1.985024	2
4.96512	5
1.987072	2
3.9761919999999997	4
2.9836799999999997	3
3.980288	4
3.9823359999999997	4
3.984384	4
2.989824	3
5.98272	6
1.995264	2
0.9981439999999999	1
3.994624	4
0.999168	1
3.9987199999999996	4
5.00096	5
4.002816	4
4.0048639999999995	4
4.006912	4
1.00224	1
3.008256	3
3.009792	3
1.003776	1
3.012864	3
2.0096	2
2.010624	2
2.011648	2
3.019008	3
5.03424	5
2.01472	2
1.0078719999999999	1
1.008384	1
1.008896	1
1.010432	1
2.021888	2
4.045824	4
3.035904	3
3.0374399999999997	3
1.012992	1
3.0405119999999997	3
5.07008	5
1.0145279999999999	1
2.03008	2
5.07776	5
3.048192	3
2.033152	2
3.0512639999999998	3
1.0176	1
2.036224	2
1.019136	1
3.0604799999999996	3
1.021696	1
1.022208	1
2.0454399999999997	2
4.092928	4
2.047488	2
3.072768	3
3.0743039999999997	3
2.051584	2
3.078912	3
1.026816	1
3.081984	3
1.0278399999999999	1
3.085056	3
2.057728	2
1.029888	1
2.0608	2
2.061824	2
1.031936	1
6.19776	6
2.066944	2
1.033984	1
2.0689919999999997	2
3.105024	3
2.07104	2
3.1080959999999997	3
1.036544	1
1.03808	1
2.077184	2
3.1173119999999996	3
1.0396159999999999	1
1.040128	1
2.08128	2
3.123456	3
1.041664	1
3.126528	3
3.1311359999999997	3
1.044224	1
1.0447359999999999	1
1.0462719999999999	1
1.046784	1
1.0478079999999999	1
5.245439999999999	5
5.25056	5
1.0511359999999998	1
1.05216	1
1.053184	1
2.108416	2
3.165696	3
1.0562559999999999	1
1.05728	1
3.174912	3
1.059328	1
2.120704	2
4.2455039999999995	4
4.2496	4
2.126848	2
3.1933439999999997	3
1.065472	1
1.0664959999999999	1
4.27008	4
3.208704	3
1.070592	1
2.14528	2
1.073664	1
2.1493759999999997	2
3.227136	3
2.153472	2
2.15552	2
1.0798079999999999	1
2.161664	2
1.0828799999999998	1
3.251712	3
1.084928	1
2.171904	2
2.1759999999999997	2
2.178048	2
2.180096	2
2.182144	2
1.092096	1
2.190336	2
3.288576	3
1.0982399999999999	1
1.100288	1
2.2026239999999997	2
1.102336	1
1.10336	1
1.105408	1
1.1064319999999999	1
1.10848	1
1.112576	1
2.2272	2
4.458496	4
1.115648	1
1.1166719999999999	1
3.359232	3
3.365376	3
1.12384	1
1.1248639999999999	1
1.125888	1
1.1330559999999998	1
1.135104	1
1.136128	1
1.1381759999999999	1
1.141248	1
1.1432959999999999	1
1.14432	1
1.145344	1
1.146368	1
1.147392	1
1.153536	1
2.327552	2
1.1648	1
1.170944	1
1.176064	1
1.177088	1
1.179136	1
1.182208	1
1.189376	1
1.20576	1
1.207808	1
1.214976	1
2.446336	2
1.224192	1
1.2354559999999999	1
1.2385279999999999	1
2.5139199999999997	2
1.2702719999999998	1
1.286656	1
1.289728	1
1.2938239999999999	1
1.296896	1
3.927552	3
1.3173759999999999	1
1.32352	1
1.339904	1
1.340928	1
1.341952	1
1.347072	1
1.351168	1
1.3542399999999999	1
1.361408	1
1.3655039999999998	1
2.7412479999999997	2
1.373696	1
1.377792	1
1.3839359999999998	1
1.3890559999999998	1
1.396224	1
1.4023679999999998	1
1.408512	1
1.4177279999999999	1
1.418752	1
1.428992	1
1.432064	1
1.435136	1
1.438208	1
1.447424	1
1.459712	1
2.929664	2
1.472	1
1.475072	1
1.485312	1
1.500672	1
1.5129599999999999	1
1.5231999999999999	1
1.527296	1
1.565184	1
1.5733759999999999	1
1.593856	1
1.6552959999999999	1
1.657344	1
1.691136	1
1.696256	1
1.720832	1
1.730048	1
1.7505279999999999	1
1.767936	1
1.8426879999999999	1
1.9061759999999999	1
1.9409919999999998	1
1.9491839999999998	1
1.9809279999999998	1
2.01984	1
2.120704	1
2.153472	1
2.1596159999999998	1
2.255872	1
2.3603199999999998	1
2.417664	1
2.4709119999999998	1
2.491392	1
2.518016	1
2.62656	1
2.659328	1
2.82112	1
2.939904	1
3.1262719999999997	1
3.1488	1
3.3740799999999997	1
3.587072	1
3.92704	1
4.3724799999999995	1
4.6592	1
4.950016	1
5.912576	1
6.453247999999999	1
6.465535999999999	1
6.6048	1
6.776832	1
7.153664	1
7.251968	1
7.28064	1
7.346176	1
7.5714559999999995	1
7.739392	1
7.911423999999999	1
8.165376	1
8.300544	1
8.349696	1
8.400896	1
9.1136	1
9.293823999999999	1
9.998336	1
10.457087999999999	1
10.612736	1
12.242944	1
14.151679999999999	1
20.832255999999997	1
22.618112	1
24.387584	1
25.010175999999998	1
25.796608	1
25.84576	1
26.353664	1
26.533887999999997	1
27.926527999999998	1
28.237824	1
28.532736	1
28.63104	1
29.368319999999997	1
29.401087999999998	1
29.466624	1
29.483007999999998	1
29.564928	1
29.728768	1
29.85984	1
30.154752	1
30.253055999999997	1
30.26944	1
30.5152	1
30.531584	1
30.547967999999997	1
30.580735999999998	1
30.629887999999998	1
30.679039999999997	1
30.777344	1
31.285248	1
41.566207999999996	1
47.104	1
50.577408	1
53.755904	1
56.770559999999996	1
58.507264	1
59.424768	1
60.801024	1
72.384512	1
