0.367488	1
0.386944	1
0.38822399999999996	1
0.392576	1
0.39283199999999996	1
0.39334399999999997	1
0.395648	1
0.397696	1
0.401024	1
0.401792	1
0.402816	1
0.40409599999999996	1
0.40588799999999997	1
0.407168	1
0.407424	1
0.40870399999999996	1
0.41126399999999996	1
0.824576	2
0.41254399999999997	1
0.4128	1
0.41331199999999996	1
0.827136	2
0.41382399999999997	1
0.414336	1
1.2445439999999999	3
0.832256	2
0.417664	1
0.837376	2
0.418944	1
0.419712	1
0.42124799999999996	1
0.421504	1
0.8435199999999999	2
0.422272	1
0.42252799999999996	1
0.42303999999999997	1
0.847104	2
0.42380799999999996	1
0.424064	1
0.42432	1
0.42457599999999995	1
0.8512	2
0.8542719999999999	2
0.427648	1
0.427904	1
0.857344	2
0.42944	1
0.43046399999999996	1
0.432768	1
0.434048	1
0.8686079999999999	2
0.43507199999999996	1
0.870656	2
0.43558399999999997	1
0.43584	1
0.436608	1
0.873728	2
0.43711999999999995	1
0.437376	1
1.7505279999999999	4
0.437888	1
0.438144	1
0.8767999999999999	2
0.877312	2
0.8793599999999999	2
1.761792	4
0.881408	2
1.323648	3
1.324416	3
0.44172799999999995	1
0.44223999999999997	1
0.442496	1
1.329024	3
2.2176	5
1.3313279999999998	3
0.888064	2
0.44428799999999996	1
0.444544	1
0.890112	2
0.445312	1
0.44556799999999996	1
0.445824	1
0.89216	2
0.44633599999999996	1
0.893184	2
0.8936959999999999	2
0.89472	2
0.8952319999999999	2
0.447872	1
0.448384	1
1.79456	4
0.898816	2
0.44966399999999995	1
0.9003519999999999	2
0.901376	2
0.9024	2
1.354368	3
0.451712	1
1.355904	3
0.45222399999999996	1
0.45273599999999997	1
0.90752	2
0.454016	1
0.454528	1
0.455296	1
1.3666559999999999	3
0.455808	1
1.3681919999999999	3
0.45632	1
1.371264	3
0.914688	2
0.915712	2
0.458368	1
0.459136	1
0.9187839999999999	2
0.459904	1
0.9203199999999999	2
0.920832	2
0.46067199999999997	1
1.383552	3
2.76864	6
2.30848	5
0.923904	2
0.46220799999999995	1
1.8508799999999999	4
0.462976	1
0.463232	1
0.46348799999999996	1
0.927488	2
0.46399999999999997	1
1.392768	3
0.464512	1
0.46476799999999996	1
0.465024	1
0.465536	1
0.46604799999999996	1
1.398912	3
0.46656	1
0.9336319999999999	2
0.934144	2
0.9346559999999999	2
1.870336	4
1.87136	4
0.46809599999999996	1
0.46860799999999997	1
0.93824	2
2.34688	5
0.939264	2
1.410432	3
0.9408	2
2.35328	5
1.412736	3
0.942336	2
0.47193599999999997	1
1.888768	4
0.944896	2
1.418112	3
0.94592	2
1.420416	3
0.9479679999999999	2
1.4234879999999999	3
1.8990079999999998	4
0.475008	1
0.47526399999999996	1
1.4265599999999998	3
2.37888	5
2.38016	5
1.905152	4
1.429632	3
0.4768	1
1.908224	4
1.9092479999999998	4
1.910272	4
0.9556479999999999	2
1.4350079999999998	3
2.871552	6
0.479104	1
1.43808	3
0.959232	2
4.318848	9
2.40064	5
1.441152	3
0.48063999999999996	1
0.480896	1
1.4434559999999999	3
0.481408	1
0.963328	2
0.48191999999999996	1
0.964352	2
0.48243199999999997	1
0.9653759999999999	2
1.448832	3
0.48319999999999996	1
0.966912	2
0.483712	1
0.9679359999999999	2
0.968448	2
0.48447999999999997	1
0.969472	2
0.969984	2
0.9704959999999999	2
1.459584	3
1.4603519999999999	3
0.97408	2
0.48729599999999995	1
2.43904	5
1.464192	3
1.95328	4
0.977664	2
2.44672	5
1.960448	4
0.49036799999999997	1
1.962496	4
1.47264	3
1.4734079999999998	3
0.491392	1
0.983296	2
0.9838079999999999	2
1.47648	3
0.9848319999999999	2
1.4787839999999999	3
2.4659199999999997	5
1.4803199999999999	3
2.46848	5
2.965248	6
0.9889279999999999	2
0.98944	2
2.969856	6
1.485696	3
1.984	4
1.4887679999999999	3
2.48256	5
0.993536	2
1.9880959999999999	4
2.9836799999999997	6
0.497536	1
0.996096	2
1.49568	3
3.4917119999999997	7
1.9962879999999998	4
2.4966399999999997	5
1.998336	4
1.9993599999999998	4
2.50048	5
0.500352	1
0.5006079999999999	1
1.502592	3
1.00224	2
2.0055039999999997	4
2.5081599999999997	5
0.501888	1
1.0042879999999998	2
1.0048	2
3.015936	6
1.5087359999999999	3
1.006336	2
1.006848	2
2.01472	4
2.0157439999999998	4
0.504192	1
0.504448	1
0.5047039999999999	1
0.50496	1
1.010432	2
2.52736	5
1.5171839999999999	3
0.505984	1
1.01248	2
1.519488	3
0.506752	1
3.5490559999999998	7
1.521792	3
2.5376	5
2.031104	4
3.048192	6
2.033152	4
0.508544	1
4.0704	8
1.018112	2
2.037248	4
2.038272	4
1.529472	3
1.5302399999999998	3
0.510336	1
0.5105919999999999	1
0.510848	1
2.044416	4
1.5340799999999999	3
2.046464	4
1.5356159999999999	3
1.024768	2
1.02528	2
1.5386879999999998	3
3.080448	6
1.027328	2
0.5139199999999999	1
0.514176	1
0.514432	1
0.5146879999999999	1
2.5747199999999997	5
0.5152	1
1.030912	2
1.5471359999999998	3
1.031936	2
2.064896	4
1.54944	3
1.033472	2
0.516992	1
2.0689919999999997	4
1.035008	2
2.5888	5
1.5540479999999999	3
1.036544	2
2.074112	4
2.59392	5
1.5571199999999998	3
1.557888	3
1.039104	2
1.0396159999999999	2
2.080256	4
6.24384	12
3.6440319999999997	7
3.1249919999999998	6
1.563264	3
3.6494079999999998	7
1.043712	2
1.566336	3
0.522624	1
0.52288	1
2.61568	5
4.187136	8
2.094592	4
1.571712	3
2.09664	4
3.671808	7
2.100224	4
2.62784	5
3.6825599999999996	7
4.212736	8
4.743936	9
3.6933119999999997	7
4.2250239999999994	8
4.22912	8
4.233216	8
1.059328	2
3.711232	7
4.2455039999999995	8
6.3744	12
2.126848	4
3.1933439999999997	6
3.1964159999999997	6
2.6662399999999997	5
2.13504	4
3.7399039999999997	7
4.278271999999999	8
1.605888	3
2.143232	4
2.6816	5
5.905151999999999	11
2.6867199999999998	5
3.764992	7
2.69184	5
7.00544	13
2.69696	5
5.938943999999999	11
5.40416	10
3.7864959999999996	7
3.24864	6
3.251712	6
4.339712	8
7.058688	13
2.173952	4
5.4399999999999995	10
3.2670719999999998	6
3.815168	7
4.364288	8
5.46048	10
3.82592	7
5.47072	10
2.190336	4
4.9328639999999995	9
2.7430399999999997	5
4.3929599999999995	8
4.397056	8
3.300864	6
2.7532799999999997	5
6.6140159999999995	12
2.20672	4
5.52192	10
3.316224	6
4.978943999999999	9
3.322368	6
3.87968	7
2.77376	5
2.221056	4
4.4462079999999995	8
8.34432	15
5.568	10
2.7865599999999997	5
7.809536	14
4.4666879999999995	8
5.029631999999999	9
3.91552	7
5.038848	9
5.043456	9
3.926272	7
3.368448	6
5.619199999999999	10
5.62432	10
3.9406079999999997	7
5.071104	9
4.511744	8
2.25792	4
3.3899519999999996	6
3.958528	7
5.660159999999999	10
3.965696	7
6.237439999999999	11
3.405312	6
6.248704	11
3.411456	6
3.414528	6
4.5568	8
3.9907839999999997	7
3.9943679999999997	7
3.9979519999999997	7
0.5716479999999999	1
5.7216	10
4.008704	7
4.585472	8
2.86848	5
5.74208	10
2.8735999999999997	5
3.451392	6
4.030208	7
7.491327999999999	13
8.074752	14
4.61824	8
6.933504	12
4.048128	7
2.8940799999999998	5
4.634624	8
5.21856	9
0.580352	1
4.6469119999999995	8
4.651008	8
7.564544	13
6.4064	11
4.663296	8
4.083968	7
3.5036159999999996	6
4.675584	8
4.09472	7
3.512832	6
4.101888	7
5.86496	10
3.522048	6
1.76256	3
4.704256	8
4.119808	7
4.123392	7
3.5374079999999997	6
4.7206399999999995	8
3.543552	6
4.728832	8
4.732927999999999	8
2.9606399999999997	5
5.9264	10
1.779456	3
2.96832	5
4.159231999999999	7
3.5681279999999997	6
4.166399999999999	7
5.361408	9
2.9811199999999998	5
1.790208	3
2.98624	5
3.58656	6
5.384448	9
7.784192	13
3.595776	6
2.99904	5
1.80096	3
4.806655999999999	8
3.00672	5
4.216576	7
2.41152	4
4.827135999999999	8
1.811712	3
2.417664	4
4.839424	8
4.84352	8
3.635712	6
3.03232	5
3.03488	5
3.6449279999999997	6
5.4719999999999995	9
6.693632	11
2.436096	4
6.0953599999999994	10
3.05024	5
3.0528	5
4.2775039999999995	7
4.281088	7
3.672576	6
4.288256	7
5.518079999999999	9
4.295424	7
1.8424319999999998	3
1.229312	2
2.4606719999999997	4
4.92544	8
4.929536	8
5.550336	9
1.851648	3
4.324096	7
4.32768	7
4.331264	7
1.2385279999999999	2
6.19776	10
3.7217279999999997	6
3.1039999999999996	5
8.077055999999999	13
2.4872959999999997	4
3.734016	6
6.228479999999999	10
4.363519999999999	7
3.743232	6
4.3706879999999995	7
3.1244799999999997	5
7.504896	12
4.38144	7
1.8792959999999999	3
3.1347199999999997	5
2.509824	4
5.023744	8
1.2569599999999999	2
6.2899199999999995	10
4.406528	7
4.410112	7
1.891584	3
5.0483199999999995	8
5.052416	8
2.528256	4
4.428032	7
6.33088	10
5.707008	9
5.076992	8
3.810816	6
3.813888	6
1.90848	3
4.456704	7
5.097472	8
1.913088	3
3.1910399999999997	5
1.9161599999999999	3
3.8353919999999997	6
2.558976	4
3.8415359999999996	6
1.281536	2
4.48896	7
6.41792	10
8.349952	13
3.856896	6
2.573312	4
3.2192	5
3.8661119999999998	6
3.22432	5
1.9361279999999998	3
6.45888	10
2.5856	4
5.822208	9
3.884544	6
1.295872	2
3.24224	5
4.54272	7
5.1957759999999995	8
6.49984	10
2.601984	4
2.6040319999999997	4
3.9091199999999997	6
5.216256	8
1.9576319999999998	3
3.918336	6
3.2678399999999996	5
1.96224	3
2.618368	4
9.826559999999999	15
1.311232	2
5.2490239999999995	8
5.25312	8
4.600064	7
1.3153279999999998	2
6.58176	10
4.610816	7
6.592	10
1.979136	3
1.3204479999999998	2
3.30368	5
5.289984	8
3.97056	6
3.3113599999999996	5
1.3255679999999999	2
5.969664	9
4.646656	7
0.66432	1
2.659328	4
0.6653439999999999	1
2.663424	4
3.3318399999999997	5
2.0006399999999998	3
3.33696	5
2.6716159999999998	4
2.005248	3
4.013568	6
3.3472	5
4.019712	6
4.022784	6
3.3548799999999996	5
3.35744	5
8.064	12
2.690048	4
4.711168	7
3.36768	5
3.37024	5
1.3491199999999999	2
4.050432	6
2.702336	4
4.056576	6
3.38304	5
5.4169599999999996	8
2.710528	4
4.747008	7
4.071936	6
5.433344	8
4.07808	6
1.360384	2
5.445632	8
4.768511999999999	7
2.726912	4
4.7756799999999995	7
5.462015999999999	8
3.41632	5
2.7351039999999998	4
4.105728	6
5.482495999999999	8
4.118016	6
2.0605439999999997	3
6.8736	10
5.502975999999999	8
4.818688	7
3.44448	5
2.757632	4
4.82944	7
0.6904319999999999	1
6.90944	10
3.45728	5
3.45984	5
3.4623999999999997	5
6.236928	9
3.46752	5
2.776064	4
4.861695999999999	7
5.56032	8
4.868863999999999	7
2.784256	4
2.089728	3
0.6970879999999999	1
2.7904	4
1.396224	2
5.588992	8
4.194815999999999	6
4.897536	7
5.60128	8
4.904704	7
3.5059199999999997	5
3.50848	5
4.213248	6
3.5136	5
2.812928	4
2.8149759999999997	4
0.704256	1
2.819072	4
4.23168	6
4.234751999999999	6
7.06304	10
4.947712	7
1.414656	2
4.95488	7
3.54176	5
4.962047999999999	7
6.384384	9
3.5494399999999997	5
2.1311999999999998	3
4.265472	6
3.55712	5
5.695488	8
4.274687999999999	6
3.5648	5
4.994304	7
4.997888	7
4.286976	6
2.860032	4
4.29312	6
10.024448	14
7.165439999999999	10
5.019392	7
3.58784	5
6.46272	9
8.623104	12
4.314624	6
2.8784639999999997	4
6.481152	9
2.16192	3
2.163456	3
1.443328	2
6.499584	9
6.504192	9
3.6159999999999997	5
2.1711359999999997	3
5.073151999999999	7
5.801984	8
5.0803199999999995	7
4.357632	6
6.541055999999999	9
1.4545919999999999	2
4.366848	6
6.55488	9
1.4576639999999998	2
4.3760639999999995	6
5.838848	8
3.65184	5
4.38528	6
7.3139199999999995	10
5.855232	8
3.66208	5
2.9317119999999997	4
2.93376	4
5.137664	7
4.406784	6
0.734976	1
2.9419519999999997	4
5.152	7
5.892096	8
3.68512	5
7.37536	10
1.4760959999999999	2
3.6927999999999996	5
4.434432	6
1.479168	2
5.920768	8
0.7406079999999999	1
4.44672	6
8.899583999999999	12
2.9685759999999997	4
5.941248	8
6.688511999999999	9
4.462079999999999	6
5.209344	7
3.7235199999999997	5
3.7260799999999996	5
1.491456	2
2.23872	3
4.480512	6
5.230848	7
5.234432	7
5.238016	7
2.9952	4
2.997248	4
3.74912	5
3.75168	5
3.75424	5
0.7513599999999999	1
6.014976	8
3.76192	5
1.505792	2
7.534079999999999	10
4.5235199999999995	6
6.035456	8
4.5296639999999995	6
3.7772799999999997	5
3.7798399999999996	5
3.0259199999999997	4
3.027968	4
6.060032	8
5.306112	7
3.79264	5
3.7952	5
5.316864	7
3.8003199999999997	5
6.845184	9
3.044352	4
5.3312	7
2.286336	3
2.2878719999999997	3
7.63136	10
4.581888	6
5.34912	7
3.8233599999999996	5
6.121472	8
3.0627839999999997	4
4.597248	6
3.06688	4
5.370623999999999	7
6.141952	8
4.609535999999999	6
3.075072	4
5.3849599999999995	7
3.0791679999999997	4
4.621824	6
3.083264	4
6.170624	8
3.08736	4
3.0894079999999997	4
6.955775999999999	9
3.093504	4
2.3216639999999997	3
3.0976	4
1.5498239999999999	2
5.427968	7
4.655616	6
6.988032	9
6.21568	8
3.1098879999999998	4
5.445888	7
2.335488	3
4.674048	6
10.133759999999999	13
6.240256	8
6.244352	8
7.81056	10
5.470975999999999	7
5.474559999999999	7
3.91296	5
3.91552	5
4.701696	6
7.841279999999999	10
3.13856	4
10.206976	13
7.85664	10
7.075584	9
3.9334399999999996	5
6.2976	8
3.150848	4
6.305791999999999	8
3.9436799999999996	5
5.524736	7
4.73856	6
3.161088	4
5.535488	7
6.330368	8
7.91808	10
4.75392	6
2.3784959999999997	3
5.553408	7
8.732415999999999	11
4.766208	6
3.9743999999999997	5
7.953919999999999	10
3.183616	4
3.98208	5
3.187712	4
7.974399999999999	10
3.98976	5
8.783104	11
7.190784	9
4.796927999999999	6
4.0	5
2.4015359999999997	3
6.408192	8
6.412287999999999	8
5.614336	7
4.81536	6
7.227647999999999	9
6.428672	8
0.8040959999999999	1
5.632256	7
6.44096	8
4.833792	6
6.449152	8
4.839936	6
4.843008	6
4.84608	6
4.849152	6
6.469632	8
8.901375999999999	11
5.668095999999999	7
7.29216	9
5.675263999999999	7
6.490112	8
6.4942079999999995	8
5.6860159999999995	7
8.128	10
4.06656	5
4.882944	6
4.886016	6
5.703936	7
11.41504	14
4.895232	6
4.8983039999999995	6
8.16896	10
4.08704	5
4.0896	5
5.729024	7
5.732608	7
5.736192	7
4.0998399999999995	5
7.38432	9
5.746944	7
6.572032	8
6.576128	8
4.11264	5
2.4691199999999998	3
7.411968	9
4.1203199999999995	5
9.070336	11
7.4257919999999995	9
7.4304	9
5.7827839999999995	7
3.3064959999999997	4
8.27136	10
8.27648	10
4.96896	6
5.800704	7
7.462656	9
4.14848	5
6.641664	8
9.13792	11
5.818624	7
11.644416	14
2.496768	3
5.829376	7
5.83296	7
5.836544	7
6.6744319999999995	8
5.008896	6
3.341312	4
5.01504	6
5.854464	7
2.510592	3
5.024255999999999	6
5.027328	6
6.707199999999999	8
11.744767999999999	14
6.715392	8
7.559424	9
5.042688	6
9.25056	11
8.414719999999999	10
4.209919999999999	5
3.3699839999999996	4
1.686016	2
8.4352	10
4.22016	5
10.134528	12
5.915392	7
4.22784	5
6.7686399999999995	8
5.926144	7
6.776832	8
5.0856959999999996	6
5.088768	6
9.33504	11
6.793215999999999	8
8.49664	10
5.951232	7
6.805504	8
3.4048	4
9.368832	11
5.113344	6
8.52736	10
5.972735999999999	7
4.2688	5
5.1256319999999995	6
5.9834879999999995	7
9.408256	11
5.9906559999999995	7
10.275839999999999	12
4.28416	5
5.144064	6
9.436416	11
7.725312	9
4.2943999999999996	5
1.7187839999999999	2
6.879232	8
6.883328	8
3.4437119999999997	4
7.75296	9
10.343423999999999	12
1.724928	2
4.31488	5
5.180928	6
3.456	4
9.509632	11
10.380288	12
6.924288	8
7.794432	9
4.3328	5
7.803648	9
8.675839999999999	10
5.208576	6
6.9488639999999995	8
6.95296	8
7.826688	9
6.0910079999999995	7
4.35328	5
6.098176	7
10.46016	12
13.08288	15
5.236224	6
3.492864	4
3.494912	4
6.11968	7
8.74752	10
7.877376	9
10.509312	12
2.628864	3
6.1376	7
7.018496	8
3.5112959999999998	4
8.78336	10
7.030784	8
10.55232	12
5.2792319999999995	6
14.966527999999998	17
1.761792	2
5.288448	6
9.70112	11
8.82432	10
4.41472	5
9.718016	11
7.955711999999999	9
7.0758399999999995	8
7.964928	9
7.084032	8
4.43008	5
7.978752	9
11.531519999999999	13
7.9879679999999995	9
5.328384	6
4.44288	5
6.223616	7
10.6752	12
5.340672	6
2.671872	3
5.346816	6
7.133184	8
10.705919999999999	12
9.819391999999999	11
6.252288	7
4.46848	5
8.942079999999999	10
9.84192	11
8.057088	9
3.582976	4
5.377536	6
10.761216	12
6.280959999999999	7
7.182335999999999	8
8.983039999999999	10
4.494079999999999	5
4.49664	5
8.098559999999999	9
5.402112	6
4.50432	5
7.211008	8
6.313216	7
2.7072	3
5.417472	6
10.841088	12
7.231488	8
8.140032	9
0.90496	1
8.149248	9
6.341888	7
8.158464	9
10.884096	12
8.167679999999999	9
3.632128	4
6.359808	7
7.272448	8
9.09568	10
6.370559999999999	7
6.374143999999999	7
9.11104	10
5.469696	6
5.472767999999999	6
6.3884799999999995	7
6.3920639999999995	7
7.309311999999999	8
1.828352	2
10.061568	11
4.576	5
4.5785599999999995	5
8.246016	9
9.16736	10
11.006976	12
6.42432	7
5.509632	6
5.512703999999999	6
10.112256	11
8.278272	9
6.44224	7
11.049984	12
11.977471999999999	13
6.452992	7
11.990784	13
8.30592	9
10.157312	11
1.847808	2
4.6220799999999995	5
4.624639999999999	5
6.478079999999999	7
9.25952	10
6.4852479999999995	7
7.415807999999999	8
7.419904	8
6.4959999999999996	7
9.28512	10
7.432192	8
9.295359999999999	10
5.5802879999999995	6
5.58336	6
7.448576	8
4.65792	5
7.456767999999999	8
6.528256	7
10.26432	11
8.402688	9
1.868288	2
10.281215999999999	11
5.611008	6
5.6140799999999995	6
3.7447679999999997	4
5.620223999999999	6
1.8744319999999999	2
5.626367999999999	6
1.87648	2
3.7550079999999997	4
10.331904	11
6.578431999999999	7
3.761152	4
3.7632	4
5.647872	6
8.476416	9
6.5963519999999995	7
5.657088	6
9.4336	10
6.607104	7
7.555072	8
5.669376	6
7.563263999999999	8
5.67552	6
6.625024	7
9.469439999999999	10
4.73728	5
4.73984	5
4.7424	5
4.74496	5
1.8990079999999998	2
3.800064	4
5.703168	6
1.90208	2
4.75776	5
7.616511999999999	8
8.573184	9
9.53088	10
9.536	10
4.77056	5
6.682367999999999	7
6.6859519999999995	7
4.778239999999999	5
5.73696	6
7.653376	8
8.614656	9
5.746176	6
2.874624	3
4.7936	5
2.877696	3
6.718208	7
7.682048	8
3.843072	4
5.7676799999999995	6
11.541504	12
4.81152	5
6.739712	7
4.81664	5
3.8553599999999997	4
3.857408	4
7.7189119999999996	8
2.896128	3
3.863552	4
4.832	5
3.867648	4
4.83712	5
4.8396799999999995	5
10.652928	11
1.9379199999999999	2
6.7863039999999994	7
3.879936	4
5.822976	6
5.826048	6
9.7152	10
8.748287999999999	9
8.752896	9
6.811392	7
3.894272	4
1.94816	2
5.847551999999999	6
2.925312	3
0.9756159999999999	1
9.76128	10
5.85984	6
4.885759999999999	5
5.865984	6
5.869056	6
6.850816	7
4.896	5
2.939136	3
7.841792	8
3.9229439999999998	4
6.868735999999999	7
6.872319999999999	7
5.893631999999999	6
1.965568	2
7.866368	8
7.870463999999999	8
7.87456	8
2.954496	3
4.9267199999999995	5
8.872703999999999	9
2.959104	3
2.9606399999999997	3
8.886528	9
8.891136	9
4.94208	5
7.911423999999999	8
5.93664	6
4.9497599999999995	5
3.9618559999999996	4
6.936832	7
5.952	6
5.9550719999999995	6
2.979072	3
5.961215999999999	6
2.982144	3
4.972799999999999	5
6.965503999999999	7
3.9823359999999997	4
6.972671999999999	7
3.9864319999999998	4
7.97696	8
1.995264	2
4.99072	5
3.994624	4
4.995839999999999	5
4.9984	5
5.00096	5
5.00352	5
5.00608	5
4.006912	4
6.01344	6
5.0137599999999996	5
9.029376	9
8.030208	8
8.034303999999999	8
5.024	5
2.010624	2
1.005824	1
5.03168	5
7.047936	7
5.0367999999999995	5
2.0157439999999998	2
4.033536	4
1.008896	1
9.084672	9
1.00992	1
4.041728	4
6.0687359999999995	6
3.035904	3
3.0374399999999997	3
4.051968	4
5.06752	5
9.126144	9
6.087168	6
5.0752	5
4.062208	4
5.0803199999999995	5
4.066304	4
2.034176	2
3.0528	3
2.036224	2
4.074496	4
6.114815999999999	6
3.058944	3
3.0604799999999996	3
3.062016	3
3.063552	3
1.021696	1
4.088832	4
5.1136	5
9.209088	9
1.023744	1
2.048512	2
6.148607999999999	6
11.27808	11
4.103168	4
11.289344	11
5.13408	5
3.081984	3
5.1392	5
6.170112	6
4.115456	4
7.205632	7
2.059776	2
6.1823999999999995	6
4.123648	4
4.125696	4
7.223552	7
7.227136	7
12.39552	12
4.133888	4
4.135936	4
1.035008	1
2.07104	2
3.1080959999999997	3
4.146176	4
3.1111679999999997	3
5.18784	5
4.15232	4
4.154368	4
1.039104	1
1.0396159999999999	1
2.080256	2
5.2032	5
3.123456	3
5.20832	5
2.084352	2
2.085376	2
3.1296	3
6.262271999999999	6
4.176896	4
8.357887999999999	8
3.135744	3
2.09152	2
5.23136	5
1.046784	1
3.141888	3
2.0956159999999997	2
5.2416	5
7.343616	7
5.25056	5
8.409087999999999	8
5.2608	5
5.2659199999999995	5
7.379455999999999	7
8.441856	8
6.337536	6
8.45824	8
5.291519999999999	5
6.355968	6
9.543168	9
8.491007999999999	8
10.623999999999999	10
7.443968	7
10.64448	10
3.1964159999999997	3
8.531967999999999	8
5.3376	5
13.891072	13
7.486975999999999	7
8.564736	8
12.859392	12
7.50848	7
6.441984	6
6.448128	6
4.302848	4
3.2302079999999997	3
9.69984	9
8.630272	8
4.3192319999999995	4
8.646656	8
5.40928	5
5.4144	5
10.839039999999999	10
7.5944959999999995	7
8.687616	8
5.43488	5
10.879999999999999	10
7.623168	7
6.540287999999999	6
4.364288	4
8.736768	8
4.3724799999999995	4
3.282432	3
7.666175999999999	7
12.058112	11
8.777728	8
5.4912	5
6.595584	6
9.902592	9
11.013119999999999	10
9.921024	9
4.41344	4
6.626303999999999	6
11.054079999999999	10
5.53216	5
9.967103999999999	9
9.97632	9
5.54752	5
5.552639999999999	5
6.669312	6
8.900608	8
5.568	5
4.458496	4
4.462592	4
6.700031999999999	6
2.235392	2
11.187199999999999	10
5.59872	5
12.328448	11
7.852544	7
3.368448	3
2.24768	2
12.373503999999999	11
11.25888	10
5.63456	5
10.151423999999999	9
9.03168	8
5.64992	5
5.65504	5
4.528128	4
6.798336	6
5.6704	5
12.486144	11
6.816768	6
9.097216	8
2.2763519999999997	2
6.8351999999999995	6
7.981567999999999	7
6.847487999999999	6
7.9959039999999995	7
9.146367999999999	8
4.57728	4
6.872064	6
10.317312	9
10.326528	9
4.5936639999999995	4
5.747199999999999	5
3.451392	3
2.3029759999999997	2
9.220096	8
5.7676799999999995	5
8.08192	7
2.311168	2
5.78304	5
4.630528	4
9.269248	8
4.63872	4
6.964224	6
5.80864	5
9.302016	8
5.81888	5
4.6592	4
4.663296	4
4.6673919999999995	4
5.83936	5
3.506688	3
9.359359999999999	8
4.683776	4
5.85984	5
7.037952	6
5.87008	5
3.52512	3
7.0563839999999995	6
2.354176	2
7.068671999999999	6
3.5374079999999997	3
7.080959999999999	6
4.724736	4
7.093248	6
3.549696	3
7.105536	6
5.9264	5
10.676736	9
8.311296	7
9.506815999999999	8
4.757504	4
3.5711999999999997	3
7.148543999999999	6
8.347135999999999	7
4.7738879999999995	4
7.166976	6
8.36864	7
3.589632	3
5.987839999999999	5
4.7943679999999995	4
1.199616	1
3.60192	3
4.806655999999999	4
1.202688	1
4.814848	4
2.409472	2
3.61728	3
6.033919999999999	5
4.831232	4
8.461824	7
3.629568	3
7.271424	6
8.490496	7
7.2837119999999995	6
8.504832	7
2.432	2
2.4340479999999998	2
8.526335999999999	7
4.876288	4
3.660288	3
2.44224	2
2.444288	2
4.892672	4
3.672576	3
4.900863999999999	4
8.58368	7
4.909056	4
4.913152	4
2.458624	2
8.612352	7
1.23136	1
3.697152	3
3.700224	3
6.17216	5
1.2354559999999999	1
2.47296	2
6.18752	5
8.669696	7
6.19776	5
4.962304	4
4.9664	4
2.485248	2
8.705536	7
4.978688	4
3.737088	3
3.74016	3
4.990976	4
2.4975359999999998	2
3.749376	3
6.25408	5
3.7555199999999997	3
2.505728	2
2.507776	2
5.019648	4
8.791552	7
7.54176	6
7.547904	6
3.777024	3
5.040128	4
3.783168	3
3.78624	3
3.789312	3
3.7923839999999998	3
3.7954559999999997	3
5.064704	4
1.2671999999999999	1
3.8046719999999996	3
3.807744	3
2.5405439999999997	2
3.813888	3
2.54464	2
2.546688	2
3.823104	3
6.3769599999999995	5
3.8292479999999998	3
1.27744	1
3.8353919999999997	3
3.8384639999999997	3
5.1220479999999995	4
1.281536	1
6.4128	5
5.134335999999999	4
5.138432	4
3.856896	3
5.146624	4
1.28768	1
6.4435199999999995	5
5.158912	4
5.163008	4
3.8753279999999997	3
2.5856	2
9.056768	7
3.884544	3
2.591744	2
5.187584	4
2.59584	2
2.5978879999999998	2
1.299968	1
2.601984	2
3.9060479999999997	3
6.5152	5
3.9121919999999997	3
5.220352	4
5.224448	4
5.228543999999999	4
1.30816	1
9.164287999999999	7
5.240832	4
7.867392	6
1.3122559999999999	1
3.93984	3
5.257216	4
1.3153279999999998	1
1.316352	1
2.6368	2
2.638848	2
1.3204479999999998	1
1.321472	1
6.61248	5
1.32352	1
5.298176	4
2.6511359999999997	2
5.306368	4
2.655232	2
5.31456	4
5.318656	4
7.984127999999999	6
3.995136	3
5.330944	4
4.0012799999999995	3
8.008704	6
4.007423999999999	3
2.673664	2
5.351424	4
6.6944	5
6.7046399999999995	5
2.683904	2
4.028928	3
2.6879999999999997	2
4.0350719999999995	3
4.038144	3
2.694144	2
4.047359999999999	3
1.350144	1
5.404672	4
2.7043839999999997	2
1.353216	1
5.4169599999999996	4
4.065792	3
1.3573119999999999	1
1.358336	1
2.720768	2
9.529855999999999	7
2.726912	2
4.09344	3
5.462015999999999	4
4.099584	3
4.105728	3
5.4784	4
4.111872	3
2.743296	2
1.372672	1
2.747392	2
5.49888	4
4.127232	3
2.753536	2
2.755584	2
1.37984	1
4.142592	3
4.145664	3
4.1487359999999995	3
6.91968	5
2.76992	2
4.157952	3
2.774016	2
4.164096	3
2.78016	2
5.564416	4
6.96064	5
2.786304	2
1.3941759999999999	1
8.3712	6
5.584896	4
4.191744	3
2.796544	2
5.5971839999999995	4
5.60128	4
4.204032	3
5.609471999999999	4
4.210176	3
7.02208	5
2.81088	2
1.406464	1
4.2224639999999996	3
7.04256	5
2.819072	2
1.41056	1
1.411584	1
1.4126079999999999	1
2.827264	2
4.243968	3
4.24704	3
2.833408	2
1.4177279999999999	1
4.256256	3
1.419776	1
4.2623999999999995	3
1.421824	1
4.2685439999999994	3
5.695488	4
4.274687999999999	3
1.4259199999999999	1
1.426944	1
5.711872	4
4.286976	3
2.860032	2
2.8620799999999997	2
1.432064	1
2.866176	2
2.8682239999999997	2
7.17568	5
4.308479999999999	3
2.874368	2
1.4392319999999998	1
4.32384	3
4.326912	3
5.777407999999999	4
1.445376	1
1.4464	1
2.896896	2
4.351488	3
4.35456	3
4.357632	3
1.453568	1
4.363776	3
1.455616	1
8.73984	6
2.9153279999999997	2
5.834752	4
4.379136	3
2.921472	2
4.391424	3
4.394496	3
4.397568	3
7.3344	5
5.8716159999999995	4
1.468928	1
5.879808	4
2.9419519999999997	2
4.4159999999999995	3
1.473024	1
4.422143999999999	3
2.950144	2
1.4760959999999999	1
4.43136	3
2.956288	2
2.958336	2
5.920768	4
2.9624319999999997	2
2.96448	2
2.966528	2
4.452864	3
1.485312	1
1.4863359999999999	1
2.9788159999999997	2
1.49248	1
1.493504	1
2.991104	2
4.4928	3
1.498624	1
1.4996479999999999	1
4.502016	3
4.505088	3
3.0054399999999997	2
4.511232	3
4.514304	3
1.505792	1
4.520448	3
6.031359999999999	4
3.017728	2
3.019776	2
4.532736	3
1.511936	1
1.5129599999999999	1
3.027968	2
3.030016	2
1.517056	1
1.519104	1
3.0423039999999997	2
1.522176	1
1.5231999999999999	1
4.572672	3
1.525248	1
3.0525439999999997	2
4.581888	3
1.52832	1
4.594176	3
3.064832	2
3.06688	2
3.0689279999999997	2
3.070976	2
4.609535999999999	3
4.612608	3
3.07712	2
1.5395839999999998	1
4.621824	3
6.166528	4
1.542656	1
3.08736	2
3.0894079999999997	2
4.6371839999999995	3
4.640256	3
1.547776	1
4.649471999999999	3
1.550848	1
3.10784	2
3.111936	2
3.113984	2
1.5580159999999998	1
1.55904	1
4.680192	3
1.561088	1
3.124224	2
3.12832	2
1.5662079999999998	1
3.134464	2
3.1365119999999997	2
1.56928	1
1.5713279999999998	1
3.144704	2
6.301696	4
1.5764479999999998	1
4.732416	3
3.15904	2
1.580544	1
7.91296	5
1.583616	1
1.5846399999999998	1
1.585664	1
1.5866879999999999	1
3.175424	2
3.177472	2
3.1795199999999997	2
1.590784	1
1.592832	1
1.593856	1
1.5948799999999999	1
3.191808	2
3.193856	2
4.8	3
4.803071999999999	3
1.602048	1
1.6030719999999998	1
1.604096	1
1.6051199999999999	1
4.818432	3
1.607168	1
1.6081919999999998	1
4.827648	3
3.22048	2
3.222528	2
1.612288	1
1.6133119999999999	1
4.84608	3
4.849152	3
1.6184319999999999	1
3.245056	2
3.2471039999999998	2
1.624576	1
4.876799999999999	3
3.255296	2
1.628672	1
6.5269759999999994	4
4.8983039999999995	3
4.901376	3
4.9044479999999995	3
1.63584	1
3.2737279999999997	2
1.637888	1
3.277824	2
6.559743999999999	4
3.28192	2
1.644032	1
1.6450559999999999	1
3.298304	2
4.950527999999999	3
1.6512	1
4.962816	3
6.6211839999999995	4
3.31264	2
1.657344	1
6.633471999999999	4
3.320832	2
3.324928	2
3.329024	2
3.339264	2
1.670656	1
3.3433599999999997	2
1.672704	1
6.6949119999999995	4
1.674752	1
1.675776	1
3.3535999999999997	2
1.677824	1
1.680896	1
5.04576	3
1.682944	1
1.683968	1
1.6849919999999998	1
1.686016	1
1.689088	1
3.3802239999999997	2
1.691136	1
3.3843199999999998	2
3.386368	2
1.694208	1
1.696256	1
1.69728	1
5.094912	3
3.398656	2
6.8014079999999995	4
1.704448	1
1.7054719999999999	1
1.706496	1
1.70752	1
1.7085439999999998	1
1.709568	1
3.421184	2
1.71264	1
1.7136639999999999	1
3.4334719999999996	2
3.43552	2
1.719808	1
5.162496	3
3.4437119999999997	2
3.4478079999999998	2
5.174784	3
3.451904	2
5.180928	3
1.728	1
1.730048	1
5.193216	3
3.4641919999999997	2
1.73312	1
1.734144	1
1.7351679999999998	1
1.736192	1
5.211647999999999	3
1.73824	1
1.739264	1
5.220864	3
1.74336	1
3.492864	2
3.494912	2
1.749504	1
7.0021119999999994	4
1.751552	1
1.752576	1
1.754624	1
1.7556479999999999	1
1.756672	1
3.515392	2
1.759744	1
3.5215359999999998	2
1.762816	1
1.7638399999999999	1
3.529728	2
3.531776	2
1.7669119999999998	1
3.5379199999999997	2
1.769984	1
3.5440639999999997	2
1.7740799999999999	1
1.775104	1
1.7771519999999998	1
1.7792	1
3.562496	2
3.5645439999999997	2
3.56864	2
1.786368	1
1.788416	1
1.791488	1
1.793536	1
3.58912	2
1.796608	1
1.79968	1
1.8007039999999999	1
1.8037759999999998	1
1.8048	1
9.029119999999999	5
1.807872	1
1.8088959999999998	1
1.8109439999999999	1
1.812992	1
1.81504	1
1.816064	1
1.818112	1
1.8191359999999999	1
5.4666239999999995	3
1.828352	1
7.317504	4
1.8324479999999999	1
1.833472	1
1.8355199999999998	1
1.8406399999999998	1
1.841664	1
1.844736	1
1.8457599999999998	1
1.846784	1
1.847808	1
1.8488319999999998	1
1.854976	1
3.7119999999999997	2
1.8590719999999998	1
3.726336	2
1.8641919999999998	1
1.8672639999999998	1
5.607936	3
1.870336	1
1.87136	1
1.8744319999999999	1
1.875456	1
3.759104	2
3.761152	2
1.8856959999999998	1
1.88672	1
1.8877439999999999	1
1.888768	1
1.889792	1
3.787776	2
3.789824	2
1.8959359999999998	1
3.800064	2
3.80416	2
1.903104	1
1.905152	1
1.9061759999999999	1
1.9092479999999998	1
5.733887999999999	3
1.91232	1
1.916416	1
1.918464	1
3.841024	2
1.9246079999999999	1
1.9327999999999999	1
1.936896	1
3.8758399999999997	2
1.9430399999999999	1
1.944064	1
1.94816	1
1.9491839999999998	1
1.950208	1
1.9512319999999999	1
3.90656	2
1.9543039999999998	1
1.962496	1
1.9645439999999998	1
3.9352319999999996	2
1.971712	1
5.921279999999999	3
3.9557119999999997	2
3.9598079999999998	2
3.963904	2
1.9860479999999998	1
5.970432	3
1.9911679999999998	1
1.995264	1
1.9962879999999998	1
1.998336	1
1.9993599999999998	1
2.006528	1
2.011648	1
2.013696	1
2.01472	1
2.021888	1
2.023936	1
2.03008	1
2.031104	1
4.068352	2
2.036224	1
4.074496	2
2.0423679999999997	1
2.043392	1
2.046464	1
4.097024	2
4.103168	2
4.113408	2
2.0608	1
2.064896	1
2.066944	1
2.067968	1
2.074112	1
2.078208	1
2.083328	1
2.085376	1
2.088448	1
2.0925439999999997	1
2.09664	1
2.098176	1
4.200448	2
2.1022719999999997	1
2.10432	1
2.106368	1
2.110464	1
4.22912	2
2.118656	1
2.120704	1
4.2455039999999995	2
2.128896	1
4.261888	2
2.1329919999999998	1
6.411264	3
2.1391359999999997	1
2.141184	1
2.143232	1
2.14528	1
2.147328	1
2.1493759999999997	1
6.472703999999999	3
2.163712	1
4.331519999999999	2
2.169856	1
2.173952	1
2.1759999999999997	1
4.356096	2
4.360192	2
2.1964799999999998	1
2.198528	1
4.401152	2
2.204672	1
2.221056	1
2.2231039999999997	1
2.225152	1
2.2333439999999998	1
4.470784	2
2.2394879999999997	1
2.243584	1
2.251776	1
2.25792	1
2.262016	1
2.264064	1
4.53632	2
2.270208	1
4.548608	2
2.2784	1
2.28864	1
2.290688	1
4.589568	2
2.2968319999999998	1
2.29888	1
2.300928	1
2.305024	1
2.30912	1
2.3132159999999997	1
2.325504	1
4.675584	2
2.3398399999999997	1
2.3500799999999997	1
2.354176	1
2.3664639999999997	1
7.191552	3
2.419712	1
2.42176	1
2.432	1
4.909056	2
2.46272	1
2.4709119999999998	1
2.4770559999999997	1
2.485248	1
2.4872959999999997	1
2.4975359999999998	1
2.499584	1
2.507776	1
2.5303039999999997	1
2.538496	1
2.54464	1
2.558976	1
2.5610239999999997	1
2.5671679999999997	1
2.5876479999999997	1
2.59584	1
2.5978879999999998	1
2.60608	1
2.610176	1
5.228543999999999	2
5.25312	2
2.675712	1
5.355519999999999	2
2.7248639999999997	1
2.726912	1
2.72896	1
2.743296	1
2.745344	1
2.7617279999999997	1
5.531648	2
2.7719679999999998	1
2.782208	1
5.568512	2
2.7985919999999997	1
2.80064	1
2.802688	1
2.827264	1
2.8415999999999997	1
2.8928	1
2.911232	1
2.92352	1
2.946048	1
2.948096	1
2.9685759999999997	1
2.976768	1
2.9788159999999997	1
6.080512	2
3.05664	1
3.064832	1
3.070976	1
3.083264	1
3.0894079999999997	1
3.101696	1
3.122176	1
3.134464	1
3.1426559999999997	1
3.1692799999999997	1
3.1795199999999997	1
12.734464	4
3.2266239999999997	1
3.2327679999999996	1
3.259392	1
3.27168	1
3.3740799999999997	1
3.376128	1
3.4375679999999997	1
6.916096	2
3.462144	1
3.48672	1
3.509248	1
3.5338239999999996	1
3.5543039999999997	1
3.5706879999999996	1
3.587072	1
3.613696	1
3.668992	1
7.460864	2
3.80416	1
3.8144	1
3.8225919999999998	1
3.8451199999999996	1
3.8553599999999997	1
3.873792	1
3.951616	1
4.015104	1
4.017151999999999	1
4.045824	1
4.06016	1
4.119552	1
4.20864	1
4.212736	1
4.302848	1
4.417536	1
4.503552	1
9.129984	2
9.19552	2
4.614144	1
4.630528	1
4.716544	1
4.745216	1
4.80256	1
4.851712	1
4.855808	1
4.90496	1
4.98688	1
5.003264	1
5.0483199999999995	1
5.072896	1
10.17856	2
5.134335999999999	1
5.154815999999999	1
5.158912	1
5.21216	1
5.23264	1
5.261311999999999	1
5.2695039999999995	1
5.339136	1
5.359616	1
5.43744	1
5.466112	1
5.4784	1
5.502975999999999	1
5.531648	1
5.777407999999999	1
5.933056	1
5.941248	1
6.060032	1
6.11328	1
6.141952	1
6.1460479999999995	1
6.31808	1
6.359039999999999	1
6.387712	1
6.506495999999999	1
6.6007039999999995	1
6.912	1
7.452672	1
7.555072	1
7.682048	1
7.731199999999999	1
7.804927999999999	1
7.862272	1
7.866368	1
8.05888	1
8.108032	1
8.589312	1
8.810495999999999	1
9.359359999999999	1
10.055679999999999	1
10.235904	1
10.522623999999999	1
11.194367999999999	1
11.538432	1
11.808767999999999	1
12.177408	1
13.152256	1
13.266943999999999	1
14.110719999999999	1
15.593471999999998	1
21.553152	1
21.667839999999998	1
24.059904	1
24.829952	1
25.599999999999998	1
26.157055999999997	1
26.386432	1
27.172863999999997	1
27.369472	1
27.648	1
27.828224	1
28.352511999999997	1
28.844032	1
28.893183999999998	1
29.138944	1
29.433856	1
29.679616	1
29.958143999999997	1
30.26944	1
30.285823999999998	1
60.833791999999995	2
30.564352	1
30.662656	1
30.679039999999997	1
30.810112	1
30.908416	1
31.399936	1
31.41632	1
31.66208	1
39.829504	1
41.435136	1
42.287104	1
42.876928	1
44.351487999999996	1
44.81024	1
45.13792	1
45.924352	1
48.119808	1
48.840703999999995	1
53.821439999999996	1
55.558144	1
55.754751999999996	1
55.951359999999994	1
58.966015999999996	1
59.359232	1
59.654143999999995	1
59.916287999999994	1
59.949056	1
60.2112	1
60.276736	1
181.026816	3
60.407807999999996	1
60.473344	1
60.506111999999995	1
121.07776	2
60.637184	1
60.70272	1
60.768255999999994	1
60.801024	1
121.66758399999999	2
60.86656	1
304.49664	5
60.932095999999994	1
60.997631999999996	1
183.386112	3
244.64588799999999	4
61.19424	1
122.454016	2
183.779328	3
122.650624	2
61.390848	1
61.456384	1
61.521919999999994	1
123.17491199999999	2
61.718528	1
61.784063999999994	1
61.816832	1
62.111743999999995	1
62.406656	1
63.356927999999996	1
63.619071999999996	1
64.831488	1
65.912832	1
65.9456	1
90.40691199999999	1
90.60351999999999	1
90.73459199999999	1
0.823552	2
0.413056	1
0.414848	1
0.415616	1
0.416128	1
0.416384	1
0.422272	1
0.42303999999999997	1
0.423296	1
0.42636799999999997	1
0.428928	1
0.42969599999999997	1
0.431488	1
0.432256	1
0.432768	1
0.433536	1
0.43379199999999996	1
0.43456	1
0.434816	1
0.43558399999999997	1
0.436096	1
0.43635199999999996	1
0.43711999999999995	1
0.44019199999999997	1
0.440704	1
0.442496	1
0.442752	1
0.44300799999999996	1
0.44351999999999997	1
0.444032	1
0.445056	1
0.445312	1
0.44556799999999996	1
0.44608	1
0.44736	1
0.44812799999999997	1
0.44889599999999996	1
0.449408	1
0.89984	2
0.4512	1
0.45145599999999997	1
0.451968	1
0.45222399999999996	1
0.45273599999999997	1
0.453248	1
0.909056	2
0.45504	1
0.911616	2
0.457856	1
0.45811199999999996	1
0.45887999999999995	1
0.459136	1
0.45939199999999997	1
0.459648	1
0.460416	1
0.921856	2
0.461696	1
0.9244159999999999	2
0.46271999999999996	1
0.463744	1
0.9279999999999999	2
0.464256	1
0.464512	1
0.465024	1
0.465536	1
0.46604799999999996	1
0.466304	1
0.93312	2
0.934144	2
0.46784	1
0.46809599999999996	1
0.468352	1
0.468864	1
0.93824	2
0.469632	1
0.470144	1
0.4704	1
1.8826239999999999	4
0.470912	1
0.942336	2
0.47142399999999995	1
0.47270399999999996	1
0.473728	1
0.47398399999999996	1
0.47424	1
0.948992	2
0.9495039999999999	2
0.475008	1
0.47526399999999996	1
0.951552	2
0.476288	1
0.954112	2
0.9546239999999999	2
0.477568	1
0.95616	2
3.351936	7
0.9597439999999999	2
0.480128	1
0.480896	1
0.48115199999999997	1
0.481664	1
0.964352	2
1.9297279999999999	4
1.4496	3
0.483456	1
0.967424	2
0.48396799999999995	1
1.9379199999999999	4
0.969472	2
1.4549759999999998	3
0.485504	1
0.486016	1
0.486272	1
0.48704	1
0.48729599999999995	1
0.488064	1
0.9771519999999999	2
0.48908799999999997	1
0.489344	1
0.4896	1
0.48985599999999996	1
1.47264	3
0.9822719999999999	2
1.474176	3
0.983296	2
0.49216	1
1.477248	3
0.492672	1
0.492928	1
0.9863679999999999	2
2.4672	5
0.9873919999999999	2
0.493952	1
0.494208	1
0.9889279999999999	2
1.486464	3
0.49574399999999996	1
0.496	1
0.9930239999999999	2
0.993536	2
0.9955839999999999	2
0.49830399999999997	1
0.498816	1
0.9981439999999999	2
0.499328	1
0.999168	2
0.9996799999999999	2
1.000192	2
1.000704	2
3.0036479999999997	6
1.502592	3
1.003264	2
1.003776	2
0.5021439999999999	1
1.0048	2
1.005824	2
1.006336	2
1.006848	2
2.5183999999999997	5
1.511808	3
1.008896	2
0.5047039999999999	1
0.50496	1
0.505216	1
1.516416	3
0.505728	1
0.505984	1
2.5311999999999997	5
0.506496	1
2.027008	4
1.014016	2
0.5072639999999999	1
1.01504	2
1.523328	3
1.524864	3
1.5264	3
1.018112	2
1.527936	3
2.038272	4
0.5098239999999999	1
1.5302399999999998	3
0.510336	1
2.0423679999999997	4
1.021696	2
0.511104	1
1.5340799999999999	3
0.511872	1
1.024256	2
2.049536	4
2.05056	4
0.512896	1
1.539456	3
0.513408	1
1.027328	2
2.0556799999999997	4
1.028352	2
2.057728	4
0.5146879999999999	1
0.514944	1
2.0608	4
1.030912	2
1.5471359999999998	3
1.54944	3
0.516992	1
1.03552	2
0.518016	1
1.554816	3
2.074112	4
2.075136	4
0.51904	1
1.038592	2
0.519552	1
2.0792319999999997	4
1.560192	3
1.56096	3
1.561728	3
1.041664	2
2.084352	4
1.5640319999999999	3
1.5648	3
2.087424	4
2.088448	4
2.61184	5
1.04576	2
1.569408	3
0.523648	1
0.5239039999999999	1
1.5724799999999999	3
3.671808	7
2.62528	5
1.5767039999999999	3
1.5782399999999999	3
3.1595519999999997	6
1.054208	2
1.582848	3
0.5281279999999999	1
2.11456	4
3.174912	6
4.766976	9
3.181056	6
2.1227519999999998	4
1.0624	2
3.1902719999999998	6
3.725568	7
3.1964159999999997	6
4.799232	9
2.13504	4
2.67136	5
1.604352	3
4.282368	8
2.143232	4
2.6816	5
3.757824	7
2.6867199999999998	5
3.227136	6
2.69184	5
2.6944	5
3.2363519999999997	6
4.3192319999999995	8
2.70208	5
2.70464	5
3.7900799999999997	7
2.7097599999999997	5
3.254784	6
3.257856	6
5.43488	10
4.351999999999999	8
3.2670719999999998	6
2.180096	4
3.818752	7
1.092096	2
2.7327999999999997	5
3.282432	6
3.285504	6
1.096192	2
2.194432	4
3.29472	6
2.74816	5
3.8510079999999998	7
3.854592	7
1.6535039999999999	3
4.41344	8
4.417536	8
0.552704	1
2.2128639999999997	4
4.429824	8
2.21696	4
2.219008	4
2.221056	4
5.001984	9
3.8940159999999997	7
3.8975999999999997	7
3.9011839999999998	7
5.57824	10
5.025024	9
1.676544	3
2.7967999999999997	5
1.1197439999999999	2
6.164224	11
4.487168	8
3.929856	7
2.8095999999999997	5
2.81216	5
3.9406079999999997	7
5.071104	9
4.511744	8
2.25792	4
2.2599679999999998	4
4.524032	8
4.528128	8
3.965696	7
2.8352	5
3.972864	7
2.272256	4
5.117184	9
5.121792	9
0.5696	1
3.9907839999999997	7
5.135616	9
2.284544	4
4.001536	7
5.7216	10
2.290688	4
3.439104	6
2.86848	5
2.2968319999999998	4
4.59776	8
5.75232	10
3.4544639999999998	6
4.610048	8
1.7303039999999998	3
4.04096	7
3.466752	6
2.3132159999999997	4
3.472896	6
4.055296	7
1.15968	2
5.80352	10
4.066047999999999	7
3.488256	6
4.655104	8
2.912	5
4.080384	7
5.2508159999999995	9
3.5036159999999996	6
4.675584	8
3.50976	6
4.098304	7
2.92992	5
4.105472	7
1.174016	2
2.9375999999999998	5
3.5281919999999998	6
4.119808	7
4.123392	7
2.94784	5
5.31072	9
3.543552	6
4.728832	8
2.95808	5
2.9606399999999997	5
1.77792	3
4.152064	7
5.93664	10
3.565056	6
5.352192	9
5.3568	9
2.97856	5
2.384896	4
2.9836799999999997	5
4.777984	8
2.9888	5
2.99136	5
2.395136	4
2.99648	5
2.399232	4
2.40128	4
4.205824	7
5.412096	9
3.6111359999999997	6
5.4213119999999995	9
6.631679999999999	11
2.4135679999999997	4
9.05856	15
3.02208	5
3.0246399999999998	5
3.0271999999999997	5
3.02976	5
2.425856	4
4.248832	7
6.074879999999999	10
2.432	4
1.8255359999999998	3
4.263167999999999	7
4.266751999999999	7
3.05024	5
6.1056	10
5.499648	9
4.281088	7
3.672576	6
0.6126079999999999	1
1.8393599999999999	3
4.909056	8
3.6848639999999997	6
3.6879359999999997	6
3.6910079999999996	6
6.77248	11
3.697152	6
8.633856	14
4.937728	8
3.08864	5
3.0911999999999997	5
3.712512	6
3.09632	5
2.479104	4
4.962304	8
4.9664	8
3.10656	5
4.9745919999999995	8
2.489344	4
1.245696	2
3.74016	6
8.110336	13
4.3706879999999995	7
3.749376	6
4.3778559999999995	7
6.2592	10
3.13216	5
4.388608	7
3.7647359999999996	6
5.651712	9
1.88544	3
2.515968	4
5.6655359999999995	9
3.780096	6
6.30528	10
3.78624	6
6.9470719999999995	11
3.7923839999999998	6
5.060607999999999	8
4.431616	7
3.8015999999999996	6
3.8046719999999996	6
4.442368	7
5.7162239999999995	9
2.542592	4
2.54464	4
3.18336	5
2.548736	4
4.463871999999999	7
3.1910399999999997	5
5.74848	9
2.556928	4
3.19872	5
3.8415359999999996	6
5.126144	8
1.92384	3
3.20896	5
1.926912	3
1.928448	3
1.286656	2
4.50688	7
3.8661119999999998	6
4.514048	7
1.290752	2
3.8753279999999997	6
1.9391999999999998	3
3.2345599999999997	5
5.179392	8
5.183488	8
1.945344	3
1.94688	3
5.845248	9
4.549888	7
1.300992	2
5.859071999999999	9
3.2576	5
4.564223999999999	7
4.567807999999999	7
6.5305599999999995	10
3.2678399999999996	5
1.30816	2
2.618368	4
4.585728	7
4.589312	7
2.6245119999999997	4
5.25312	8
4.600064	7
4.603648	7
2.632704	4
5.928192	9
1.9775999999999998	3
3.2985599999999997	5
2.6408959999999997	4
2.642944	4
4.628736	7
5.955839999999999	9
2.649088	4
0.6627839999999999	1
4.643072	7
3.3190399999999998	5
5.978879999999999	9
4.653824	7
6.65344	10
1.331712	2
5.330944	8
4.668159999999999	7
7.341311999999999	11
3.33952	5
6.015744	9
2.675712	4
2.00832	3
2.009856	3
6.0341759999999995	9
4.696832	7
2.014464	3
3.36	5
6.052607999999999	9
5.384192	8
6.061824	9
6.74048	10
4.047359999999999	6
3.3753599999999997	5
3.37792	5
4.056576	6
4.736256	7
2.7084799999999998	4
2.710528	4
6.103295999999999	9
4.071936	6
5.433344	8
4.07808	6
5.441536	8
3.40352	5
3.4060799999999998	5
3.4086399999999997	5
4.7756799999999995	7
2.7310079999999997	4
8.882432	13
3.4188799999999997	5
4.105728	6
2.7392	4
2.7412479999999997	4
3.4291199999999997	5
5.490688	8
4.121087999999999	6
5.49888	8
2.063616	3
2.065152	3
4.133376	6
1.378816	2
3.4495999999999998	5
3.4521599999999997	5
2.763776	4
1.382912	2
4.151808	6
3.4623999999999997	5
1.3859839999999999	2
4.161023999999999	6
3.47008	5
4.861695999999999	7
2.08512	3
5.564416	8
2.784256	4
4.8760319999999995	7
2.7883519999999997	4
4.8831999999999995	7
4.1886719999999995	6
4.890368	7
5.593088	8
4.197888	6
4.90112	7
4.204032	6
2.103552	3
5.613568	8
5.6176639999999995	8
4.21632	6
2.109696	3
4.926208	7
4.929792	7
4.933376	7
1.41056	2
2.823168	4
2.118912	3
2.120448	3
3.53664	5
3.5391999999999997	5
1.416704	2
2.8354559999999998	4
2.837504	4
6.388992	9
4.2623999999999995	6
2.843648	4
4.2685439999999994	6
2.847744	4
5.699584	8
4.27776	6
5.707776	8
3.5699199999999998	5
3.5724799999999997	5
7.15008	10
6.43968	9
5.012224	7
7.881983999999999	11
5.736447999999999	8
1.435136	2
2.155776	3
7.910144	11
2.8784639999999997	4
2.160384	3
2.16192	3
5.769216	8
4.329984	6
2.8887039999999997	4
2.890752	4
2.1696	3
5.065983999999999	7
3.62112	5
3.62368	5
4.351488	6
5.80608	8
5.0839039999999995	7
2.907136	4
2.9091839999999998	4
7.27808	10
2.18496	3
5.101824	7
3.6467199999999997	5
2.919424	4
2.1911039999999997	3
2.19264	3
3.6569599999999998	5
5.123328	7
5.126912	7
8.062208	11
7.3344	10
5.137664	7
6.610176	9
2.939904	4
2.9419519999999997	4
4.4159999999999995	6
4.419072	6
2.2110719999999997	3
4.425216	6
8.118528	11
4.43136	6
1.478144	2
5.916672	8
0.740096	1
2.221824	3
0.74112	1
2.966528	4
4.452864	6
4.4559359999999995	6
2.229504	3
5.20576	7
4.465152	6
2.9788159999999997	4
8.942592	12
3.72864	5
4.47744	6
2.987008	4
3.7363199999999996	5
0.747776	1
5.986304	8
2.9952	4
2.2479359999999997	3
5.9985919999999995	8
5.252352	7
5.255936	7
3.0054399999999997	4
4.511232	6
2.257152	3
4.517376	6
3.7670399999999997	5
3.0156799999999997	4
5.2810239999999995	7
7.54944	10
6.043648	8
3.7798399999999996	5
2.26944	3
5.298944	7
9.847552	13
5.306112	7
3.034112	4
7.5904	10
4.557312	6
7.600639999999999	10
6.084607999999999	8
4.566528	6
4.569599999999999	6
8.383232	11
5.338368	7
4.578816	6
2.290944	3
5.34912	7
9.176064	12
0.765184	1
6.1255679999999995	8
4.597248	6
5.367039999999999	7
4.6033919999999995	6
4.606464	6
3.84128	5
0.768768	1
3.8464	5
3.0791679999999997	4
4.621824	6
3.083264	4
4.627968	6
3.8592	5
2.317056	3
6.955775999999999	9
5.413632	7
6.191104	8
5.4208	7
2.3247359999999997	3
3.8771199999999997	5
3.87968	5
4.658688	6
3.8848	5
1.5549439999999999	2
3.88992	5
5.449472	7
7.0110719999999995	9
4.6771199999999995	6
9.360384	12
4.683263999999999	6
7.029503999999999	9
6.252543999999999	8
5.474559999999999	7
3.91296	5
3.1324159999999996	4
0.783616	1
1.5682559999999999	2
3.9232	5
4.7109119999999995	6
6.285311999999999	8
2.3585279999999997	3
3.1467519999999998	4
8.6592	11
7.089408	9
3.1528959999999997	4
7.887359999999999	10
3.94624	5
7.1078399999999995	9
3.9513599999999998	5
4.744704	6
3.95648	5
4.7508479999999995	6
3.1692799999999997	4
7.135488	9
4.760064	6
3.175424	4
3.97184	5
4.76928	6
3.9769599999999996	5
5.571327999999999	7
7.96416	10
3.9846399999999997	5
9.56928	12
7.1815679999999995	9
3.99232	5
4.793856	6
3.197952	4
1.5999999999999999	2
4.00256	5
4.806144	6
4.809216	6
5.614336	7
6.4204799999999995	8
2.409216	3
6.428672	8
4.8245759999999995	6
4.827648	6
4.8307199999999995	6
4.02816	5
1.612288	2
6.453247999999999	8
3.228672	4
7.26912	9
6.465535999999999	8
6.469632	8
5.664511999999999	7
8.09728	10
2.43072	3
5.675263999999999	7
6.490112	8
2.4353279999999997	3
4.06144	5
5.6895999999999995	7
4.06656	5
7.324415999999999	9
6.514688	8
3.259392	4
3.26144	4
8.974592	11
8.16384	10
4.08448	5
4.9044479999999995	6
1.63584	2
4.910591999999999	6
6.551552	8
9.014016	11
3.2798719999999997	4
1.64096	2
3.2839679999999998	4
5.750528	7
3.288064	4
9.870336	12
6.58432	8
4.11776	5
4.1203199999999995	5
4.947456	6
4.12544	5
6.6048	8
4.956672	6
5.7863679999999995	7
3.308544	4
7.4488319999999995	9
9.10976	11
8.286719999999999	10
6.633471999999999	8
1.659392	2
8.30208	10
8.3072	10
6.649856	8
4.990463999999999	6
9.987072	12
2.498304	3
4.166399999999999	5
10.005504	12
5.005824	6
4.17408	5
7.517951999999999	9
3.3433599999999997	4
6.690816	8
5.021184	6
5.861632	7
5.027328	6
5.868799999999999	7
5.033472	6
5.036544	6
5.8795519999999994	7
5.042688	6
10.93248	13
5.8903039999999995	7
5.893888	7
5.897472	7
5.901056	7
5.06112	6
4.22016	5
7.600896	9
8.45056	10
5.073408	6
5.92256	7
5.079552	6
4.23552	5
5.0856959999999996	6
5.936896	7
3.39456	4
6.793215999999999	8
5.097983999999999	6
4.2508799999999995	5
10.208255999999999	12
3.4048	4
6.813695999999999	8
7.6700159999999995	9
7.674624	9
5.119488	6
5.12256	6
5.979903999999999	7
3.419136	4
6.842368	8
3.423232	4
4.2816	5
7.711487999999999	9
6.001408	7
6.862848	8
6.866943999999999	8
8.588799999999999	10
10.312704	12
8.59904	10
5.162496	6
7.748352	9
3.44576	4
3.4478079999999998	4
9.487104	11
6.040832	7
2.590464	3
8.639999999999999	10
6.916096	8
5.190144	6
7.789823999999999	9
9.526527999999999	11
5.1993599999999995	6
10.404864	12
7.808256	9
10.417152	12
8.68608	10
11.29856	13
5.217792	6
5.220864	6
6.094592	7
7.8405119999999995	9
6.10176	7
4.3609599999999995	5
3.4908159999999997	4
2.6196479999999998	3
4.36864	5
2.6227199999999997	3
6.998016	8
5.251583999999999	6
7.881983999999999	9
6.134016	7
1.7535999999999998	2
2.631936	3
4.38912	5
8.78336	10
4.39424	5
3.5174399999999997	4
2.6396159999999997	3
7.923456	9
11.451647999999999	13
7.051264	8
7.9372799999999994	9
6.177023999999999	7
7.063552	8
6.1841919999999995	7
4.41984	5
4.4224	5
4.42496	5
3.542016	4
7.974144	9
7.092224	8
5.32224	6
5.325311999999999	6
3.552256	4
7.997184	9
5.334528	6
8.0064	9
8.901119999999999	10
5.343744	6
5.346816	6
1.783296	2
6.24512	7
7.141375999999999	8
4.46592	5
2.681088	3
8.942079999999999	10
5.36832	6
3.5809279999999997	4
5.374464	6
6.273791999999999	7
4.48384	5
4.4864	5
5.3867519999999995	6
4.4915199999999995	5
6.2917119999999995	7
6.295296	7
4.4992	5
9.00352	10
5.405183999999999	6
7.211008	8
8.116992	9
5.4144	6
10.834944	12
3.613696	4
4.51968	5
3.6177919999999997	4
2.71488	3
6.338304	7
8.153856	9
8.158464	9
3.6280319999999997	4
5.44512	6
3.632128	4
2.725632	3
6.363391999999999	7
4.54784	5
10.92096	12
4.55296	5
10.933247999999999	12
8.204544	9
10.033408	11
5.47584	6
6.3920639999999995	7
8.222976	9
7.313408	8
6.402816	7
3.6608	4
3.662848	4
9.162239999999999	10
6.417152	7
8.255232	9
5.5065599999999995	6
9.18272	10
3.6751359999999997	4
6.435072	7
2.7594239999999997	3
4.6015999999999995	5
8.287488	9
5.528064	6
9.21856	10
6.456576	7
1.8457599999999998	2
5.5403519999999995	6
6.467327999999999	7
2.7732479999999997	3
6.474495999999999	7
4.6272	5
5.555712	6
4.63232	5
5.561856	6
9.27488	10
10.208	11
2.785536	3
9.290239999999999	10
4.647679999999999	5
5.5802879999999995	6
5.58336	6
5.586431999999999	6
13.973759999999999	15
2.7962879999999997	3
8.393472	9
14.92992	16
3.7345279999999996	4
10.275584	11
10.281215999999999	11
4.67584	5
9.3568	10
6.553344	7
5.620223999999999	6
6.560512	7
3.750912	4
6.567679999999999	7
4.69376	5
3.757056	4
5.638656	6
8.462591999999999	9
10.348799999999999	11
1.8826239999999999	2
8.476416	9
2.8270079999999997	3
9.42848	10
11.320319999999999	12
3.7754879999999997	4
5.666303999999999	6
9.44896	10
3.7816319999999997	4
10.40512	11
8.517888	9
9.469439999999999	10
2.842368	3
7.583743999999999	8
3.79392	4
6.642944	7
6.646528	7
9.50016	10
10.455808	11
7.60832	8
7.612416	8
6.664447999999999	7
8.573184	9
6.671615999999999	7
11.4432	12
6.678783999999999	7
6.682367999999999	7
5.730816	6
3.8225919999999998	4
4.7808	5
3.826688	4
9.57184	10
5.746176	6
5.749248	6
10.545919999999999	11
6.714624	7
4.798719999999999	5
2.8807679999999998	3
8.646912	9
7.690239999999999	8
5.770752	6
10.585344	11
4.81408	5
4.81664	5
3.8553599999999997	4
11.572224	12
4.82432	5
9.65376	10
4.82944	5
5.7984	6
4.83456	5
4.83712	5
10.647295999999999	11
9.684479999999999	10
5.813759999999999	6
7.755776	8
11.639807999999999	12
8.734464	9
5.826048	6
4.8576	5
8.748287999999999	9
6.807808	7
4.865279999999999	5
5.8414079999999995	6
7.79264	8
9.74592	10
5.850624	6
5.853695999999999	6
9.76128	10
4.8831999999999995	5
6.840064	7
5.865984	6
4.89088	5
3.914752	4
5.8751999999999995	6
5.878272	6
7.841792	8
3.9229439999999998	4
0.981248	1
4.908799999999999	5
6.875903999999999	7
11.793408	12
2.949888	3
4.91904	5
3.93728	4
4.92416	5
5.912064	6
4.929279999999999	5
6.904576	7
5.921279999999999	6
2.962176	3
6.915328	7
10.872575999999999	11
6.922496	7
7.91552	8
9.899519999999999	10
3.9618559999999996	4
3.963904	4
2.9744639999999998	3
6.944	7
8.932608	9
3.9720959999999996	4
7.948288	8
4.9702399999999995	5
6.96192	7
7.960576	8
12.942592	13
8.964864	9
4.98304	5
5.98272	6
2.992896	3
2.9944319999999998	3
8.987904	9
4.995839999999999	5
8.997119999999999	9
2.000384	2
9.006336	9
5.00608	5
5.00864	5
7.01568	7
4.0110079999999995	4
10.032639999999999	10
4.015104	4
4.017151999999999	4
5.024	5
5.02656	5
2.011648	2
6.038016	6
8.054784	8
5.0367999999999995	5
6.047232	6
2.016768	2
6.053376	6
6.056448	6
5.0496	5
2.020864	2
3.032832	3
3.0343679999999997	3
7.083775999999999	7
8.09984	8
7.0909439999999995	7
5.06752	5
6.084096	6
5.07264	5
7.10528	7
8.124416	8
4.064255999999999	4
5.082879999999999	5
5.08544	5
5.088	5
7.126784	7
3.055872	3
7.133952	7
7.137536	7
10.2016	10
1.020672	1
6.127104	6
8.173568	8
5.11104	5
2.0454399999999997	2
9.209088	9
7.166207999999999	7
8.194048	8
6.148607999999999	6
5.126399999999999	5
3.0773759999999997	3
7.184127999999999	7
4.107264	4
5.13664	5
4.1113599999999995	4
4.113408	4
4.115456	4
7.205632	7
1.029888	1
2.0608	2
1.030912	1
2.062848	2
5.15968	5
6.194687999999999	6
7.23072	7
6.200832	6
5.169919999999999	5
3.103488	3
4.140032	4
12.42624	12
6.2161919999999995	6
10.36544	10
8.296448	8
7.262976	7
4.15232	4
4.154368	4
5.19552	5
3.118848	3
7.280895999999999	7
2.08128	2
2.0823039999999997	2
8.333312	8
6.253056	6
5.213439999999999	5
6.2592	6
1.043712	1
5.22112	5
3.1342079999999997	3
8.361984	8
2.09152	2
7.323904	7
5.2339199999999995	5
3.141888	3
6.286848	6
4.19328	4
6.294528	6
9.451008	9
12.613631999999999	12
17.88672	17
8.425472	8
14.758911999999999	14
5.27616	5
12.675072	12
11.63008	11
12.699648	12
11.652607999999999	11
18.025983999999998	17
10.61376	10
11.686399999999999	11
5.31712	5
8.515584	8
3.1964159999999997	3
9.598464	9
9.60768	9
8.548352	8
8.556543999999999	8
5.3529599999999995	5
6.429696	6
8.58112	8
8.589312	8
12.896256	12
6.454272	6
10.76736	10
14.01088	13
9.709056	9
9.718271999999999	9
8.646656	8
8.654848	8
9.74592	9
10.839039999999999	10
7.5944959999999995	7
7.6016639999999995	7
16.30464	15
5.4399999999999995	5
11.979263999999999	11
10.90048	10
9.819647999999999	9
12.013055999999999	11
4.3724799999999995	4
12.035584	11
12.046847999999999	11
8.769536	8
4.388864	4
16.473599999999998	15
15.389695999999999	14
8.802304	8
3.3039359999999998	3
14.330368	13
11.0336	10
9.939456	9
6.632448	6
6.638592	6
11.07456	10
6.65088	6
8.876032	8
9.994752	9
12.227072	11
10.013183999999999	9
12.2496	11
6.6877439999999995	6
6.693887999999999	6
8.933375999999999	8
4.470784	4
7.83104	7
10.077696	9
10.086912	9
12.339711999999999	11
12.350976	11
14.609919999999999	13
8.998911999999999	8
10.132992	9
6.7614719999999995	6
7.8955519999999995	7
3.3868799999999997	3
5.64992	5
6.786048	6
9.056256	8
13.596672	12
4.53632	4
9.080832	8
9.089024	8
4.548608	4
4.552703999999999	4
9.1136	8
5.7011199999999995	5
4.564992	4
3.4268159999999996	3
10.289664	9
9.15456	8
14.889472	13
6.878208	6
5.73696	5
16.077824	14
5.747199999999999	5
5.75232	5
5.75744	5
3.4575359999999997	3
9.228288	8
10.39104	9
10.400255999999999	9
6.939648	6
6.945792	6
11.586559999999999	10
4.63872	4
6.964224	6
3.485184	3
5.813759999999999	5
5.81888	5
8.153599999999999	7
1.165824	1
5.834239999999999	5
7.007231999999999	6
4.675584	4
5.8496	5
10.538496	9
2.343936	2
5.86496	5
8.218112	7
7.05024	6
9.408512	8
8.239616	7
4.712448	4
12.970495999999999	11
8.26112	7
11.81184	10
9.457664	8
4.732927999999999	4
13.026816	11
1.18528	1
5.93152	5
5.93664	5
5.9417599999999995	5
7.1362559999999995	6
8.332799999999999	7
3.5742719999999997	3
5.9622399999999995	5
11.934719999999999	10
11.94496	10
4.78208	4
8.375808	7
5.987839999999999	5
7.191552	6
7.197696	6
8.40448	7
7.2099839999999995	6
8.418816	7
3.6111359999999997	3
1.204736	1
6.0287999999999995	5
1.2067839999999999	1
4.831232	4
10.879488	9
7.259136	6
8.47616	7
8.483328	7
6.06464	5
9.711616	8
3.6449279999999997	3
7.295999999999999	6
7.302143999999999	6
4.872192	4
3.657216	3
6.10048	5
6.1056	5
7.332864	6
13.454848	11
4.896768	4
4.900863999999999	4
6.1312	5
3.6817919999999997	3
4.913152	4
3.6879359999999997	3
12.30336	10
6.1568	5
7.394304	6
3.700224	3
8.641024	7
8.648192	7
8.65536	7
6.18752	5
7.4311679999999996	6
3.7186559999999997	3
9.924608	8
7.449599999999999	6
8.698368	7
7.461888	6
7.468032	6
7.474176	6
6.2336	5
6.23872	5
11.238912	9
4.999168	4
5.003264	4
3.7555199999999997	3
8.770048	7
3.7616639999999997	3
15.058943999999999	12
2.511872	2
5.027839999999999	4
2.515968	2
7.554048	6
5.040128	4
7.566336	6
5.0483199999999995	4
7.578624	6
5.056512	4
5.060607999999999	4
10.129408	8
3.8015999999999996	3
8.877568	7
5.076992	4
5.081087999999999	4
2.542592	2
2.54464	2
6.36672	5
2.548736	2
1.2753919999999999	1
6.382079999999999	5
7.6646399999999995	6
3.8353919999999997	3
7.676927999999999	6
8.963583999999999	7
12.81536	10
7.69536	6
2.5671679999999997	2
6.423039999999999	5
6.42816	5
2.573312	2
5.15072	4
3.8661119999999998	3
2.579456	2
3.8722559999999997	3
5.167104	4
3.8783999999999996	3
5.1752959999999995	4
7.769088	6
3.887616	3
7.781376	6
3.89376	3
9.092608	7
3.899904	3
9.106944	7
2.6040319999999997	2
5.21216	4
3.9121919999999997	3
6.52544	5
5.228543999999999	4
2.61632	2
5.236736	4
5.240832	4
6.556159999999999	5
5.2490239999999995	4
7.87968	6
3.9429119999999998	3
2.6306559999999997	2
1.316352	1
3.9521279999999996	3
5.2736	4
6.597119999999999	5
2.6408959999999997	2
3.964416	3
5.289984	4
2.64704	2
3.973632	3
3.976704	3
5.306368	4
3.9828479999999997	3
7.971839999999999	6
6.64832	5
7.990272	6
2.665472	2
4.0012799999999995	3
5.339136	4
5.347328	4
5.351424	4
10.711039999999999	8
4.019712	3
6.7046399999999995	5
4.025856	3
4.028928	3
4.032	3
2.690048	2
5.384192	4
4.0412159999999995	3
1.348096	1
4.047359999999999	3
6.750719999999999	5
4.053504	3
2.7043839999999997	2
4.059648	3
5.4169599999999996	4
4.065792	3
5.425152	4
10.858495999999999	8
6.7916799999999995	5
6.796799999999999	5
5.441536	4
6.80704	5
4.087295999999999	3
4.090368	3
4.09344	3
5.462015999999999	4
5.466112	4
9.572864	7
5.474304	4
4.1088	3
2.7412479999999997	2
6.8582399999999994	5
4.118016	3
2.747392	2
4.12416	3
8.260608	6
5.511168	4
4.136448	3
1.37984	1
8.285184	6
5.527552	4
4.151808	3
4.1548799999999995	3
6.92992	5
6.93504	5
8.328192	6
2.7781119999999997	2
2.78016	2
1.391104	1
5.568512	4
2.786304	2
4.182528	3
5.5808	4
4.1886719999999995	3
5.588992	4
2.7985919999999997	2
4.20096	3
5.605376	4
2.8047359999999997	2
2.806784	2
5.6176639999999995	4
11.24352	8
4.2224639999999996	3
1.408512	1
4.2286079999999995	3
5.64224	4
5.646336	4
2.8252159999999997	2
4.240896	3
9.902592	7
2.833408	2
5.6709119999999995	4
1.418752	1
4.259328	3
1.421824	1
2.847744	2
1.424896	1
5.703679999999999	4
4.280832	3
4.283904	3
1.428992	1
4.290048	3
5.7241599999999995	4
2.864128	2
4.299264	3
1.4341119999999998	1
2.870272	2
2.8723199999999998	2
4.311552	3
2.876416	2
2.8784639999999997	2
2.880512	2
5.76512	4
8.653824	6
2.886656	2
4.333056	3
2.890752	2
1.4464	1
1.447424	1
5.793792	4
2.8989439999999997	2
1.450496	1
2.90304	2
2.9050879999999997	2
1.453568	1
4.366848	3
7.2832	5
7.28832	5
1.459712	1
2.921472	2
2.92352	2
1.4627839999999999	1
5.855232	4
2.929664	2
5.86752	4
5.8716159999999995	4
1.468928	1
5.879808	4
2.9419519999999997	2
5.888	4
1.473024	1
2.950144	2
2.95424	2
2.956288	2
4.437504	3
2.9624319999999997	2
4.44672	3
5.933056	4
5.937151999999999	4
1.485312	1
4.459008	3
2.97472	2
1.488384	1
5.957631999999999	4
1.490432	1
1.491456	1
2.98496	2
4.480512	3
4.483584	3
7.47776	5
1.496576	1
4.4928	3
4.495871999999999	3
1.4996479999999999	1
1.501696	1
3.0054399999999997	2
4.511232	3
7.52384	5
4.517376	3
1.506816	1
1.5078399999999998	1
3.017728	2
1.509888	1
4.532736	3
1.511936	1
6.051839999999999	4
3.027968	2
6.060032	4
3.0320639999999996	2
3.034112	2
6.0723199999999995	4
1.520128	1
3.0423039999999997	2
6.096896	4
4.575743999999999	3
6.105087999999999	4
1.527296	1
3.05664	2
1.529344	1
6.121472	4
1.532416	1
3.06688	2
6.137855999999999	4
1.535488	1
3.0730239999999998	2
1.537536	1
3.07712	2
3.0791679999999997	2
1.540608	1
3.083264	2
3.08736	2
4.634112	3
4.6371839999999995	3
1.546752	1
4.6464	3
7.74912	5
3.101696	2
7.75936	5
4.658688	3
3.10784	2
1.5549439999999999	1
3.111936	2
4.674048	3
3.11808	2
1.560064	1
3.122176	2
3.124224	2
4.689407999999999	3
4.695552	3
4.698624	3
3.134464	2
4.704768	3
1.56928	1
3.140608	2
3.1426559999999997	2
3.1467519999999998	2
4.726272	3
1.577472	1
1.578496	1
4.73856	3
6.322176	4
4.744704	3
1.582592	1
3.167232	2
3.1692799999999997	2
1.585664	1
3.1733759999999998	2
1.588736	1
1.590784	1
4.775424	3
3.185664	2
3.187712	2
1.595904	1
9.581567999999999	6
6.391807999999999	4
7.994879999999999	5
3.1999999999999997	2
1.602048	1
1.6030719999999998	1
4.812288	3
4.81536	3
4.818432	3
3.214336	2
1.6081919999999998	1
4.8307199999999995	3
3.222528	2
1.612288	1
3.2266239999999997	2
3.228672	2
8.0768	5
4.852224	3
1.6184319999999999	1
1.619456	1
1.62048	1
1.6215039999999998	1
6.490112	4
1.6235519999999999	1
3.249152	2
3.2512	2
6.506495999999999	4
3.255296	2
3.257344	2
4.889088	3
4.8983039999999995	3
3.267584	2
3.2696319999999996	2
1.63584	1
4.910591999999999	3
4.913664	3
1.638912	1
1.6399359999999998	1
3.2839679999999998	2
4.932096	3
3.2901119999999997	2
1.64608	1
3.298304	2
4.950527999999999	3
8.256	5
3.304448	2
3.3064959999999997	2
8.27136	5
1.6552959999999999	1
1.657344	1
4.975104	3
4.9781759999999995	3
4.987392	3
1.6634879999999999	1
1.664512	1
3.331072	2
4.99968	3
5.002752	3
3.3372159999999997	2
5.0119679999999995	3
1.672704	1
1.6737279999999999	1
1.674752	1
3.355648	2
3.357696	2
1.679872	1
5.04576	3
1.683968	1
1.686016	1
1.6870399999999999	1
5.064191999999999	3
1.689088	1
3.382272	2
1.6921599999999999	1
1.693184	1
1.69728	1
3.3966079999999996	2
3.4007039999999997	2
3.402752	2
1.704448	1
3.4109439999999998	2
3.412992	2
1.70752	1
5.1256319999999995	3
3.421184	2
3.423232	2
1.7136639999999999	1
1.714688	1
1.715712	1
3.4334719999999996	2
1.71776	1
3.4375679999999997	2
5.162496	3
1.7218559999999998	1
1.724928	1
1.725952	1
1.7269759999999998	1
1.728	1
1.729024	1
1.730048	1
1.7320959999999999	1
1.73312	1
1.734144	1
3.4703359999999996	2
1.736192	1
1.7372159999999999	1
1.7402879999999998	1
1.741312	1
1.7423359999999999	1
5.233152	3
1.7454079999999998	1
1.746432	1
5.242368	3
1.749504	1
1.751552	1
1.7535999999999998	1
3.509248	2
1.7556479999999999	1
1.756672	1
1.759744	1
1.761792	1
1.762816	1
1.7638399999999999	1
3.529728	2
5.297664	3
5.303808	3
5.30688	3
1.771008	1
1.7720319999999998	1
1.773056	1
1.7740799999999999	1
5.325311999999999	3
1.776128	1
3.556352	2
1.780224	1
3.562496	2
1.7822719999999999	1
1.783296	1
3.56864	2
3.572736	2
3.5747839999999997	2
1.788416	1
1.78944	1
5.374464	3
1.7925119999999999	1
1.793536	1
7.17824	4
1.8007039999999999	1
3.605504	2
7.2192	4
5.417472	3
1.806848	1
7.231488	4
3.6177919999999997	2
1.80992	1
1.8109439999999999	1
3.623936	2
1.812992	1
3.6280319999999997	2
5.44512	3
3.6341759999999996	2
5.454336	3
1.8191359999999999	1
1.82016	1
1.821184	1
1.8222079999999998	1
1.823232	1
5.47584	3
1.826304	1
1.8273279999999998	1
3.656704	2
1.833472	1
7.337984	4
1.836544	1
1.8375679999999999	1
1.8426879999999999	1
3.6915199999999997	2
3.693568	2
1.847808	1
1.8488319999999998	1
1.849856	1
3.703808	2
1.857024	1
1.8590719999999998	1
3.7222399999999998	2
3.7283839999999997	2
3.73248	2
1.8672639999999998	1
1.868288	1
1.870336	1
3.74272	2
1.8723839999999998	1
1.8744319999999999	1
1.875456	1
1.87648	1
1.878528	1
1.879552	1
1.8816	1
5.650944	3
1.884672	1
1.8856959999999998	1
1.88672	1
1.888768	1
3.78368	2
1.8928639999999999	1
1.893888	1
3.789824	2
1.8959359999999998	1
1.897984	1
1.8990079999999998	1
1.900032	1
5.706239999999999	3
1.903104	1
1.9041279999999998	1
1.905152	1
1.9061759999999999	1
3.8144	2
1.908224	1
1.910272	1
3.8225919999999998	2
1.915392	1
1.9174399999999998	1
1.9194879999999999	1
1.920512	1
1.923584	1
1.925632	1
1.9276799999999998	1
7.714816	4
1.9297279999999999	1
3.8615039999999996	2
3.8655999999999997	2
3.867648	2
1.934848	1
1.9358719999999998	1
1.938944	1
1.9430399999999999	1
1.944064	1
1.94816	1
1.9491839999999998	1
1.950208	1
3.904512	2
1.95328	1
1.9543039999999998	1
1.955328	1
1.957376	1
1.9594239999999998	1
1.960448	1
3.9229439999999998	2
1.962496	1
1.96352	1
1.9645439999999998	1
1.965568	1
1.96864	1
1.9696639999999999	1
3.943424	2
1.97376	1
1.975808	1
1.976832	1
1.9778559999999998	1
1.97888	1
1.9799039999999999	1
1.9809279999999998	1
1.9829759999999998	1
1.987072	1
1.9880959999999999	1
1.990144	1
1.992192	1
1.995264	1
1.998336	1
1.9993599999999998	1
8.001536	4
2.003456	1
2.00448	1
4.013056	2
2.007552	1
4.017151999999999	2
2.0096	1
2.011648	1
2.0157439999999998	1
2.016768	1
2.017792	1
2.0188159999999997	1
4.03968	2
2.020864	1
2.021888	1
2.023936	1
4.04992	2
2.025984	1
2.027008	1
2.028032	1
4.066304	2
2.034176	1
2.038272	1
2.0392959999999998	1
2.0454399999999997	1
2.046464	1
2.049536	1
2.0526079999999998	1
4.109312	2
2.0556799999999997	1
4.1216	2
4.129792	2
4.133888	2
2.070016	1
2.072064	1
2.074112	1
2.084352	1
2.0894719999999998	1
2.0925439999999997	1
2.093568	1
4.189184	2
2.098176	1
2.100224	1
2.110464	1
2.1125119999999997	1
2.11456	1
2.116608	1
2.118656	1
2.120704	1
2.1248	1
2.126848	1
2.137088	1
6.429696	3
4.294656	2
2.151424	1
2.153472	1
6.503424	3
4.343808	2
2.178048	1
6.546431999999999	3
4.368384	2
2.1862399999999997	1
2.192384	1
2.194432	1
2.198528	1
2.200576	1
2.2026239999999997	1
4.41344	2
2.210816	1
2.2128639999999997	1
2.21696	1
2.221056	1
2.2231039999999997	1
2.2272	1
2.2394879999999997	1
2.241536	1
2.24768	1
11.279359999999999	5
2.262016	1
4.540416	2
2.272256	1
2.274304	1
2.2784	1
2.280448	1
4.569088	2
2.2865919999999997	1
2.28864	1
2.290688	1
4.585472	2
2.29888	1
2.300928	1
2.3029759999999997	1
2.3132159999999997	1
4.630528	2
6.951936	3
4.642816	2
2.3234559999999997	1
4.6592	2
2.337792	1
4.691968	2
2.348032	1
2.354176	1
2.356224	1
7.074815999999999	3
2.364416	1
2.368512	1
2.3767039999999997	1
4.757504	2
4.765696	2
4.769792	2
4.777984	2
2.395136	1
2.3971839999999998	1
2.407424	1
2.409472	1
2.419712	1
4.864	2
2.4340479999999998	1
2.44224	1
7.375871999999999	3
2.46272	1
2.479104	1
2.4832	1
2.495488	1
2.505728	1
2.522112	1
2.5343999999999998	1
2.538496	1
2.542592	1
2.558976	1
2.5671679999999997	1
5.138432	2
2.5774079999999997	1
2.6040319999999997	1
5.21216	2
2.61632	1
2.638848	1
5.29408	2
2.653184	1
2.665472	1
2.6675199999999997	1
2.683904	1
2.692096	1
2.696192	1
2.706432	1
2.712576	1
5.429247999999999	2
5.453824	2
2.72896	1
2.7412479999999997	1
2.743296	1
2.74944	1
5.5234559999999995	2
2.774016	1
2.8088319999999998	1
5.662719999999999	2
2.837504	1
5.679104	2
2.845696	1
2.849792	1
2.857984	1
2.860032	1
2.864128	1
2.8784639999999997	1
2.880512	1
2.8887039999999997	1
2.896896	1
2.900992	1
2.90304	1
2.921472	1
2.929664	1
3.003392	1
3.0095359999999998	1
3.050496	1
3.054592	1
3.064832	1
3.07712	1
3.0791679999999997	1
3.113984	1
3.167232	1
3.1795199999999997	1
3.191808	1
3.222528	1
3.224576	1
3.23072	1
3.2512	1
3.2839679999999998	1
3.288064	1
3.367936	1
3.419136	1
6.858752	2
3.441664	1
3.4703359999999996	1
3.5071999999999997	1
3.542016	1
3.560448	1
3.6382719999999997	1
3.666944	1
3.714048	1
3.7857279999999998	1
3.806208	1
3.863552	1
3.894272	1
3.9168	1
3.9352319999999996	1
4.113408	1
4.135936	1
4.154368	1
4.335616	1
4.339712	1
4.351999999999999	1
4.462592	1
4.560896	1
4.7001599999999994	1
4.786176	1
4.818944	1
4.82304	1
4.909056	1
5.08928	1
5.208063999999999	1
5.289984	1
5.306368	1
5.588992	1
5.62176	1
5.662719999999999	1
5.687296	1
5.703679999999999	1
5.793792	1
5.810175999999999	1
5.879808	1
6.023168	1
6.150144	1
6.305791999999999	1
6.363136	1
6.957056	1
7.092224	1
8.09984	1
8.271872	1
8.62208	1
8.859648	1
8.900608	1
8.982528	1
9.400319999999999	1
9.637888	1
15.192063999999998	1
15.224832	1
15.429632	1
26.4192	1
28.303359999999998	1
29.138944	1
29.630464	1
29.745151999999997	1
30.547967999999997	1
31.186943999999997	1
31.58016	1
49.430527999999995	1
51.888127999999995	1
53.755904	1
53.886976	1
55.492608	1
55.656448	1
56.410112	1
56.508416	1
56.573952	1
56.999936	1
57.065472	1
57.786367999999996	1
57.91744	1
57.950207999999996	1
58.703872	1
59.031552	1
59.129856	1
59.293696	1
59.391999999999996	1
59.71968	1
59.981823999999996	1
60.014592	1
60.178432	1
60.2112	1
60.506111999999995	1
60.637184	1
60.669951999999995	1
121.40544	2
60.735488	1
121.53651199999999	2
60.833791999999995	1
60.86656	1
60.899328	1
121.929728	2
121.99526399999999	2
183.0912	3
61.128704	1
183.48441599999998	3
61.227008	1
122.650624	2
122.71615999999999	2
61.423615999999996	1
61.521919999999994	1
123.240448	2
61.784063999999994	1
62.734336	1
63.16032	1
126.38617599999999	2
63.488	1
64.372736	1
64.569344	1
64.667648	1
65.25747199999999	1
65.486848	1
65.78175999999999	1
66.338816	1
66.568192	1
67.534848	1
69.042176	1
73.957376	1
76.644352	1
77.23417599999999	1
78.348288	1
78.544896	1
78.80704	1
79.79008	1
80.052224	1
80.183296	1
80.44543999999999	1
81.166336	1
81.42848	1
93.61817599999999	1
95.32211199999999	1
97.15711999999999	1
97.48479999999999	1
120.553472	1
120.68454399999999	1
121.33990399999999	1
121.53651199999999	1
0.368256	1
0.37184	1
0.39155199999999996	1
0.39283199999999996	1
0.393088	1
0.393856	1
0.394368	1
0.798464	2
0.39948799999999995	1
0.39999999999999997	1
0.400512	1
0.804608	2
0.403072	1
0.8158719999999999	2
0.41203199999999995	1
0.4128	1
0.826112	2
0.41408	1
0.414848	1
0.41587199999999996	1
0.417408	1
0.418944	1
0.42047999999999996	1
0.843008	2
0.42252799999999996	1
0.422784	1
0.424064	1
0.42585599999999996	1
0.426112	1
0.427392	1
0.42816	1
0.42969599999999997	1
0.429952	1
0.430208	1
0.8609279999999999	2
0.43097599999999997	1
0.864	2
0.432256	1
0.432512	1
0.432768	1
0.86656	2
0.435328	1
0.436096	1
0.8727039999999999	2
0.436864	1
1.312128	3
0.875776	2
0.438144	1
0.43839999999999996	1
0.438656	1
0.439424	1
0.43967999999999996	1
0.440448	1
0.881408	2
0.44095999999999996	1
0.882944	2
0.44172799999999995	1
0.444032	1
0.44428799999999996	1
0.4448	1
0.890112	2
0.445312	1
0.44556799999999996	1
0.893184	2
1.340544	3
0.89472	2
0.447872	1
0.448384	1
0.449408	1
0.44966399999999995	1
0.44992	1
0.45017599999999997	1
0.450432	1
0.450688	1
0.4512	1
0.45145599999999997	1
0.451712	1
0.45222399999999996	1
0.45248	1
1.3582079999999999	3
0.9070079999999999	2
0.90752	2
0.454016	1
0.454528	1
0.9095679999999999	2
0.45504	1
0.910592	2
0.45555199999999996	1
1.367424	3
0.45606399999999997	1
0.91264	2
0.456576	1
0.914688	2
0.916736	2
1.3766399999999999	3
0.459136	1
0.45939199999999997	1
0.459904	1
0.9203199999999999	2
0.460416	1
0.46067199999999997	1
0.460928	1
0.461184	1
1.38432	3
0.461696	1
0.923904	2
0.46220799999999995	1
0.46271999999999996	1
0.925952	2
0.46348799999999996	1
1.391232	3
0.464256	1
0.464512	1
0.46527999999999997	1
0.931072	2
0.931584	2
1.3981439999999998	3
0.932608	2
0.46656	1
1.8672639999999998	4
0.934144	2
0.46809599999999996	1
0.468352	1
0.46860799999999997	1
1.40736	3
0.46937599999999996	1
1.878528	4
0.469888	1
0.940288	2
0.9408	2
1.411968	3
0.941824	2
1.4135039999999999	3
0.9428479999999999	2
0.47168	1
1.415808	3
0.9454079999999999	2
0.94592	2
0.9464319999999999	2
0.946944	2
0.947456	2
0.94848	2
0.948992	2
0.475008	1
0.9505279999999999	2
0.951552	2
0.47603199999999996	1
1.4304	3
0.477056	1
0.9546239999999999	2
0.9556479999999999	2
0.95616	2
0.956672	2
2.39296	5
2.39424	5
1.437312	3
0.479616	1
1.9194879999999999	4
1.4403839999999999	3
0.480384	1
0.961792	2
0.9623039999999999	2
0.962816	2
0.48243199999999997	1
1.448832	3
2.416	5
0.966912	2
0.967424	2
0.48396799999999995	1
0.484224	1
0.48447999999999997	1
0.969472	2
0.969984	2
0.971008	2
0.48575999999999997	1
0.972032	2
0.972544	2
1.459584	3
0.973568	2
0.9745919999999999	2
0.9756159999999999	2
0.976128	2
0.48857599999999995	1
0.977664	2
0.9781759999999999	2
1.468032	3
0.48985599999999996	1
1.9614719999999999	4
0.490624	1
0.98176	2
0.9822719999999999	2
0.491392	1
0.983296	2
1.9676159999999998	4
1.96864	4
0.49241599999999996	1
1.478016	3
1.4787839999999999	3
1.479552	3
1.4803199999999999	3
0.9873919999999999	2
2.47232	5
0.98944	2
0.9899519999999999	2
1.485696	3
0.990976	2
0.9914879999999999	2
0.496	1
1.4887679999999999	3
1.9860479999999998	4
0.993536	2
1.9880959999999999	4
1.4918399999999998	3
1.492608	3
0.49779199999999996	1
0.996096	2
0.9966079999999999	2
1.49568	3
1.496448	3
1.9962879999999998	4
1.497984	3
1.998336	4
1.5002879999999998	3
1.000704	2
0.5006079999999999	1
1.50336	3
0.5013759999999999	1
1.504896	3
0.501888	1
1.0042879999999998	2
1.0048	2
1.005312	2
1.005824	2
1.006336	2
1.006848	2
1.00736	2
0.5039359999999999	1
2.52096	5
2.52224	5
0.5047039999999999	1
1.00992	2
0.505216	1
0.505472	1
1.5171839999999999	3
1.011968	2
2.5311999999999997	5
0.506496	1
1.5202559999999998	3
1.014016	2
2.53632	5
0.50752	1
2.031104	4
1.0160639999999999	2
2.033152	4
2.034176	4
2.0352	4
1.527936	3
1.529472	3
2.04032	4
1.531008	3
2.043392	4
1.533312	3
1.0227199999999999	2
1.023232	2
3.0712319999999997	6
1.536384	3
1.024768	2
0.51264	1
1.025792	2
1.539456	3
0.513408	1
0.513664	1
4.1113599999999995	8
1.542528	3
1.028864	2
2.0587519999999997	4
1.544832	3
2.0608	4
3.092736	6
0.515712	1
0.515968	1
2.58112	5
0.516736	1
2.067968	4
0.5172479999999999	1
1.552512	3
0.518016	1
3.109632	6
2.075136	4
0.51904	1
1.038592	2
0.519552	1
2.59904	5
1.040128	2
0.52032	1
0.5205759999999999	1
2.60416	5
2.084352	4
1.5640319999999999	3
1.5648	3
3.1311359999999997	6
2.61056	5
0.5223679999999999	1
1.567872	3
2.09152	4
1.0462719999999999	2
0.523392	1
1.0478079999999999	2
1.04832	2
2.6227199999999997	5
3.150336	6
1.5767039999999999	3
3.6825599999999996	7
2.6329599999999997	5
1.5813119999999998	3
1.055232	2
1.0562559999999999	2
2.11456	4
3.174912	6
2.118656	4
1.060352	2
3.714816	7
2.1248	4
1.5951359999999999	3
5.32224	10
2.66368	5
5.332479999999999	10
4.27008	8
3.205632	6
4.278271999999999	8
1.605888	3
3.214848	6
3.21792	6
3.757824	7
4.8360959999999995	9
3.764992	7
5.38368	10
2.6944	5
4.315136	8
4.3192319999999995	8
2.161664	4
3.7864959999999996	7
4.87296	9
3.7936639999999997	7
2.169856	4
4.886784	9
4.347904	8
5.4399999999999995	10
3.2670719999999998	6
4.360192	8
4.364288	8
1.6381439999999998	3
2.7327999999999997	5
4.376576	8
3.285504	6
2.74048	5
3.8402559999999997	7
3.29472	6
5.49632	10
3.8510079999999998	7
3.854592	7
3.3070079999999997	6
4.41344	8
0.552192	1
4.421632	8
3.872512	7
2.214912	4
1.10848	2
2.219008	4
6.1079039999999996	11
2.77888	5
2.225152	4
1.6703999999999999	3
4.458496	8
2.231296	4
5.58336	10
5.58848	10
3.35616	6
5.038848	9
3.362304	6
4.487168	8
4.491264	8
2.8095999999999997	5
2.2497279999999997	4
3.9406079999999997	7
3.3807359999999997	6
2.8198399999999997	5
1.6934399999999998	3
6.779903999999999	12
3.958528	7
5.094144	9
1.1330559999999998	2
5.6704	10
3.972864	7
1.704192	3
3.411456	6
3.414528	6
2.848	5
6.2712319999999995	11
4.564992	8
3.4268159999999996	6
4.5731839999999995	8
2.8608	5
5.1540479999999995	9
5.73184	10
2.294784	4
4.019456	7
2.8735999999999997	5
2.87616	5
2.87872	5
4.033792	7
5.7676799999999995	10
4.04096	7
2.88896	5
2.89152	5
1.736448	3
1.737984	3
1.15968	2
7.544575999999999	13
2.90432	5
2.9068799999999997	5
5.236992	9
5.824	10
3.4974719999999997	6
4.083968	7
7.007231999999999	12
6.428928	11
4.09472	7
2.9273599999999997	5
2.343936	4
3.518976	6
4.109056	7
2.3500799999999997	4
7.0563839999999995	12
2.94272	5
4.123392	7
1.179136	2
3.5404799999999996	6
4.134144	7
4.728832	8
4.141312	7
6.513408	11
4.14848	7
4.152064	7
4.155648	7
2.3767039999999997	4
6.541568	11
3.5711999999999997	6
1.7871359999999998	3
3.5773439999999996	6
5.370623999999999	9
5.375232	9
2.9888	5
4.187904	7
2.9939199999999997	5
5.99296	10
4.198656	7
3.0016	5
3.6049919999999998	6
3.6080639999999997	6
4.212992	7
3.6142079999999996	6
4.82304	8
3.620352	6
3.623424	6
5.439744	9
1.814784	3
4.23808	7
4.8476159999999995	8
4.245248	7
4.248832	7
6.074879999999999	10
0.608	1
4.8680959999999995	8
4.872192	8
3.657216	6
6.10048	10
2.44224	4
2.444288	4
4.281088	7
4.284672	7
2.4504319999999997	4
4.29184	7
4.295424	7
3.0707199999999997	5
5.531904	9
4.306176	7
4.92544	8
3.697152	6
3.700224	6
8.641024	14
7.412736	12
1.23648	2
3.09376	5
4.954111999999999	8
4.958208	8
5.582592	9
5.5872	9
4.970496	8
6.21824	10
6.22336	10
1.245696	2
3.74016	6
1.871616	3
3.746304	6
4.999168	8
3.12704	5
3.7555199999999997	6
2.505728	4
2.507776	4
3.7647359999999996	6
2.511872	4
1.88544	3
2.515968	4
4.406528	7
2.520064	4
3.783168	6
3.1552	5
4.420864	7
5.056512	8
2.5303039999999997	4
2.532352	4
4.4352	7
1.9023359999999998	3
3.807744	6
3.810816	6
3.1782399999999997	5
3.1808	5
3.18336	5
3.18592	5
6.3769599999999995	10
6.382079999999999	10
6.3872	10
4.4746239999999995	7
4.4782079999999995	7
2.5610239999999997	4
5.126144	8
0.64128	1
4.492544	7
3.2115199999999997	5
3.856896	6
4.503296	7
4.50688	7
1.9330559999999999	3
1.289728	2
5.163008	8
5.8129919999999995	9
3.8783999999999996	6
5.1752959999999995	8
5.826816	9
8.423168	13
5.187584	8
5.84064	9
4.546304	7
5.199872	8
1.300992	2
3.2550399999999997	5
3.2576	5
3.9121919999999997	6
7.1779839999999995	11
5.224448	8
3.2678399999999996	5
4.5785599999999995	7
5.236736	8
2.620416	4
7.867392	12
1.968384	3
3.2832	5
5.257216	8
3.9459839999999997	6
3.9490559999999997	6
6.58688	10
4.6144	7
5.937408	9
5.281791999999999	8
4.625152	7
5.951232	9
7.27936	11
3.3113599999999996	5
3.31392	5
3.31648	5
5.310464	8
3.3215999999999997	5
2.659328	4
3.32672	5
3.995136	6
3.998208	6
4.0012799999999995	6
5.339136	8
6.67904	10
3.3420799999999997	5
4.6824959999999995	7
4.68608	7
4.019712	6
2.011392	3
6.038784	9
3.35744	5
4.032	6
5.380096	8
1.346048	2
5.388288	8
2.696192	4
2.6982399999999997	4
4.725504	7
1.351168	2
4.056576	6
1.353216	2
2.7084799999999998	4
3.38816	5
3.39072	5
5.429247999999999	8
3.3958399999999997	5
4.07808	6
4.761343999999999	7
4.764927999999999	7
5.4497279999999995	8
3.4086399999999997	5
2.72896	4
6.82752	10
6.149375999999999	9
5.4702079999999995	8
3.42144	5
2.7392	4
3.42656	5
2.743296	4
5.490688	8
4.807936	7
4.81152	7
2.063616	3
3.4419199999999996	5
3.44448	5
7.583488	11
4.13952	6
2.7617279999999997	4
2.763776	4
4.840192	7
4.843776	7
0.69248	1
3.46496	5
2.0805119999999997	3
3.47008	5
2.7781119999999997	4
4.865279999999999	7
2.782208	4
3.48032	5
3.4828799999999998	5
6.970879999999999	10
5.5808	8
3.49056	5
2.095872	3
2.796544	4
2.098944	3
6.3014399999999995	9
2.102016	3
2.8047359999999997	4
2.105088	3
1.4044159999999999	2
3.5136	5
3.5161599999999997	5
2.1112319999999998	3
2.817024	4
2.1143039999999997	3
4.23168	6
3.5289599999999997	5
2.118912	3
2.120448	3
5.658624	8
3.5391999999999997	5
6.3751679999999995	9
4.962047999999999	7
2.837504	4
2.129664	3
9.945599999999999	14
2.843648	4
4.2685439999999994	6
7.831296	11
2.849792	4
2.13888	3
6.421247999999999	9
3.5699199999999998	5
4.286976	6
3.57504	5
3.5776	5
7.16032	10
2.866176	4
3.58528	5
0.717568	1
4.308479999999999	6
2.155776	3
5.033728	7
0.7196159999999999	1
3.60064	5
6.48576	9
2.163456	3
4.329984	6
1.4443519999999999	2
5.781504	8
2.8928	4
1.447424	2
5.7978879999999995	8
5.801984	8
3.6288	5
3.63136	5
3.63392	5
2.9091839999999998	4
2.911232	4
2.91328	4
5.101824	7
4.3760639999999995	6
5.108992	7
2.1911039999999997	3
3.6544	5
4.388351999999999	6
2.195712	3
5.859328	8
3.66464	5
6.60096	9
4.403712	6
2.937856	4
4.4098559999999996	6
3.67744	5
4.4159999999999995	6
5.155584	7
4.422143999999999	6
2.950144	4
2.214144	3
2.21568	3
2.956288	4
2.958336	4
2.960384	4
7.406079999999999	10
5.18784	7
4.4497919999999995	6
0.7421439999999999	1
2.970624	4
3.71584	5
5.94944	8
2.232576	3
4.468224	6
7.452159999999999	10
2.237184	3
2.98496	4
4.480512	6
6.725376	9
3.73888	5
5.238016	7
3.7439999999999998	5
7.493119999999999	10
2.9992959999999997	4
3.001344	4
6.757632	9
3.7567999999999997	5
1.503744	2
6.0190719999999995	8
3.011584	4
2.260224	3
6.785279999999999	9
1.508864	2
3.019776	4
3.021824	4
8.315648	11
6.051839999999999	8
5.298944	7
2.272512	3
1.5160319999999998	2
3.79264	5
5.31328	7
4.557312	6
4.560384	6
3.80288	5
2.283264	3
5.3312	7
4.572672	6
3.050496	4
5.341952	7
6.872832	9
5.34912	7
5.352704	7
3.060736	4
7.65696	10
1.532416	2
7.667199999999999	10
2.3016959999999997	3
5.374207999999999	7
3.0730239999999998	4
6.918912	9
6.15424	8
6.158335999999999	8
3.85152	5
4.624896	6
5.399296	7
4.63104	6
4.634112	6
3.8643199999999998	5
6.187008	8
8.512768	11
1.5488	2
6.974208	9
6.978815999999999	9
4.655616	6
5.435136	7
3.8848	5
6.997248	9
5.445888	7
7.006463999999999	9
2.337024	3
3.11808	4
3.9001599999999996	5
3.122176	4
8.591616	11
4.689407999999999	6
5.474559999999999	7
3.91296	5
4.698624	6
3.134464	4
3.9206399999999997	5
5.49248	7
3.140608	4
1.5713279999999998	2
8.647936	11
3.9334399999999996	5
7.872	10
6.301696	8
7.094016	9
7.887359999999999	10
3.94624	5
3.15904	4
9.483264	12
1.5815679999999999	2
7.121664	9
1.583616	2
3.1692799999999997	4
4.756991999999999	6
7.140096	9
8.732415999999999	11
2.383104	3
4.76928	6
5.571327999999999	7
5.574911999999999	7
6.375424	8
8.77184	11
7.97952	10
8.783104	11
2.396928	3
6.395904	8
3.1999999999999997	4
6.404096	8
8.01024	10
0.8015359999999999	1
8.02048	10
4.81536	6
6.424576	8
5.625088	7
1.6081919999999998	2
4.02304	5
4.8307199999999995	6
3.222528	4
5.643008	7
4.839936	6
3.228672	4
4.0384	5
5.657344	7
4.852224	6
5.664511999999999	7
4.04864	5
4.86144	6
7.296767999999999	9
6.490112	8
5.6824319999999995	7
4.873728	6
9.753599999999999	12
7.319808	9
4.882944	6
8.957696	11
8.14848	10
4.89216	6
4.895232	6
4.8983039999999995	6
3.267584	4
2.4522239999999997	3
5.72544	7
11.458048	14
4.913664	6
6.555648	8
4.0998399999999995	5
4.92288	6
3.2839679999999998	4
6.572032	8
6.576128	8
3.2901119999999997	4
4.1152	5
4.11776	5
5.768447999999999	7
5.772031999999999	7
4.950527999999999	6
6.6048	8
4.956672	6
4.13312	5
4.13568	5
4.13824	5
1.65632	2
6.629376	8
5.804288	7
2.4890879999999997	3
9.132287999999999	11
4.1536	5
3.324928	4
2.4952319999999997	3
9.154816	11
3.331072	4
5.83296	7
5.836544	7
5.840128	7
3.339264	4
6.682624	8
1.6716799999999998	2
5.0181119999999995	6
5.858048	7
7.536384	9
5.027328	6
10.0608	12
5.872383999999999	7
1.678848	2
8.39936	10
6.723584	8
2.52288	3
9.256192	11
7.577856	9
1.6849919999999998	2
5.901056	7
7.591679999999999	9
4.22016	5
7.600896	9
7.605504	9
3.382272	4
3.3843199999999998	4
9.312512	11
2.541312	3
10.171391999999999	12
1.696256	2
5.94048	7
6.793215999999999	8
5.097983999999999	6
5.951232	7
4.253439999999999	5
6.8096	8
5.961984	7
10.226688	12
5.969151999999999	7
8.53248	10
2.56128	3
2.5628159999999998	3
4.2739199999999995	5
4.276479999999999	5
4.27904	5
4.2816	5
6.854655999999999	8
6.858752	8
1.715712	2
5.150208	6
5.15328	6
5.156352	6
6.879232	8
2.581248	3
5.1655679999999995	6
8.6144	10
6.8956159999999995	8
3.449856	4
7.7667839999999995	9
8.634879999999999	10
6.912	8
7.780608	9
6.920192	8
6.924288	8
11.258624	13
9.53216	11
6.069503999999999	7
5.2055039999999995	6
3.472384	4
6.080255999999999	7
11.29856	13
3.478528	4
4.35072	5
8.70656	10
6.098176	7
6.10176	7
2.616576	3
5.236224	6
6.112512	7
6.989824	8
4.3712	5
6.123264	7
7.0021119999999994	8
6.130432	7
5.257728	6
4.3839999999999995	5
9.650432	11
14.923008	17
5.270016	6
10.546175999999999	12
9.67296	11
7.038976	8
4.40192	5
4.4044799999999995	5
7.932671999999999	9
6.173439999999999	7
11.471616	13
5.297664	6
12.368383999999999	14
6.1877759999999995	7
7.0758399999999995	8
6.194944	7
3.542016	4
7.974144	9
3.546112	4
6.20928	7
10.650623999999999	12
7.104512	8
10.662912	12
5.334528	6
5.3376	6
9.791231999999999	11
8.90624	10
5.346816	6
6.241536	7
6.24512	7
6.248704	7
8.93184	10
9.830656	11
11.624704	13
8.947199999999999	10
7.161855999999999	8
5.374464	6
2.688768	3
5.380608	6
9.87008	11
7.182335999999999	8
1.796608	2
3.595264	4
5.395968	6
4.4992	5
4.50176	5
9.909504	11
9.915136	11
4.50944	5
7.2192	8
6.320384	7
9.034239999999999	10
9.03936	10
9.04448	10
5.42976	6
4.52736	5
4.52992	5
3.625984	4
5.442048	6
9.075199999999999	10
10.896384	12
8.176896	9
5.454336	6
10.005248	11
6.370559999999999	7
1.821184	2
7.288831999999999	8
9.116159999999999	10
2.7363839999999997	3
8.213759999999999	9
3.652608	4
6.3956479999999996	7
4.57088	5
9.14688	10
6.4064	7
7.325696	8
10.078464	11
11.000831999999999	12
7.337984	8
7.342079999999999	8
7.346176	8
5.512703999999999	6
2.757888	3
10.117887999999999	11
3.6812799999999997	4
6.445824	7
9.21344	10
5.531136	6
5.534208	6
5.53728	6
7.387136	8
11.086848	12
3.6976639999999996	4
12.024064	13
14.807039999999999	16
11.111424	12
4.63232	5
6.4888319999999995	7
5.564928	6
6.4959999999999996	7
8.356608	9
2.7870719999999998	3
8.365824	9
8.370432	9
6.51392	7
11.172863999999999	12
4.65792	5
6.524672	7
5.595648	6
6.53184	7
7.469055999999999	8
4.67072	5
4.67328	5
4.67584	5
11.228159999999999	12
5.617152	6
5.620223999999999	6
8.434944	9
3.750912	4
4.691199999999999	5
5.632512	6
11.271168	12
6.578431999999999	7
7.522304	8
6.5855999999999995	7
10.354432	11
9.418239999999999	10
4.711679999999999	5
7.542783999999999	8
4.7168	5
3.7754879999999997	4
8.499456	9
9.44896	10
8.508671999999999	9
8.51328	9
7.5714559999999995	8
7.575552	8
4.73728	5
4.73984	5
8.53632	9
4.74496	5
11.394048	12
4.75008	5
4.7526399999999995	5
10.46144	11
8.563968	9
9.52064	10
4.76288	5
2.859264	3
5.7216	6
1.908224	2
8.591616	9
5.730816	6
6.6895359999999995	7
7.64928	8
5.740031999999999	6
4.78592	5
3.830784	4
4.79104	5
11.50464	12
3.836928	4
6.718208	7
7.682048	8
5.764608	6
3.8451199999999996	4
7.694336	8
9.62304	10
6.739712	7
7.706624	8
7.710719999999999	8
1.928704	2
3.8594559999999998	4
8.688384	9
7.727104	8
4.832	5
3.867648	4
7.739392	8
8.711424	9
5.810688	6
2.9068799999999997	3
5.816832	6
9.69984	10
6.7934719999999995	7
1.942016	2
3.8860799999999998	4
3.888128	4
3.890176	4
3.8922239999999997	4
9.73568	10
5.84448	6
6.822144	7
7.800832	8
7.804927999999999	8
3.904512	4
5.85984	6
9.771519999999999	10
7.821312	8
9.78176	10
4.89344	5
9.792	10
2.939136	3
8.822016	9
1.9614719999999999	2
2.9437439999999997	3
1.96352	2
9.82272	10
5.896704	6
6.883071999999999	7
12.789503999999999	13
4.9216	5
8.863488	9
1.970688	2
1.971712	2
2.959104	3
5.921279999999999	6
2.962176	3
5.927423999999999	6
3.953664	4
6.922496	7
4.9472	5
8.909568	9
8.914176	9
5.945856	6
9.91488	10
1.984	2
10.917632	11
4.96512	5
5.961215999999999	6
8.946432	9
4.972799999999999	5
3.980288	4
4.97792	5
5.976576	6
3.9864319999999998	4
7.97696	8
4.98816	5
7.985151999999999	8
4.9932799999999995	5
4.995839999999999	5
4.9984	5
7.001344	7
4.002816	4
2.0024319999999998	2
5.00864	5
5.0112	5
3.008256	3
10.032639999999999	10
5.018879999999999	5
10.04288	10
7.0336	7
5.02656	5
2.011648	2
4.025344	4
8.054784	8
5.0367999999999995	5
6.047232	6
4.033536	4
5.04448	5
2.0188159999999997	2
3.02976	3
10.10432	10
6.065664	6
4.045824	4
4.047872	4
3.0374399999999997	3
4.051968	4
4.054016	4
7.0981119999999995	7
6.087168	6
5.0752	5
7.108864	7
5.0803199999999995	5
8.132608	8
5.08544	5
3.0528	3
4.072448	4
5.09312	5
3.0574079999999997	3
1.0196479999999999	1
7.14112	7
5.1033599999999995	5
3.063552	3
6.130176	6
10.22208	10
5.1136	5
6.139392	6
5.11872	5
7.169791999999999	7
4.099072	4
5.126399999999999	5
4.103168	4
4.1052159999999995	4
6.160896	6
5.13664	5
3.08352	3
12.340224	12
2.057728	2
3.0881279999999998	3
6.179328	6
8.2432	8
4.123648	4
3.0942719999999997	3
6.191616	6
2.064896	2
7.23072	7
2.066944	2
1.033984	1
6.206976	6
6.210048	6
6.21312	6
4.144128	4
9.328896	9
3.1111679999999997	3
2.075136	2
3.1142399999999997	3
5.192959999999999	5
4.156416	4
3.118848	3
6.240768	6
5.2032	5
8.329215999999999	8
2.083328	2
4.168704	4
6.2561279999999995	6
3.1296	3
8.349696	8
4.176896	4
6.268415999999999	6
5.22624	5
4.18304	4
5.23136	5
5.2339199999999995	5
4.189184	4
3.143424	3
8.38656	8
8.392704	8
7.350784	7
7.357952	7
10.5216	10
11.585023999999999	11
9.487872	9
10.55232	10
14.787583999999999	14
11.63008	11
15.874559999999999	15
13.771263999999999	13
9.543168	9
2.1227519999999998	2
14.8736	14
8.507392	8
7.451136	7
13.851135999999999	13
7.465471999999999	7
4.27008	4
14.959615999999999	14
9.626112	9
13.917696	13
9.644544	9
11.79904	11
10.73664	10
8.597503999999999	8
9.681408	9
9.690624	9
6.466559999999999	6
10.78784	10
7.558656	7
8.646656	8
7.572991999999999	7
4.331519999999999	4
8.671232	8
15.188991999999999	14
10.85952	10
4.347904	4
4.351999999999999	4
5.44512	5
10.90048	10
4.364288	4
8.736768	8
9.83808	9
3.282432	3
4.380672	4
9.865727999999999	9
7.680511999999999	7
6.58944	6
9.893376	9
5.50144	5
4.405247999999999	4
4.409344	4
8.82688	8
1.104384	1
13.264896	12
7.745024	7
8.859648	8
4.43392	4
6.657024	6
7.773695999999999	7
10.003968	9
8.900608	8
5.568	5
4.458496	4
11.15648	10
10.050048	9
10.059263999999999	9
11.187199999999999	10
7.838208	7
6.724608	6
5.60896	5
5.6140799999999995	5
10.114559999999999	9
15.748095999999999	14
5.62944	5
7.888383999999999	7
9.023488	8
7.9027199999999995	7
6.779903999999999	6
10.179072	9
10.188288	9
5.66528	5
6.80448	6
4.540416	4
6.816768	6
10.234368	9
7.967231999999999	7
6.8351999999999995	6
10.262016	9
7.988735999999999	7
13.707263999999999	12
10.289664	9
3.43296	3
3.436032	3
3.439104	3
3.442176	3
4.5936639999999995	4
4.59776	4
3.451392	3
6.9089279999999995	6
8.067584	7
5.7676799999999995	5
2.30912	2
6.933504	6
5.78304	5
8.103424	7
3.475968	3
5.7984	5
5.80352	5
3.485184	3
4.651008	4
4.655104	4
8.153599999999999	7
4.663296	4
4.6673919999999995	4
12.846592	11
9.351168	8
7.01952	6
9.367552	8
10.547711999999999	9
3.518976	3
7.044096	6
4.7001599999999994	4
4.704256	4
3.5312639999999997	3
1.178112	1
8.253952	7
3.5404799999999996	3
8.268288	7
2.364416	2
11.83232	10
5.921279999999999	5
5.9264	5
3.558912	3
8.311296	7
3.565056	3
4.757504	4
4.7616	4
5.95712	5
8.347135999999999	7
3.580416	3
10.750464	9
7.17312	6
3.589632	3
4.790272	4
5.99296	5
11.99616	10
2.40128	2
6.008319999999999	5
7.216127999999999	6
8.425984	7
8.433152	7
10.85184	9
12.067839999999999	10
9.662464	8
6.04416	5
3.629568	3
12.108799999999999	10
7.271424	6
2.425856	2
6.06976	5
7.2898559999999994	6
6.08	5
2.4340479999999998	2
6.09024	5
2.438144	2
1.2200959999999998	1
6.1056	5
4.888576	4
8.562176	7
3.672576	3
8.576512	7
9.80992	8
1.227264	1
4.913152	4
6.14656	5
7.382015999999999	6
4.92544	4
9.859072	8
6.16704	5
7.412736	6
7.41888	6
2.475008	2
4.954111999999999	4
2.479104	2
4.962304	4
8.6912	7
8.698368	7
4.9745919999999995	4
3.734016	3
4.982784	4
8.727039999999999	7
6.23872	5
1.2487679999999999	1
6.248959999999999	5
10.006528	8
8.76288	7
2.505728	2
10.031104	8
8.784384	7
5.023744	4
3.77088	3
7.547904	6
5.036032	4
5.040128	4
3.783168	3
1.2620799999999999	1
7.578624	6
10.113024	8
2.5303039999999997	2
3.7985279999999997	3
8.8704	7
2.536448	2
5.076992	4
2.5405439999999997	2
3.813888	3
7.63392	6
3.820032	3
3.823104	3
3.826176	3
6.382079999999999	5
6.3872	5
2.556928	2
2.558976	2
6.402559999999999	5
2.563072	2
6.4128	5
7.701504	6
3.853824	3
7.713792	6
6.43328	5
10.30144	8
2.5774079999999997	2
3.8691839999999997	3
5.163008	4
3.8753279999999997	3
2.5856	2
9.056768	7
2.589696	2
7.775232	6
5.187584	4
1.29792	1
9.092608	7
3.899904	3
6.50496	5
9.114112	7
7.818239999999999	6
6.52032	5
3.9152639999999996	3
3.918336	3
7.842816	6
5.23264	4
6.54592	5
7.861248	6
1.311232	1
3.936768	3
5.25312	4
3.9429119999999998	3
3.9459839999999997	3
6.58176	5
7.904255999999999	6
9.2288	7
7.916544	6
2.6408959999999997	2
9.250304	7
5.289984	4
5.29408	4
1.324544	1
1.326592	1
2.655232	2
2.65728	2
3.9889919999999996	3
1.3306879999999999	1
3.995136	3
1.332736	1
1.3337599999999998	1
5.339136	4
4.007423999999999	3
4.010496	3
1.337856	1
4.01664	3
4.019712	3
4.022784	3
6.709759999999999	5
13.42976	10
2.6879999999999997	2
1.345024	1
1.346048	1
2.694144	2
2.696192	2
2.6982399999999997	2
8.100864	6
8.107008	6
1.3521919999999998	1
5.412864	4
1.3542399999999999	1
2.710528	2
4.068864	3
2.7146239999999997	2
5.433344	4
2.720768	2
4.084224	3
6.8121599999999995	5
5.453824	4
4.09344	3
1.3655039999999998	1
2.733056	2
6.837759999999999	5
5.474304	4
1.3696	1
4.111872	3
4.1149439999999995	3
6.86336	5
5.494784	4
5.49888	4
5.502975999999999	4
2.755584	2
2.757632	2
2.75968	2
6.904319999999999	5
2.763776	2
1.382912	1
4.151808	3
2.76992	2
5.5439359999999995	4
4.164096	3
1.3890559999999998	1
1.39008	1
2.782208	2
2.784256	2
1.393152	1
2.7883519999999997	2
2.7904	2
2.792448	2
6.98624	5
4.194815999999999	3
1.401344	1
1.4023679999999998	1
5.613568	4
5.6176639999999995	4
1.40544	1
2.812928	2
8.444927999999999	6
2.817024	2
1.409536	1
2.82112	2
1.411584	1
1.4126079999999999	1
2.827264	2
7.07328	5
8.49408	6
5.666816	4
2.8354559999999998	2
5.675008	4
2.839552	2
1.4207999999999998	1
1.421824	1
4.2685439999999994	3
2.847744	2
2.849792	2
2.8518399999999997	2
5.707776	4
1.427968	1
5.715968	4
2.8620799999999997	2
2.864128	2
4.299264	3
5.740544	4
5.7446399999999995	4
2.874368	2
4.314624	3
2.8784639999999997	2
1.440256	1
1.44128	1
1.442304	1
2.886656	2
4.333056	3
4.3361279999999995	3
4.3392	3
1.447424	1
4.345344	3
4.348415999999999	3
5.801984	4
5.810175999999999	4
2.907136	2
1.4545919999999999	1
5.822464	4
1.45664	1
5.830655999999999	4
1.458688	1
5.838848	4
2.921472	2
2.92352	2
2.927616	2
1.464832	1
1.4658559999999998	1
2.93376	2
1.4679039999999999	1
11.751424	8
4.412928	3
2.944	2
2.946048	2
4.422143999999999	3
1.475072	1
2.9521919999999997	2
1.47712	1
1.478144	1
2.958336	2
1.480192	1
1.4812159999999999	1
4.44672	3
1.483264	1
4.452864	3
5.941248	4
4.459008	3
7.4368	5
1.488384	1
2.980864	2
2.98496	2
1.493504	1
1.4945279999999999	1
2.991104	2
2.993152	2
1.4976	1
2.997248	2
1.4996479999999999	1
4.502016	3
1.501696	1
1.5027199999999998	1
1.503744	1
3.0095359999999998	2
1.506816	1
3.019776	2
4.532736	3
4.541952	3
3.030016	2
1.5160319999999998	1
3.034112	2
1.519104	1
6.080512	4
1.522176	1
3.0463999999999998	2
6.096896	4
1.525248	1
4.581888	3
3.05664	2
1.529344	1
4.591104	3
3.0627839999999997	2
3.064832	2
1.5344639999999998	1
6.141952	4
3.0730239999999998	2
3.075072	2
1.53856	1
3.081216	2
3.083264	2
4.634112	3
6.182912	4
3.093504	2
4.6464	3
3.0996479999999997	2
1.551872	1
3.1057919999999997	2
1.55392	1
7.774719999999999	5
1.556992	1
6.232063999999999	4
3.11808	2
1.560064	1
1.561088	1
1.562112	1
3.1262719999999997	2
4.69248	3
3.130368	2
1.5662079999999998	1
3.134464	2
3.13856	2
1.5713279999999998	1
3.144704	2
1.5744	1
3.150848	2
3.154944	2
3.165184	2
3.167232	2
3.171328	2
3.1733759999999998	2
3.1795199999999997	2
4.772352	3
1.593856	1
1.5948799999999999	1
1.595904	1
3.193856	2
3.1959039999999996	2
1.598976	1
3.202048	2
1.602048	1
9.618432	6
4.812288	3
1.606144	1
3.214336	2
3.218432	2
3.22048	2
1.612288	1
4.843008	3
4.852224	3
6.477824	4
4.86144	3
3.2430079999999997	2
3.245056	2
1.6235519999999999	1
1.624576	1
3.2512	2
3.2532479999999997	2
1.627648	1
4.889088	3
3.26144	2
4.895232	3
1.63584	1
1.6368639999999999	1
4.913664	3
3.277824	2
6.559743999999999	4
1.64096	1
3.286016	2
1.644032	1
3.29216	2
3.294208	2
3.2962559999999996	2
3.298304	2
1.6501759999999999	1
1.6512	1
3.304448	2
3.308544	2
4.965888	3
3.31264	2
1.657344	1
4.975104	3
1.659392	1
3.324928	2
1.6634879999999999	1
3.329024	2
6.662144	4
3.335168	2
3.339264	2
3.341312	2
3.345408	2
3.3474559999999998	2
3.349504	2
3.3535999999999997	2
3.355648	2
5.036544	3
1.679872	1
1.680896	1
1.6819199999999999	1
1.682944	1
1.688064	1
1.689088	1
1.693184	1
1.694208	1
1.6952319999999999	1
8.48128	5
1.6983039999999998	1
1.699328	1
5.101056	3
5.1072	3
1.7034239999999998	1
1.704448	1
1.706496	1
1.70752	1
1.710592	1
1.711616	1
1.71264	1
1.714688	1
5.15328	3
1.720832	1
1.7218559999999998	1
1.7239039999999999	1
1.724928	1
1.725952	1
3.460096	2
3.462144	2
1.734144	1
3.4744319999999997	2
3.47648	2
1.7402879999999998	1
1.741312	1
1.7423359999999999	1
5.23008	3
1.744384	1
1.749504	1
7.006208	4
3.5071999999999997	2
3.509248	2
1.7556479999999999	1
1.756672	1
1.7587199999999998	1
3.525632	2
1.7638399999999999	1
1.764864	1
1.7669119999999998	1
1.767936	1
3.5379199999999997	2
1.769984	1
1.771008	1
3.546112	2
3.5481599999999998	2
3.550208	2
1.776128	1
1.778176	1
1.7792	1
3.562496	2
3.5645439999999997	2
1.783296	1
1.7853439999999998	1
1.7873919999999999	1
1.788416	1
1.793536	1
3.5911679999999997	2
1.796608	1
1.797632	1
3.5973119999999996	2
1.802752	1
1.8037759999999998	1
1.8058239999999999	1
5.420544	3
1.812992	1
1.8140159999999999	1
7.264256	4
1.8191359999999999	1
5.46048	3
1.821184	1
1.8222079999999998	1
1.823232	1
1.8242559999999999	1
5.47584	3
3.652608	2
1.828352	1
1.831424	1
1.833472	1
1.834496	1
3.6710399999999996	2
1.838592	1
1.839616	1
1.8406399999999998	1
3.683328	2
1.8426879999999999	1
1.8457599999999998	1
5.5403519999999995	3
1.847808	1
1.8488319999999998	1
1.849856	1
1.8508799999999999	1
1.851904	1
1.852928	1
1.854976	1
1.857024	1
1.862144	1
3.736576	2
1.87136	1
3.7447679999999997	2
1.873408	1
3.7550079999999997	2
1.880576	1
5.6448	3
3.7652479999999997	2
1.883648	1
1.884672	1
1.88672	1
3.777536	2
1.889792	1
1.8908159999999998	1
3.78368	2
1.893888	1
3.789824	2
1.897984	1
1.8990079999999998	1
1.900032	1
1.9041279999999998	1
1.905152	1
1.908224	1
1.9092479999999998	1
1.9112959999999999	1
5.740031999999999	3
1.9143679999999998	1
3.830784	2
3.832832	2
1.9174399999999998	1
1.920512	1
1.921536	1
1.923584	1
1.925632	1
5.78304	3
3.857408	2
1.9297279999999999	1
1.9307519999999998	1
1.931776	1
3.8655999999999997	2
5.8014719999999995	3
3.8758399999999997	2
1.938944	1
7.759872	4
1.9409919999999998	1
1.9430399999999999	1
5.832192	3
1.945088	1
1.9461119999999998	1
3.90656	2
1.955328	1
1.9584	1
1.9645439999999998	1
1.965568	1
1.9676159999999998	1
3.943424	2
3.94752	2
1.9747839999999999	1
1.9778559999999998	1
1.97888	1
3.9618559999999996	2
1.981952	1
1.9860479999999998	1
1.987072	1
1.98912	1
5.976576	3
3.9864319999999998	2
1.9962879999999998	1
2.001408	1
6.025728	3
2.010624	1
4.025344	2
2.01472	1
4.033536	2
2.021888	1
2.022912	1
4.06016	2
2.031104	1
4.072448	2
2.037248	1
2.0392959999999998	1
2.04032	1
2.041344	1
2.051584	1
2.0556799999999997	1
2.059776	1
2.061824	1
2.066944	1
2.0689919999999997	1
2.074112	1
2.075136	1
2.077184	1
2.0792319999999997	1
2.0823039999999997	1
4.168704	2
2.09152	1
4.1850879999999995	2
2.098176	1
2.100224	1
2.10432	1
4.216832	2
2.110464	1
2.1125119999999997	1
2.11456	1
6.349824	3
2.120704	1
4.2455039999999995	2
4.2496	2
4.253696	2
2.128896	1
2.130944	1
2.13504	1
2.143232	1
4.29056	2
4.294656	2
2.151424	1
2.15552	1
2.1596159999999998	1
4.335616	2
2.173952	1
2.1759999999999997	1
2.178048	1
6.552575999999999	3
2.194432	1
2.1964799999999998	1
2.200576	1
2.2026239999999997	1
2.204672	1
2.210816	1
2.21696	1
2.2272	1
2.231296	1
4.470784	2
2.23744	1
2.2394879999999997	1
2.241536	1
2.2497279999999997	1
4.507648	2
4.511744	2
4.51584	2
2.2599679999999998	1
4.528128	2
4.552703999999999	2
2.2784	1
2.2865919999999997	1
2.294784	1
2.29888	1
4.605951999999999	2
2.321408	1
2.3234559999999997	1
2.327552	1
2.331648	1
2.3336959999999998	1
4.671488	2
2.337792	1
7.025664	3
4.691968	2
4.704256	2
4.708352	2
2.356224	1
4.7206399999999995	2
2.37056	1
4.749312	2
2.382848	1
2.388992	1
2.39104	1
2.3971839999999998	1
4.806655999999999	2
2.407424	1
4.839424	2
2.42176	1
4.855808	2
2.436096	1
4.88448	2
2.446336	1
2.45248	1
2.456576	1
2.464768	1
2.4770559999999997	1
2.499584	1
2.509824	1
2.5241599999999997	1
2.526208	1
2.5405439999999997	1
2.542592	1
5.105664	2
2.558976	1
2.56512	1
2.5671679999999997	1
2.5712639999999998	1
2.589696	1
2.591744	1
2.601984	1
7.830527999999999	3
2.6142719999999997	1
2.618368	1
2.620416	1
2.622464	1
2.62656	1
2.6347519999999998	1
2.6511359999999997	1
2.6675199999999997	1
2.669568	1
5.363712	2
2.685952	1
2.7392	1
2.755584	1
2.757632	1
2.774016	1
5.593088	2
2.80064	1
5.613568	2
2.827264	1
2.8354559999999998	1
2.839552	1
2.8415999999999997	1
5.687296	2
2.874368	1
2.900992	1
2.9091839999999998	1
2.9255679999999997	1
2.927616	1
2.9317119999999997	1
2.9419519999999997	1
2.948096	1
2.956288	1
2.9788159999999997	1
2.980864	1
2.991104	1
3.0156799999999997	1
3.058688	1
3.060736	1
6.150144	2
3.07712	1
3.0791679999999997	1
3.08736	1
3.183616	1
3.228672	1
3.249152	1
3.2798719999999997	1
3.32288	1
3.3331199999999996	1
3.349504	1
3.355648	1
6.977536	2
3.562496	1
3.5645439999999997	1
3.57888	1
7.1700479999999995	2
3.587072	1
3.58912	1
3.6485119999999998	1
3.6751359999999997	1
3.705856	1
3.7713919999999996	1
3.904512	1
3.94752	1
4.013056	1
4.023296	1
4.072448	1
4.140032	1
4.1850879999999995	1
4.2496	1
8.572928	2
4.3192319999999995	1
4.360192	1
4.384768	1
4.3929599999999995	1
4.429824	1
4.43392	1
4.483072	1
4.5199359999999995	1
4.605951999999999	1
4.614144	1
4.634624	1
4.63872	1
4.655104	1
4.737024	1
4.777984	1
4.806655999999999	1
4.818944	1
4.88448	1
4.9664	1
4.98688	1
5.08928	1
5.21216	1
5.339136	1
5.347328	1
5.429247999999999	1
5.51936	1
5.584896	1
5.609471999999999	1
5.6504319999999995	1
5.961728	1
12.111872	2
6.109184	1
6.6211839999999995	1
6.637568	1
6.686719999999999	1
6.965248	1
7.30112	1
7.3216	1
7.362559999999999	1
7.48544	1
7.518208	1
7.56736	1
7.60832	1
7.821312	1
7.862272	1
8.144896	1
8.441856	1
8.531967999999999	1
8.957951999999999	1
8.974336	1
18.39104	1
19.603455999999998	1
19.816447999999998	1
20.93056	1
22.093823999999998	1
25.76384	1
26.927104	1
27.369472	1
27.435008	1
29.253632	1
29.827071999999998	1
30.449664	1
30.744576	1
31.82592	1
42.909696	1
45.793279999999996	1
46.546943999999996	1
49.037312	1
50.118655999999994	1
51.199999999999996	1
54.280192	1
54.411263999999996	1
54.542336	1
54.771712	1
54.80448	1
54.935551999999994	1
55.001087999999996	1
55.853055999999995	1
56.541183999999994	1
56.770559999999996	1
56.999936	1
57.327616	1
57.786367999999996	1
115.76934399999999	2
58.015744	1
58.24512	1
58.736639999999994	1
118.259712	2
59.621376	1
59.654143999999995	1
59.686912	1
59.916287999999994	1
60.014592	1
60.243967999999995	1
60.309504	1
60.37504	1
60.440576	1
121.07776	2
60.637184	1
121.33990399999999	2
121.53651199999999	2
60.801024	1
182.59967999999998	3
121.798656	2
182.894592	3
121.99526399999999	2
122.19187199999999	2
122.257408	2
183.68102399999998	3
61.259775999999995	1
122.781696	2
122.84723199999999	2
122.978304	2
61.587455999999996	1
61.652992	1
61.718528	1
61.751295999999996	1
61.784063999999994	1
61.849599999999995	1
61.947903999999994	1
61.980672	1
62.111743999999995	1
62.144512	1
62.210048	1
63.65184	1
65.716224	1
65.88006399999999	1
65.912832	1
66.174976	1
66.994176	1
67.026944	1
68.32128	1
68.386816	1
68.911104	1
113.54111999999999	1
115.17952	1
115.90041599999999	1
115.965952	1
