0.358272	1
0.37312	1
0.38208	1
0.38464	1
0.385152	1
0.38617599999999996	1
0.386688	1
0.38848	1
0.388992	1
0.389248	1
0.390272	1
0.391296	1
0.39206399999999997	1
0.39232	1
0.3936	1
0.39411199999999996	1
0.789248	2
1.185408	3
0.7907839999999999	2
0.395648	1
0.7923199999999999	2
0.39667199999999997	1
0.397696	1
0.398208	1
0.796928	2
0.7989759999999999	2
0.400256	1
0.400512	1
0.401024	1
0.401536	1
0.402816	1
0.403072	1
0.40332799999999996	1
0.403584	1
1.6163839999999998	4
0.404352	1
0.809728	2
0.81024	2
0.811264	2
0.8117759999999999	2
0.406144	1
0.40665599999999996	1
0.814336	2
0.40768	1
0.8158719999999999	2
0.816384	2
0.816896	2
1.2261119999999999	3
1.22688	3
0.40921599999999997	1
0.818944	2
0.409728	1
0.40998399999999996	1
0.821504	2
1.644032	4
0.8225279999999999	2
0.82304	2
0.41254399999999997	1
0.8256	2
0.413056	1
0.41331199999999996	1
0.413568	1
1.241472	3
0.41408	1
0.414336	1
1.243776	3
0.414848	1
1.246848	3
1.2476159999999998	3
0.416384	1
0.41663999999999995	1
1.250688	3
0.41715199999999997	1
0.834816	2
1.2529919999999999	3
0.8358399999999999	2
0.41843199999999997	1
0.418688	1
0.418944	1
0.840448	2
1.26144	3
1.682944	4
1.2629759999999999	3
0.8424959999999999	2
0.8435199999999999	2
0.844544	2
1.267584	3
1.691136	4
0.423296	1
0.847104	2
0.42380799999999996	1
1.696256	4
1.273728	3
0.424832	1
0.4256	1
0.8517119999999999	2
0.426112	1
0.42636799999999997	1
0.853248	2
0.85376	2
0.42713599999999996	1
0.854784	2
0.427648	1
0.855808	2
2.1408	5
0.42841599999999996	1
1.286016	3
0.428928	1
1.7167359999999998	4
0.8593919999999999	2
0.429952	1
0.860416	2
0.8609279999999999	2
2.1536	5
0.43097599999999997	1
0.862464	2
2.5889279999999997	6
0.43174399999999996	1
1.728	4
2.16384	5
1.7320959999999999	4
0.43328	1
0.433536	1
0.8675839999999999	2
0.434048	1
0.8686079999999999	2
0.43456	1
1.739264	4
0.43507199999999996	1
1.7423359999999999	4
0.87168	2
0.436096	1
0.8727039999999999	2
0.436608	1
0.43711999999999995	1
1.751552	4
0.438144	1
2.1919999999999997	5
0.877312	2
0.8778239999999999	2
0.878336	2
0.878848	2
0.8793599999999999	2
0.879872	2
0.44019199999999997	1
1.3213439999999999	3
0.440704	1
1.3228799999999998	3
2.20608	5
0.882944	2
0.8834559999999999	2
1.325952	3
0.44223999999999997	1
1.771008	4
0.8860159999999999	2
0.443264	1
2.2176	5
1.3313279999999998	3
1.776128	4
1.332864	3
1.333632	3
0.8896	2
3.115392	7
1.781248	4
0.8911359999999999	2
3.120768	7
1.3382399999999999	3
2.6795519999999997	6
0.8936959999999999	2
0.894208	2
0.89472	2
0.8952319999999999	2
0.447872	1
0.8962559999999999	2
1.793536	4
1.34592	3
1.3466879999999999	3
1.796608	4
0.449408	1
1.7986559999999998	4
1.3497599999999998	3
1.8007039999999999	4
3.153024	7
0.450688	1
1.352832	3
0.4512	1
1.354368	3
1.355136	3
0.903936	2
0.45222399999999996	1
0.90496	2
1.8109439999999999	4
3.625984	8
1.8140159999999999	4
3.63008	8
2.724096	6
1.362816	3
0.909056	2
0.45478399999999997	1
2.2752	5
1.821184	4
1.3666559999999999	3
1.367424	3
3.6485119999999998	8
3.65056	8
2.7394559999999997	6
0.45683199999999996	1
1.828352	4
0.457344	1
2.288	5
2.2892799999999998	5
1.8324479999999999	4
0.916736	2
3.210368	7
0.9177599999999999	2
0.918272	2
2.29696	5
2.757888	6
2.29952	5
1.8406399999999998	4
1.841664	4
0.9213439999999999	2
1.844736	4
1.8457599999999998	4
2.30848	5
1.847808	4
0.46220799999999995	1
1.849856	4
2.3136	5
2.31488	5
0.463232	1
1.390464	3
1.391232	3
1.392	3
2.32128	5
0.464512	1
1.8590719999999998	4
1.3950719999999999	3
2.79168	6
3.724288	8
1.397376	3
1.3981439999999998	3
0.932608	2
0.46656	1
0.9336319999999999	2
0.934144	2
0.9346559999999999	2
1.870336	4
3.27488	7
1.8723839999999998	4
0.936704	2
0.9372159999999999	2
1.875456	4
1.87648	4
1.408128	3
0.469632	1
3.2892159999999997	7
3.761152	8
1.8816	4
1.411968	3
0.941824	2
1.4135039999999999	3
2.828544	6
2.3584	5
1.8877439999999999	4
1.4165759999999998	3
0.472448	1
2.36352	5
1.89184	4
1.8928639999999999	4
3.314304	7
1.894912	4
0.9479679999999999	2
2.84544	6
2.8469759999999997	6
1.424256	3
2.37504	5
1.425792	3
1.4265599999999998	3
3.330432	7
3.3322239999999996	7
1.905152	4
2.38272	5
2.384	5
1.431168	3
2.38656	5
0.955136	2
1.9112959999999999	4
1.43424	3
2.39168	5
1.435776	3
2.39424	5
2.39552	5
2.3968	5
2.3980799999999998	5
1.9194879999999999	4
3.360896	7
0.960768	2
3.36448	7
4.80896	10
1.4434559999999999	3
1.925632	4
1.926656	4
2.89152	6
3.857408	8
1.447296	3
0.9653759999999999	2
3.863552	8
0.48319999999999996	1
4.351103999999999	9
1.934848	4
1.4519039999999999	3
1.936896	4
2.4224	5
1.454208	3
1.4549759999999998	3
1.455744	3
2.913024	6
1.9430399999999999	4
0.972032	2
3.890176	8
1.9461119999999998	4
4.381056	9
3.89632	8
2.9237759999999997	6
0.487552	1
1.4634239999999998	3
1.952256	4
3.41824	7
2.4428799999999997	5
2.44544	5
1.957376	4
2.448	5
2.44928	5
1.4703359999999999	3
3.4325759999999996	7
2.4531199999999997	5
1.96352	4
2.9468159999999997	6
2.948352	6
2.949888	6
1.9676159999999998	4
2.95296	6
3.4469119999999998	7
2.4633599999999998	5
1.971712	4
1.479552	3
1.4803199999999999	3
0.9873919999999999	2
1.975808	4
1.976832	4
3.9557119999999997	8
1.48416	3
2.4748799999999997	5
2.971392	6
4.459391999999999	9
1.9829759999999998	4
0.992	2
2.9775359999999997	6
5.461632	11
3.477376	7
1.9880959999999999	4
4.4755199999999995	9
3.980288	8
3.4845439999999996	7
3.984384	8
1.494912	3
3.4899199999999997	7
2.49408	5
2.9944319999999998	6
2.4966399999999997	5
1.998336	4
4.4985599999999994	9
2.50048	5
2.50176	5
3.0036479999999997	6
4.006912	8
3.50784	7
3.008256	6
1.504896	3
4.015104	8
4.519296	9
2.0096	4
2.51328	5
4.526208	9
4.528512	9
3.523968	7
2.5183999999999997	5
2.5196799999999997	5
4.5377279999999995	9
4.035584	8
1.514112	3
4.03968	8
4.041728	8
2.021888	4
2.5286399999999998	5
2.023936	4
1.01248	2
2.53248	5
2.027008	4
3.042048	6
0.5072639999999999	1
1.52256	3
2.53888	5
2.5401599999999998	5
4.066304	8
0.508544	1
1.5264	3
1.018112	2
6.111744	12
2.038272	4
1.529472	3
4.08064	8
2.041344	4
1.0211839999999999	2
3.575936	7
3.066624	6
4.60224	9
4.092928	8
1.5356159999999999	3
3.5848959999999996	7
1.5371519999999999	3
2.05056	4
3.0773759999999997	6
4.618367999999999	9
3.5938559999999997	7
3.081984	6
5.1392	10
3.085056	6
2.57216	5
3.0881279999999998	6
5.149439999999999	10
4.1216	8
2.061824	4
3.0942719999999997	6
3.611776	7
4.6460159999999995	9
3.09888	6
2.5836799999999998	5
2.5849599999999997	5
3.620736	7
6.210048	12
4.65984	9
2.072064	4
4.146176	8
1.5555839999999999	3
3.112704	6
5.70944	11
4.154368	8
3.6368639999999997	7
2.59904	5
2.080256	4
2.08128	4
5.726336	11
6.770816	13
5.731968	11
2.6067199999999997	5
1.5648	3
3.1311359999999997	6
4.699008	9
2.0894719999999998	4
4.703615999999999	9
1.56864	3
4.7082239999999995	9
2.093568	4
5.760128	11
1.0478079999999999	2
1.5724799999999999	3
8.917247999999999	17
6.300672	12
7.88352	15
6.83904	13
8.952064	17
3.6897279999999997	7
7.386623999999999	14
3.6968959999999997	7
10.572799999999999	20
8.466432	16
8.474624	16
8.482816	16
9.552384	18
7.4368	14
6.3805439999999995	12
7.451136	14
9.056512	17
6.398975999999999	12
7.472639999999999	14
6.945536	13
6.417408	12
9.100031999999999	17
5.893888	11
9.11744	17
5.905151999999999	11
4.2987519999999995	8
9.143552	17
5.922047999999999	11
8.62208	16
7.551488	14
6.478847999999999	12
5.944576	11
9.195776	17
10.8288	20
5.961472	11
5.967104	11
9.230592	17
7.065344	13
8.16	15
11.434752	21
7.630336	14
7.091968	13
7.644672	14
7.10528	13
4.923648	9
4.380672	8
3.8366719999999996	7
7.680511999999999	14
3.8438399999999997	7
6.595584	12
7.151872	13
9.911807999999999	18
7.165184	13
6.06848	11
8.835072	16
6.079744	11
6.085376	11
8.859648	16
3.32544	6
7.2117759999999995	13
7.773695999999999	14
7.2250879999999995	13
5.56288	10
10.0224	18
4.458496	8
6.693887999999999	12
7.258368	13
8.941568	16
5.03424	9
8.39808	15
8.405759999999999	15
7.852544	14
7.859712	14
11.80032	21
7.311616	13
11.25888	20
5.071104	9
7.8955519999999995	14
5.0803199999999995	9
7.344895999999999	13
7.351552	13
7.358207999999999	13
6.231808	11
7.371519999999999	13
9.080832	16
10.225152	18
7.960064	14
4.552703999999999	8
3.9871999999999996	7
4.560896	8
9.700607999999999	17
4.569088	8
4.5731839999999995	8
3.43296	6
9.735424	17
6.3050239999999995	11
4.015872	7
4.5936639999999995	8
8.04608	14
10.929407999999999	19
5.75744	10
7.491327999999999	13
4.614144	8
5.19552	9
8.666879999999999	15
7.517951999999999	13
3.472896	6
5.213952	9
9.85728	17
4.062463999999999	7
5.2277759999999995	9
5.813759999999999	10
5.81888	10
7.571199999999999	13
5.82912	10
4.083968	7
4.671488	8
8.76672	15
5.26464	9
4.098304	7
4.687872	8
4.105472	7
4.109056	7
4.7001599999999994	8
6.468351999999999	11
6.473984	11
4.123392	7
4.126976	7
3.5404799999999996	6
8.85888	15
3.546624	6
3.549696	6
7.697664	13
6.5190399999999995	11
4.745216	8
6.530304	11
5.3475839999999994	9
5.94688	10
7.142399999999999	12
7.148543999999999	12
7.154687999999999	12
2.9836799999999997	5
6.569728	11
4.78208	8
5.384448	9
5.389056	9
5.393663999999999	9
5.99808	10
1.80096	3
5.407488	9
4.810752	8
5.416704	9
6.02368	10
3.0143999999999997	5
3.620352	6
4.227328	7
4.835328	8
4.839424	8
4.84352	8
4.241664	7
2.425856	4
6.06976	10
4.252416	7
3.04	5
4.259583999999999	7
4.872192	8
4.876288	8
3.05024	5
5.4950399999999995	9
3.05536	5
3.0579199999999997	5
6.120959999999999	10
5.513472	9
4.90496	8
3.0681599999999998	5
3.0707199999999997	5
3.07328	5
3.07584	5
7.38816	12
4.313344	7
4.316928	7
4.320512	7
2.4709119999999998	4
4.94592	8
2.475008	4
4.954111999999999	8
4.958208	8
1.8608639999999999	3
9.312	15
1.242624	2
4.352768	7
5.601024	9
7.474176	12
6.85696	11
5.614847999999999	9
3.12192	5
4.3742719999999995	7
3.752448	6
5.63328	9
4.385024	7
5.015552	8
6.27456	10
5.023744	8
2.5139199999999997	4
3.1449599999999998	5
3.777024	6
5.670144	9
4.413696	7
5.0483199999999995	8
5.052416	8
6.952704	11
5.693184	9
5.697792	9
2.5343999999999998	4
2.536448	4
5.711615999999999	9
2.5405439999999997	4
5.720832	9
1.90848	3
3.18336	5
2.548736	4
3.1884799999999998	5
3.8292479999999998	6
3.8323199999999997	6
3.8353919999999997	6
3.19872	5
6.402559999999999	10
5.766912	9
2.56512	4
5.134335999999999	8
6.423039999999999	10
5.1425279999999995	8
1.929984	3
7.08224	11
2.5774079999999997	4
3.22432	5
3.22688	5
2.583552	4
2.5856	4
8.409856	13
3.23712	5
4.535552	7
2.593792	4
4.54272	7
4.546304	7
1.949952	3
3.25248	5
3.2550399999999997	5
6.5152	10
5.216256	8
4.567807999999999	7
3.2652799999999997	5
1.960704	3
1.96224	3
1.963776	3
5.240832	8
3.933696	6
4.592896	7
1.96992	3
5.914368	9
4.603648	7
2.632704	4
4.610816	7
3.9551999999999996	6
6.597119999999999	10
5.942016	9
5.946624	9
3.30624	5
6.6175999999999995	10
3.3113599999999996	5
4.639488	7
5.306368	8
2.655232	4
2.65728	4
5.9834879999999995	9
3.9920639999999996	6
6.65856	10
1.999104	3
2.0006399999999998	3
6.006527999999999	9
2.6716159999999998	4
3.3420799999999997	5
5.351424	8
4.68608	7
7.369472	11
4.022784	6
4.696832	7
1.342976	2
3.36	5
2.0175359999999998	3
6.730239999999999	10
2.0206079999999997	3
5.392384	8
7.42016	11
6.075648	9
2.702336	4
3.38048	5
2.029824	3
3.3855999999999997	5
3.38816	5
2.712576	4
3.39328	5
5.43744	8
4.761343999999999	7
5.445632	8
8.174591999999999	12
4.090368	6
8.18688	12
2.7310079999999997	4
4.7828479999999995	7
4.102656	6
6.84288	10
7.5328	11
6.167808	9
4.800768	7
6.86336	10
3.43424	5
6.18624	9
4.815104	7
6.195456	9
6.88896	10
3.44704	5
4.82944	7
4.142592	6
8.291328	12
2.0743679999999998	3
5.535743999999999	8
4.1548799999999995	6
4.157952	6
4.854528	7
4.858112	7
2.7781119999999997	4
7.64544	11
4.868863999999999	7
4.8724479999999994	7
6.9657599999999995	10
2.091264	3
4.8831999999999995	7
6.283008	9
6.287616	9
6.292224	9
5.5971839999999995	8
3.5008	5
1.401344	2
6.310656	9
4.911872	7
5.6176639999999995	8
4.91904	7
7.0323199999999995	10
4.926208	7
4.225536	6
2.819072	4
6.347519999999999	9
3.5289599999999997	5
2.118912	3
5.654528	8
7.07328	10
5.662719999999999	8
5.666816	8
7.797504	11
6.384384	9
2.839552	4
2.8415999999999997	4
6.3982079999999995	9
6.402816	9
7.1193599999999995	10
7.124479999999999	10
2.8518399999999997	4
4.280832	6
5.711872	8
5.715968	8
0.715008	1
9.30176	13
4.296192	6
5.015808	7
5.736447999999999	8
3.58784	5
5.02656	7
4.311552	6
4.314624	6
2.8784639999999997	4
5.040896	7
2.88256	4
6.490368	9
4.329984	6
1.4443519999999999	2
2.890752	4
5.062399999999999	7
5.065983999999999	7
2.172672	3
6.5226239999999995	9
2.900992	4
4.35456	6
5.810175999999999	8
7.26784	10
5.091072	7
1.455616	2
5.82656	8
5.830655999999999	8
5.105408	7
6.568703999999999	9
4.382207999999999	6
5.11616	7
5.119744	7
4.391424	6
4.394496	6
6.5963519999999995	9
3.6672	5
7.339519999999999	10
7.34464	10
7.34976	10
2.9419519999999997	4
4.4159999999999995	6
2.209536	3
2.948096	4
4.425216	6
6.6424319999999994	9
0.73856	1
8.129792	11
9.614592	13
7.4009599999999995	10
8.146688	11
4.44672	6
5.933056	8
5.195008	7
1.485312	2
7.43168	10
8.924159999999999	12
5.953536	8
2.234112	3
5.216512	7
2.982912	4
6.7161599999999995	9
4.480512	6
2.241792	3
1.495552	2
8.979455999999999	12
6.739199999999999	9
3.7465599999999997	5
5.248768	7
7.50336	10
4.505088	6
8.26496	11
6.014976	8
3.0095359999999998	4
3.011584	4
4.520448	6
1.5078399999999998	2
7.54432	10
6.039552	8
3.021824	4
3.023872	4
5.29536	7
5.298944	7
4.545024	6
0.7580159999999999	1
6.068224	8
6.83136	9
4.557312	6
3.8003199999999997	5
6.084607999999999	8
4.566528	6
4.569599999999999	6
0.762112	1
6.8636159999999995	9
3.0525439999999997	4
3.81824	5
4.58496	6
4.588032	6
8.417024	11
3.82848	5
9.194496	12
5.367039999999999	7
6.137855999999999	8
5.374207999999999	7
4.609535999999999	6
10.762751999999999	14
5.3849599999999995	7
3.0791679999999997	4
3.85152	5
5.395712	7
3.085312	4
4.63104	6
3.0894079999999997	4
3.091456	4
12.374016	16
5.417216	7
3.0976	4
4.649471999999999	6
4.652544	6
10.087168	13
4.658688	6
5.43872	7
6.2197759999999995	8
8.557824	11
3.89248	5
3.1160319999999997	4
6.23616	8
7.800319999999999	10
7.80544	10
3.90528	5
7.8156799999999995	10
7.03872	9
5.4781439999999995	7
7.047936	9
3.134464	4
4.704768	6
10.20032	13
2.3554559999999998	3
7.85664	10
9.434111999999999	12
7.080191999999999	9
7.0847999999999995	9
4.726272	6
7.8822399999999995	10
6.309888	8
7.103231999999999	9
4.73856	6
6.322176	8
3.9539199999999997	5
7.91296	10
3.95904	5
10.30016	13
3.9641599999999997	5
4.760064	6
6.350848	8
3.97184	5
8.74368	11
3.181568	4
6.367232	8
9.556992	12
6.375424	8
7.974399999999999	10
5.5856639999999995	7
5.5892479999999995	7
6.391807999999999	8
5.596416	7
5.6	7
7.2046079999999995	9
12.01536	15
9.618432	12
7.218432	9
10.43328	13
8.03072	10
4.821504	6
6.432767999999999	8
8.04608	10
7.24608	9
7.250687999999999	9
6.449152	8
6.453247999999999	8
5.650176	7
7.26912	9
7.273727999999999	9
8.895743999999999	11
6.4737279999999995	8
8.09728	10
5.671679999999999	7
7.296767999999999	9
5.6788479999999995	7
5.6824319999999995	7
5.6860159999999995	7
13.0048	16
6.506495999999999	8
6.510592	8
8.957696	11
11.407872	14
8.96896	11
5.711104	7
9.796607999999999	12
4.901376	6
9.808895999999999	12
8.997119999999999	11
4.09216	5
9.008384	11
4.916736	6
4.919808	6
6.56384	8
9.851904	12
4.929024	6
4.932096	6
10.692864	13
7.40736	9
11.529727999999999	14
6.592511999999999	8
4.947456	6
10.726144	13
9.0816	11
13.217792	16
8.26624	10
9.098495999999999	11
4.965888	6
6.62528	8
9.944064	12
5.804288	7
7.467263999999999	9
9.132287999999999	11
12.460799999999999	15
8.31232	10
9.149184	11
9.154816	11
7.494911999999999	9
4.166399999999999	5
5.002752	6
3.3372159999999997	4
8.34816	10
5.847296	7
12.5376	15
6.690816	8
5.021184	6
10.048511999999999	12
7.540991999999999	9
6.707199999999999	8
5.033472	6
7.554816	9
6.719488	8
9.244928	11
6.727679999999999	8
9.256192	11
6.735872	8
9.267456	11
9.273088	11
9.27872	11
12.66048	15
10.134528	12
10.140672	12
8.45568	10
7.614719999999999	9
5.926144	7
7.623936	9
5.0856959999999996	6
5.936896	7
4.2432	5
3.3966079999999996	4
5.097983999999999	6
9.351936	11
4.253439999999999	5
8.512	10
7.665407999999999	9
8.52224	10
7.674624	9
8.53248	10
7.68384	9
7.688447999999999	9
4.2739199999999995	5
5.1317759999999994	6
12.837119999999999	15
6.85056	8
12.85248	15
9.430784	11
6.862848	8
9.442048	11
10.30656	12
6.015744	7
4.29952	5
9.464576	11
10.331135999999999	12
13.78304	16
8.61952	10
6.037248	7
11.218688	13
6.044416	7
12.096	14
7.780608	9
8.65024	10
8.65536	10
8.66048	10
9.53216	11
6.936576	8
3.4703359999999996	4
9.549056	11
10.423295999999999	12
17.3824	20
9.565952	11
8.70144	10
10.447872	12
10.454016	12
7.84512	9
7.849728	9
6.108928	7
7.858943999999999	9
5.242368	6
10.490879999999999	12
8.74752	10
11.378432	13
7.006208	8
7.010304	8
10.5216	12
12.282368	14
3.5112959999999998	4
10.540032	12
7.909631999999999	9
12.31104	14
6.159104	7
3.5215359999999998	4
7.047168	8
7.932671999999999	9
10.583039999999999	12
8.82432	10
10.595328	12
10.601472	12
6.1877759999999995	7
6.1913599999999995	7
6.194944	7
9.740544	11
10.632192	12
9.751807999999999	11
7.0963199999999995	8
14.200832	16
12.432896	14
8.88576	10
6.223616	7
4.4479999999999995	5
7.120896	8
7.124992	8
7.129087999999999	8
7.133184	8
6.24512	7
5.356032	6
6.252288	7
15.192832	17
8.047872	9
6.263039999999999	7
7.161855999999999	8
6.270207999999999	7
4.48128	5
8.070912	9
5.38368	6
7.182335999999999	8
6.2881279999999995	7
7.190528	8
6.295296	7
8.9984	10
3.6014079999999997	4
7.206912	8
8.112384	9
7.215103999999999	8
2.7072	3
5.417472	6
13.551359999999999	15
3.615744	4
8.140032	9
13.574399999999999	15
8.149248	9
5.435904	6
9.06496	10
8.163072	9
5.44512	6
5.448192	6
6.359808	7
9.09056	10
4.54784	5
6.370559999999999	7
7.284736	8
9.11104	10
8.204544	9
5.472767999999999	6
5.47584	6
8.218368	9
7.309311999999999	8
9.14176	10
5.488128	6
4.576	5
3.662848	4
8.246016	9
7.333888	8
5.503488	6
8.259839999999999	9
4.59136	5
8.269055999999999	9
9.19296	10
2.7594239999999997	3
6.44224	7
8.287488	9
4.60672	5
10.140416	11
8.301312	9
5.53728	6
1.846784	2
7.391232	8
8.319744	9
6.474495999999999	7
6.478079999999999	7
1.851904	2
2.779392	3
5.561856	6
2.782464	3
1.8559999999999999	2
6.499584	7
6.503168	7
7.436287999999999	8
5.5802879999999995	6
10.23616	11
2.7932159999999997	3
6.521088	7
12.117248	13
3.730432	4
7.46496	8
3.7345279999999996	4
7.473152	8
6.542592	7
4.67584	5
7.48544	8
5.617152	6
2.8101119999999997	3
7.4977279999999995	8
4.6886399999999995	5
4.691199999999999	5
4.69376	5
5.635584	6
3.759104	4
4.70144	5
5.6448	6
4.70656	5
2.825472	3
3.769344	4
2.828544	3
4.7168	5
5.663232	6
5.666303999999999	6
1.889792	2
4.72704	5
8.51328	9
5.678592	6
5.681664	6
3.789824	4
5.6878079999999995	6
3.79392	4
4.74496	5
7.596031999999999	8
4.75008	5
1.9010559999999999	2
4.755199999999999	5
5.709312	6
1.9041279999999998	2
0.952576	1
6.671615999999999	7
6.675199999999999	7
5.724672	6
0.9546239999999999	1
4.7756799999999995	5
7.6451839999999995	8
3.82464	4
4.78336	5
1.9143679999999998	2
0.957696	1
3.832832	4
2.87616	3
2.877696	3
3.8389759999999997	4
2.8807679999999998	3
4.80384	5
1.9225599999999998	2
5.770752	6
4.81152	5
4.81408	5
1.926656	2
5.78304	6
6.750464	7
2.894592	3
0.9653759999999999	1
3.863552	4
3.8655999999999997	4
4.83456	5
2.902272	3
4.8396799999999995	5
4.842239999999999	5
2.9068799999999997	3
1.938944	2
0.969984	1
3.8819839999999997	4
6.7970559999999995	7
4.8576	5
2.916096	3
1.945088	2
0.9730559999999999	1
3.894272	4
4.8704	5
2.9237759999999997	3
1.950208	2
1.9512319999999999	2
2.928384	3
3.90656	4
4.885759999999999	5
1.955328	2
3.9127039999999997	4
1.957376	2
1.9584	2
4.89856	5
2.9406719999999997	3
3.9229439999999998	4
5.887487999999999	6
4.908799999999999	5
4.91136	5
2.948352	3
3.933184	4
0.9838079999999999	1
5.90592	6
0.9848319999999999	1
3.941376	4
6.900992	7
0.9863679999999999	1
1.97376	2
0.9873919999999999	1
3.951616	4
2.965248	3
1.9778559999999998	2
4.9472	5
1.9799039999999999	2
1.9809279999999998	2
2.972928	3
3.9659519999999997	4
3.968	4
4.96256	5
2.979072	3
5.961215999999999	6
3.9761919999999997	4
3.97824	4
3.980288	4
3.9823359999999997	4
4.98048	5
3.9864319999999998	4
1.99424	2
1.995264	2
4.99072	5
6.9905919999999995	7
1.998336	2
1.9993599999999998	2
2.000384	2
1.000704	1
4.0048639999999995	4
2.003456	2
3.00672	3
3.008256	3
2.006528	2
4.015104	4
3.012864	3
3.0143999999999997	3
7.037184	7
4.023296	4
5.03168	5
5.03424	5
2.01472	2
1.0078719999999999	1
3.025152	3
3.026688	3
3.028224	3
4.03968	4
1.010432	1
3.032832	3
6.071808	6
3.0374399999999997	3
1.012992	1
3.0405119999999997	3
4.056064	4
4.0581119999999995	4
2.03008	2
3.046656	3
4.064255999999999	4
5.082879999999999	5
2.034176	2
3.0528	3
3.0543359999999997	3
2.037248	2
1.019136	1
3.058944	3
2.04032	2
3.062016	3
1.0211839999999999	1
1.021696	1
1.022208	1
3.0681599999999998	3
4.092928	4
2.047488	2
1.024256	1
4.10112	4
2.051584	2
2.0526079999999998	2
4.107264	4
2.054656	2
1.0278399999999999	1
2.057728	2
1.0293759999999998	1
1.029888	1
4.1216	4
3.092736	3
3.0942719999999997	3
1.031936	1
2.064896	2
2.0659199999999998	2
3.100416	3
4.137983999999999	4
1.035008	1
1.03552	1
3.1080959999999997	3
1.036544	1
5.18784	5
2.07616	2
1.038592	1
2.0792319999999997	2
2.080256	2
4.16256	4
4.166656	4
2.084352	2
1.042688	1
4.1728	4
2.088448	2
2.0894719999999998	2
2.090496	2
2.09152	2
1.0462719999999999	1
2.093568	2
2.094592	2
2.0956159999999997	2
2.09664	2
1.049088	1
3.150336	3
3.1534079999999998	3
5.2608	5
3.1595519999999997	3
3.1626239999999997	3
4.220928	4
1.0562559999999999	1
2.11456	2
4.233216	4
4.237312	4
5.30176	5
2.1227519999999998	2
1.0624	1
4.253696	4
3.1933439999999997	3
7.458304	7
2.1329919999999998	2
6.40512	6
4.274176	4
1.0695679999999999	1
3.211776	3
3.214848	3
7.50848	7
3.220992	3
2.1493759999999997	2
2.151424	2
3.2302079999999997	3
5.3888	5
3.2363519999999997	3
2.161664	2
4.327424	4
2.1657599999999997	2
7.587327999999999	7
3.257856	3
1.086976	1
3.264	3
4.356096	4
3.2701439999999997	3
7.637504	7
1.092096	1
3.27936	3
1.094144	1
2.190336	2
4.384768	4
2.194432	2
2.198528	2
1.100288	1
2.2026239999999997	2
3.3100799999999997	3
2.210816	2
3.319296	3
2.21696	2
1.109504	1
2.221056	2
4.4462079999999995	4
5.568	5
3.3438719999999997	3
2.2333439999999998	2
4.470784	4
1.11872	1
2.2394879999999997	2
1.120768	1
1.122816	1
1.12384	1
2.2497279999999997	2
1.125888	1
4.507648	4
1.127936	1
2.25792	2
4.524032	4
1.132032	1
3.399168	3
1.13408	1
1.135104	1
3.411456	3
2.280448	2
2.282496	2
1.1432959999999999	1
3.43296	3
1.145344	1
1.146368	1
3.442176	3
2.2968319999999998	2
1.14944	1
4.601856	4
1.1514879999999998	1
2.305024	2
1.153536	1
2.30912	2
4.622336	4
2.3132159999999997	2
3.472896	3
4.634624	4
1.160704	1
3.485184	3
2.325504	2
2.327552	2
1.1648	1
3.4974719999999997	3
4.6673919999999995	4
1.167872	1
1.168896	1
1.1699199999999998	1
1.170944	1
1.171968	1
2.348032	2
1.1750399999999999	1
3.5281919999999998	3
3.5312639999999997	3
5.89056	5
2.358272	2
1.1801599999999999	1
1.181184	1
1.182208	1
3.549696	3
2.368512	2
1.18528	1
1.186304	1
2.374656	2
3.565056	3
2.378752	2
1.191424	1
1.1934719999999999	1
1.194496	1
2.39104	2
1.196544	1
1.197568	1
1.199616	1
1.20064	1
1.2016639999999998	1
2.407424	2
1.2067839999999999	1
2.417664	2
3.629568	3
3.63264	3
1.2119039999999999	1
1.212928	1
3.6418559999999998	3
2.432	2
1.2170239999999999	1
2.436096	2
3.666432	3
1.223168	1
1.224192	1
2.454528	2
2.456576	2
1.232384	1
2.468864	2
1.2354559999999999	1
2.47296	2
1.239552	1
1.240576	1
1.2416	1
2.489344	2
2.49344	2
2.499584	2
1.253888	1
1.255936	1
3.77088	3
1.257984	1
2.520064	2
1.261056	1
2.5241599999999997	2
1.263104	1
1.2702719999999998	1
3.81696	3
1.273344	1
2.5507839999999997	2
2.552832	2
1.279488	1
1.2805119999999999	1
1.2835839999999998	1
1.2928	1
1.295872	1
1.29792	1
1.2989439999999999	1
2.599936	2
1.300992	1
1.3020159999999998	1
2.61632	2
1.309184	1
2.620416	2
1.314304	1
1.316352	1
1.3204479999999998	1
1.32352	1
1.3255679999999999	1
1.329664	1
2.6613759999999997	2
3.995136	3
1.3337599999999998	1
1.334784	1
2.675712	2
1.3439999999999999	1
2.700288	2
2.7043839999999997	2
2.7084799999999998	2
2.710528	2
1.356288	1
1.360384	1
4.090368	3
1.3655039999999998	1
1.3675519999999999	1
1.368576	1
1.3696	1
1.3706239999999998	1
1.371648	1
1.372672	1
2.7514879999999997	2
1.37984	1
1.3839359999999998	1
4.1548799999999995	3
1.3859839999999999	1
2.774016	2
1.388032	1
1.40032	1
1.403392	1
1.411584	1
1.419776	1
1.4207999999999998	1
1.421824	1
1.423872	1
2.849792	2
1.426944	1
1.427968	1
1.428992	1
2.864128	2
1.435136	1
1.447424	1
1.4494719999999999	1
1.4545919999999999	1
2.91328	2
1.464832	1
1.468928	1
1.49248	1
1.495552	1
1.4996479999999999	1
1.5027199999999998	1
1.503744	1
1.506816	1
1.5078399999999998	1
1.509888	1
1.511936	1
1.513984	1
1.515008	1
1.522176	1
3.081216	2
1.54368	1
1.556992	1
1.560064	1
3.1426559999999997	2
1.578496	1
1.6163839999999998	1
3.2839679999999998	2
1.644032	1
1.6450559999999999	1
1.647104	1
1.649152	1
3.314688	2
1.66144	1
1.674752	1
1.69728	1
1.699328	1
1.739264	1
1.7720319999999998	1
1.802752	1
1.8037759999999998	1
1.80992	1
1.8611199999999999	1
1.9327999999999999	1
1.9645439999999998	1
2.0055039999999997	1
2.051584	1
2.0823039999999997	1
2.1329919999999998	1
2.157568	1
2.188288	1
2.2865919999999997	1
2.30912	1
2.358272	1
2.438144	1
2.499584	1
2.5343999999999998	1
2.552832	1
2.5774079999999997	1
2.644992	1
2.653184	1
2.683904	1
2.8149759999999997	1
2.8887039999999997	1
2.958336	1
2.997248	1
3.007488	1
3.064832	1
3.0689279999999997	1
3.085312	1
3.165184	1
3.2512	1
3.2696319999999996	1
3.29216	1
3.324928	1
3.329024	1
3.4007039999999997	1
3.419136	1
3.431424	1
3.5973119999999996	1
3.613696	1
3.615744	1
3.750912	1
3.826688	1
3.832832	1
7.686144	2
3.9618559999999996	1
4.021248	1
4.04992	1
4.056064	1
4.49536	1
4.5568	1
4.7206399999999995	1
4.724736	1
4.777984	1
4.806655999999999	1
5.015552	1
5.036032	1
5.08928	1
5.21216	1
5.257216	1
5.388288	1
5.462015999999999	1
5.728256	1
5.7978879999999995	1
5.855232	1
5.974016	1
6.010879999999999	1
6.25664	1
6.4204799999999995	1
6.555648	1
6.764544	1
6.903808	1
6.928383999999999	1
7.092224	1
7.182335999999999	1
7.2232959999999995	1
7.305216	1
7.653376	1
8.761344	1
8.933375999999999	1
10.604543999999999	1
10.866688	1
13.848576	1
15.265792	1
18.2272	1
18.243584	1
26.25536	1
26.714112	1
26.828799999999998	1
54.31296	2
27.189248	1
27.631615999999998	1
29.712384	1
29.761536	1
30.1056	1
30.154752	1
30.220288	1
30.449664	1
30.760959999999997	1
61.816832	2
40.189952	1
43.597823999999996	1
53.821439999999996	1
54.673407999999995	1
54.80448	1
56.770559999999996	1
58.40896	1
59.293696	1
59.326463999999994	1
59.457536	1
59.654143999999995	1
59.88352	1
60.04736	1
60.2112	1
180.830208	3
60.309504	1
60.342271999999994	1
60.37504	1
120.946688	2
60.506111999999995	1
60.70272	1
121.470976	2
60.768255999999994	1
60.801024	1
60.833791999999995	1
60.86656	1
121.798656	2
60.932095999999994	1
60.997631999999996	1
61.0304	1
61.128704	1
61.259775999999995	1
61.390848	1
61.685759999999995	1
0.36646399999999996	1
0.37619199999999997	1
0.385408	1
0.387968	1
0.39615999999999996	1
0.792832	2
0.397696	1
0.399232	1
0.39999999999999997	1
0.400256	1
0.401792	1
0.40256	1
0.403072	1
0.40332799999999996	1
0.405632	1
0.4064	1
0.406912	1
0.407424	1
0.408448	1
0.40870399999999996	1
0.40998399999999996	1
0.41049599999999997	1
0.410752	1
0.41126399999999996	1
0.41152	1
0.411776	1
0.412288	1
0.41382399999999997	1
0.414336	1
0.41459199999999996	1
0.416128	1
0.416384	1
0.8332799999999999	2
0.416896	1
0.417408	1
0.417664	1
1.2560639999999998	3
0.837888	2
0.41919999999999996	1
0.419456	1
0.419968	1
1.2645119999999999	3
0.42175999999999997	1
0.844544	2
0.42252799999999996	1
0.845568	2
0.423552	1
0.42380799999999996	1
0.848128	2
1.2768	3
0.8517119999999999	2
0.426112	1
0.42636799999999997	1
0.426624	1
0.8542719999999999	2
0.854784	2
0.427648	1
0.855808	2
0.42816	1
1.7136639999999999	4
0.428672	1
0.42969599999999997	1
0.430208	1
0.43072	1
0.431488	1
0.8634879999999999	2
0.864	2
0.432256	1
1.297536	3
0.43302399999999996	1
0.86656	2
0.8675839999999999	2
0.43430399999999997	1
1.73824	4
0.434816	1
1.305216	3
0.870656	2
0.43558399999999997	1
0.87168	2
0.436096	1
0.8727039999999999	2
0.873728	2
1.312128	3
0.43763199999999997	1
0.437888	1
2.628864	6
0.438656	1
1.316736	3
0.878848	2
0.43967999999999996	1
0.439936	1
0.440448	1
1.322112	3
0.8819199999999999	2
0.441472	1
1.7669119999999998	4
0.883968	2
1.327488	3
0.44300799999999996	1
0.443264	1
0.887552	2
0.888064	2
0.44428799999999996	1
0.4448	1
0.445056	1
0.890624	2
0.44556799999999996	1
0.445824	1
0.44608	1
0.446592	1
2.23424	5
1.34208	3
0.44761599999999996	1
0.895744	2
2.24064	5
0.896768	2
0.89728	2
0.898304	2
1.3482239999999999	3
0.44966399999999995	1
0.9003519999999999	2
0.450432	1
1.352832	3
0.9024	2
0.9029119999999999	2
0.903936	2
0.45222399999999996	1
0.45248	1
1.3582079999999999	3
1.358976	3
0.453248	1
2.2675199999999998	5
0.454016	1
1.362816	3
0.909056	2
0.9095679999999999	2
1.36512	3
1.365888	3
2.734848	6
0.45606399999999997	1
1.36896	3
0.913152	2
0.45683199999999996	1
2.742528	6
0.914688	2
0.457856	1
1.8324479999999999	4
3.208576	7
1.375872	3
0.45887999999999995	1
1.377408	3
1.3781759999999998	3
0.459648	1
1.839616	4
0.9203199999999999	2
2.3020799999999997	5
0.46067199999999997	1
0.921856	2
0.922368	2
0.46143999999999996	1
1.385856	3
0.46220799999999995	1
0.462464	1
1.8508799999999999	4
0.462976	1
0.463232	1
1.390464	3
1.391232	3
0.9279999999999999	2
1.3935359999999999	3
1.394304	3
0.930048	2
1.39584	3
0.931072	2
1.397376	3
0.9320959999999999	2
1.865216	4
1.39968	3
0.9336319999999999	2
0.934144	2
0.46732799999999997	1
2.805504	6
0.46784	1
0.9361919999999999	2
0.936704	2
0.46860799999999997	1
0.468864	1
0.46912	1
1.408128	3
1.409664	3
0.470144	1
1.4112	3
0.9413119999999999	2
2.825472	6
1.884672	4
0.47142399999999995	1
0.47168	1
1.415808	3
1.4165759999999998	3
0.944896	2
1.8908159999999998	4
1.89184	4
2.3660799999999997	5
2.3673599999999997	5
1.421184	3
0.47398399999999996	1
0.47424	1
0.948992	2
0.9495039999999999	2
0.950016	2
0.47526399999999996	1
1.4265599999999998	3
0.475776	1
0.9520639999999999	2
0.952576	2
0.47654399999999997	1
0.9536	2
0.954112	2
0.9546239999999999	2
2.3878399999999997	5
0.47782399999999997	1
2.86848	6
0.956672	2
2.873088	6
0.958208	2
0.9587199999999999	2
1.438848	3
0.9597439999999999	2
1.4403839999999999	3
1.921536	4
1.4419199999999999	3
1.923584	4
0.9623039999999999	2
0.962816	2
1.926656	4
0.9638399999999999	2
1.446528	3
0.9648639999999999	2
0.9653759999999999	2
0.482944	1
1.4496	3
3.867648	8
1.451136	3
1.9358719999999998	4
3.3895679999999997	7
2.4224	5
1.454208	3
0.48524799999999996	1
0.485504	1
1.45728	3
0.972032	2
0.972544	2
0.48652799999999996	1
2.9207039999999997	6
1.94816	4
0.9745919999999999	2
1.950208	4
1.4634239999999998	3
2.44032	5
0.97664	2
0.9771519999999999	2
0.977664	2
2.44544	5
2.936064	6
0.9792	2
2.44928	5
1.960448	4
1.471104	3
1.4718719999999998	3
3.92704	8
0.9822719999999999	2
1.965568	4
0.983296	2
1.475712	3
1.9696639999999999	4
1.970688	4
0.985856	2
3.452288	7
0.98688	2
0.9873919999999999	2
1.975808	4
0.9889279999999999	2
3.46304	7
0.9899519999999999	2
1.485696	3
1.981952	4
2.9744639999999998	6
0.992	2
1.985024	4
2.979072	6
2.48384	5
1.491072	3
0.99456	2
0.497536	1
2.48896	5
4.98048	10
1.9932159999999999	4
2.4928	5
2.49408	5
1.9962879999999998	4
1.997312	4
2.4979199999999997	5
1.49952	3
2.000384	4
4.503168	9
4.0048639999999995	8
1.001728	2
3.00672	6
5.0137599999999996	10
2.006528	4
2.007552	4
3.012864	6
3.0143999999999997	6
3.518592	7
2.011648	4
2.51584	5
2.013696	4
2.5183999999999997	5
1.0078719999999999	2
2.52096	5
1.513344	3
2.52352	5
3.5347199999999996	7
2.52608	5
2.021888	4
2.022912	4
2.023936	4
2.02496	4
1.519488	3
4.5607679999999995	9
0.507008	1
1.521792	3
2.03008	4
3.046656	6
2.5401599999999998	5
1.016576	2
0.508544	1
2.0352	4
3.563392	7
1.527936	3
1.5287039999999998	3
1.529472	3
0.51008	1
2.5516799999999997	5
1.0211839999999999	2
2.043392	4
2.044416	4
3.57952	7
3.581312	7
3.0712319999999997	6
2.048512	4
1.5371519999999999	3
2.5631999999999997	5
3.0773759999999997	6
4.1052159999999995	8
2.053632	4
1.540992	3
1.0278399999999999	2
3.085056	6
2.057728	4
1.5440639999999999	3
1.029888	2
3.6064	7
2.57728	5
4.125696	8
3.095808	6
3.0973439999999997	6
4.64832	9
3.100416	6
2.5849599999999997	5
2.0689919999999997	4
4.6575359999999995	9
2.07104	4
2.59008	5
4.146176	8
2.074112	4
2.59392	5
3.1142399999999997	6
3.115776	6
1.5586559999999998	3
2.59904	5
2.080256	4
1.56096	3
1.0411519999999999	2
4.166656	8
2.6054399999999998	5
1.5640319999999999	3
3.6512	7
3.1311359999999997	6
1.566336	3
2.0894719999999998	4
2.61312	5
3.13728	6
3.661952	7
2.093568	4
2.6182399999999997	5
3.667328	7
3.1449599999999998	6
4.196352	8
3.675392	7
7.357952	14
4.20864	8
5.2659199999999995	10
5.798144	11
2.110464	4
6.337536	12
6.872319999999999	13
6.349824	12
5.29664	10
2.65088	5
5.837568	11
7.4368	14
4.785407999999999	9
2.66112	5
3.1964159999999997	6
4.799232	9
3.20256	6
4.274176	8
8.02176	15
7.4941439999999995	14
8.03712	15
7.50848	14
6.978815999999999	13
5.3734399999999996	10
6.992128	13
9.152256	17
6.466559999999999	12
7.551488	14
4.8591359999999995	9
5.944576	11
9.736704	18
4.331519999999999	8
8.12928	15
6.509568	12
6.515712	12
10.86976	20
8.16	15
3.811584	7
4.905215999999999	9
4.364288	8
7.098624	13
3.82592	7
6.017792	11
6.0234239999999994	11
8.769536	16
3.8402559999999997	7
4.3929599999999995	8
8.794112	16
5.50144	10
7.709184	14
8.26752	15
6.06848	11
4.417536	8
4.974336	9
4.425727999999999	8
7.752192	14
4.43392	8
8.876032	16
6.663168	12
8.33664	15
8.34432	15
6.6815999999999995	12
8.916992	16
5.020416	9
3.908352	7
8.382719999999999	15
7.27168	13
5.59872	10
9.526527999999999	17
3.365376	6
10.105343999999999	18
5.0572799999999996	9
6.749184	12
9.007104	16
5.63456	10
9.587456	17
10.725119999999999	19
6.214912	11
6.786048	12
13.584384	24
6.231808	11
8.5056	15
7.945728	14
5.6806399999999995	10
8.52864	15
6.259968	11
6.2656	11
2.8505599999999998	5
4.564992	8
9.709311999999999	17
3.429888	6
6.29376	11
6.872064	12
4.585472	8
4.589568	8
2.87104	5
8.04608	14
5.1770879999999995	9
10.363392	18
8.643839999999999	15
9.805056	17
6.350079999999999	11
4.044544	7
6.939648	12
6.366975999999999	11
8.689919999999999	15
7.53792	13
6.383871999999999	11
6.970368	12
9.883391999999999	17
4.655104	8
5.824	10
5.246208	9
8.167936	14
7.007231999999999	12
10.520064	18
4.09472	7
5.8547199999999995	10
5.85984	10
4.105472	7
4.696064	8
5.28768	9
5.292288	9
5.88544	10
3.5343359999999997	6
5.306112	9
7.080959999999999	12
4.724736	8
3.546624	6
5.3245439999999995	9
4.737024	8
6.5190399999999995	11
5.338368	9
8.311296	14
4.753407999999999	8
4.757504	8
5.3568	9
8.339967999999999	14
2.384896	4
5.370623999999999	9
5.97248	10
5.37984	9
4.786176	8
7.784192	13
7.191552	12
3.598848	6
6.60352	11
4.806655999999999	8
6.01344	10
4.212992	7
9.03552	15
4.22016	7
6.637312	11
5.435136	9
4.835328	8
3.629568	6
4.23808	7
4.8476159999999995	8
5.458176	9
8.497664	14
10.934783999999999	18
5.4719999999999995	9
1.2170239999999999	2
6.09024	10
6.704896	11
5.490431999999999	9
6.7161599999999995	11
6.11072	10
6.727424	11
7.957248	13
8.576512	14
4.90496	8
6.1363199999999996	10
4.913152	8
8.605184	14
6.15168	10
4.92544	8
6.161919999999999	10
4.316928	7
4.320512	7
3.706368	6
4.94592	8
5.5687679999999995	9
5.573376	9
2.479104	4
5.582592	9
4.3456	7
6.21312	10
5.596416	9
4.978688	8
4.982784	8
6.85696	11
8.734207999999999	14
6.868224	11
5.624064	9
5.003264	8
7.5110399999999995	12
3.13216	5
3.1347199999999997	5
3.7647359999999996	6
3.13984	5
7.54176	12
3.773952	6
5.036032	8
2.520064	4
4.413696	7
3.1552	5
8.210175999999999	13
7.5847679999999995	12
5.060607999999999	8
3.7985279999999997	6
5.7024	9
5.707008	9
5.711615999999999	9
3.810816	6
4.449536	7
2.54464	4
4.456704	7
5.734655999999999	9
3.1884799999999998	5
3.8292479999999998	6
7.6646399999999995	12
3.19616	5
7.037184	11
7.042815999999999	11
5.126144	8
7.05408	11
3.20896	5
6.423039999999999	10
3.856896	6
4.503296	7
4.50688	7
7.7322239999999995	12
4.514048	7
4.517632	7
3.8753279999999997	6
5.8176	9
2.5876479999999997	4
3.884544	6
4.535552	7
6.48448	10
5.84064	9
5.1957759999999995	8
3.899904	6
2.601984	4
0.6510079999999999	1
3.9091199999999997	6
3.26016	5
2.610176	4
4.5713919999999995	7
5.228543999999999	8
4.5785599999999995	7
5.236736	8
5.895936	9
5.244928	8
9.185792	14
3.2832	5
8.542976	13
5.918976	9
2.632704	4
3.9521279999999996	6
3.9551999999999996	6
3.958272	6
1.980672	3
7.268096	11
3.30624	5
1.98528	3
3.973632	6
3.31392	5
4.643072	7
5.310464	8
5.31456	8
7.977983999999999	12
2.6613759999999997	4
7.324415999999999	11
4.664575999999999	7
6.00192	9
4.004352	6
3.33952	5
6.015744	9
8.027136	12
4.68608	7
5.359616	8
6.0341759999999995	9
4.696832	7
3.35744	5
3.36	5
2.690048	4
5.384192	8
4.0412159999999995	6
3.37024	5
8.76928	13
5.400576	8
4.729088	7
3.38048	5
3.38304	5
4.06272	6
5.421056	8
6.103295999999999	9
5.429247999999999	8
5.433344	8
4.07808	6
2.720768	4
4.084224	6
8.174591999999999	12
4.7720959999999994	7
3.4112	5
7.510272	11
4.099584	6
6.1539839999999995	9
3.42144	5
3.424	5
6.85312	10
3.4291199999999997	5
4.804352	7
7.555327999999999	11
2.06208	3
4.815104	7
4.818688	7
2.755584	4
6.2046719999999995	9
6.20928	9
2.071296	3
5.527552	8
4.840192	7
2.7678719999999997	4
6.23232	9
3.46496	5
4.854528	7
3.47008	5
4.861695999999999	7
7.64544	11
5.564416	8
4.8724479999999994	7
2.089728	3
5.576703999999999	8
2.0928	3
2.792448	4
2.095872	3
4.893952	7
2.098944	3
2.10048	3
8.408064	12
5.609471999999999	8
4.911872	7
6.319872	9
4.91904	7
1.406464	2
4.926208	7
5.634048	8
4.933376	7
4.93696	7
2.823168	4
6.356736	9
2.827264	4
4.243968	6
6.370559999999999	9
4.250112	6
3.54432	5
4.965631999999999	7
2.839552	4
2.8415999999999997	4
3.55456	5
5.691392	8
3.5596799999999997	5
4.987136	7
4.99072	7
3.56736	5
5.711872	8
5.001472	7
5.005056	7
2.8620799999999997	4
4.296192	6
3.5827199999999997	5
5.019392	7
3.58784	5
2.1542399999999997	3
7.185919999999999	10
1.438208	2
3.59808	5
2.880512	4
3.6031999999999997	5
5.048064	7
3.60832	5
5.777407999999999	8
2.1680639999999998	3
1.4464	2
3.61856	5
7.966463999999999	11
7.24736	10
5.801984	8
5.80608	8
3.63136	5
7.26784	10
5.091072	7
5.094656	7
5.09824	7
5.101824	7
5.105408	7
3.6492799999999996	5
2.1911039999999997	3
5.84704	8
2.9255679999999997	4
3.6595199999999997	5
3.66208	5
2.9317119999999997	4
5.13408	7
0.7339519999999999	1
2.937856	4
3.67488	5
2.206464	3
2.944	4
3.6825599999999996	5
6.633216	9
3.68768	5
4.428288	6
5.90848	8
0.739072	1
3.69792	5
3.7004799999999998	5
3.7030399999999997	5
2.22336	3
2.966528	4
3.71072	5
2.2279679999999997	3
5.9453439999999995	8
5.20576	7
5.209344	7
6.702336	9
4.471296	6
5.965824	8
5.22368	7
4.480512	6
4.483584	6
4.486656	6
4.4897279999999995	6
7.4879999999999995	10
5.245184	7
4.498944	6
4.502016	6
3.75424	5
4.50816	6
1.503744	2
4.514304	6
1.505792	2
3.013632	4
4.5235199999999995	6
7.54432	10
3.77472	5
3.7772799999999997	5
3.023872	4
5.29536	7
3.027968	4
4.545024	6
7.580159999999999	10
5.309696	7
3.7952	5
2.278656	3
5.320448	7
2.2817279999999998	3
9.133056	12
6.8544	9
5.334784	7
4.575743999999999	6
1.5262719999999999	2
6.872832	9
7.6415999999999995	10
4.588032	6
4.591104	6
3.0627839999999997	4
3.064832	4
5.367039999999999	7
4.6033919999999995	6
4.606464	6
6.1460479999999995	8
2.306304	3
6.92352	9
4.618752	6
3.85152	5
3.8540799999999997	5
6.941952	9
3.08736	4
6.178815999999999	8
3.091456	4
5.413632	7
3.86944	5
3.872	5
3.87456	5
3.8771199999999997	5
9.311232	12
1.5528959999999998	2
4.66176	6
4.664832	6
3.88992	5
3.113984	4
5.453056	7
5.45664	7
5.460224	7
7.024896	9
7.029503999999999	9
6.252543999999999	8
3.12832	4
4.695552	6
3.1324159999999996	4
6.268928	8
7.057151999999999	9
5.49248	7
7.85152	10
5.499648	7
3.9308799999999997	5
3.9334399999999996	5
5.5104	7
4.726272	6
2.364672	3
4.732416	6
4.735488	6
4.73856	6
3.161088	4
4.744704	6
5.539072	7
3.95904	5
3.9616	5
6.342656	8
10.313471999999999	13
7.144704	9
6.354944	8
5.564159999999999	7
6.363136	8
5.571327999999999	7
6.371328	8
8.766207999999999	11
3.1897599999999997	4
3.191808	4
6.387712	8
3.9948799999999998	5
5.596416	7
5.6	7
6.404096	8
3.204096	4
5.610752	7
4.01024	5
4.81536	6
4.818432	6
8.03584	10
4.8245759999999995	6
4.02304	5
5.63584	7
6.445056	8
7.2552959999999995	9
6.453247999999999	8
7.264512	9
5.65376	7
2.424576	3
7.2783359999999995	9
6.4737279999999995	8
4.858368	6
6.48192	8
8.918272	11
9.735168	12
10.553087999999999	13
5.6860159999999995	7
8.128	10
9.759744	12
3.255296	4
4.07168	5
6.518784	8
9.78432	12
10.606335999999999	13
4.8983039999999995	6
9.802752	12
9.808895999999999	12
8.997119999999999	11
7.365888	9
3.275776	4
3.277824	4
8.199679999999999	10
10.66624	13
5.746944	7
7.393536	9
4.932096	6
0.8225279999999999	1
7.40736	9
5.764863999999999	7
5.768447999999999	7
6.596608	8
3.3003519999999997	4
9.9072	12
10.739455999999999	13
6.612991999999999	8
8.27136	10
4.13824	5
4.96896	6
9.944064	12
7.462656	9
9.956351999999999	12
9.962496	12
7.47648	9
9.143552	11
10.812672	13
4.993536	6
9.160447999999999	11
5.83296	7
5.002752	6
9.177344	11
10.017792	12
9.188608	11
14.20928	17
9.199872	11
8.36864	10
5.861632	7
6.703104	8
10.0608	12
7.550208	9
5.875967999999999	7
12.599039999999999	15
8.40448	10
8.4096	10
5.8903039999999995	7
8.419839999999999	10
5.054976	6
8.43008	10
9.27872	11
10.128383999999999	12
10.979072	13
10.985728	13
9.301248	11
7.614719999999999	9
5.926144	7
6.776832	8
8.47616	10
8.48128	10
6.78912	8
5.944064	7
5.097983999999999	6
5.101056	6
6.805504	8
4.256	5
9.368832	11
12.78336	15
11.938303999999999	14
11.092224	13
10.24512	12
5.1256319999999995	6
11.112192	13
11.974143999999999	14
8.55808	10
10.275839999999999	12
3.4273279999999997	4
11.145472	13
11.152128	13
6.866943999999999	8
5.15328	6
7.734528	9
7.739135999999999	9
11.185407999999999	13
11.192064	13
10.33728	12
10.343423999999999	12
7.762175999999999	9
6.903808	8
8.634879999999999	10
8.639999999999999	10
10.374144	12
2.595072	3
9.520895999999999	11
9.526527999999999	11
8.6656	10
6.069503999999999	7
11.278592	13
6.076671999999999	7
8.68608	10
13.90592	16
5.217792	6
11.311872	13
6.094592	7
6.9693439999999995	8
6.97344	8
9.594111999999999	11
10.472448	12
5.2392959999999995	6
7.863551999999999	9
7.86816	9
6.998016	8
8.75264	10
6.130432	7
13.144319999999999	15
6.1376	7
7.018496	8
10.533888	12
6.148352	7
7.030784	8
7.034879999999999	8
7.038976	8
10.564608	12
9.689855999999999	11
9.695488	11
7.055359999999999	8
1.764864	2
5.297664	6
7.951104	9
7.955711999999999	9
5.30688	6
6.194944	7
7.084032	8
11.518208	13
8.86528	10
7.0963199999999995	8
9.763072	11
9.768704	11
4.44288	5
8.89088	10
9.785599999999999	11
8.901119999999999	10
3.562496	4
11.584767999999999	13
6.241536	7
3.56864	4
8.92672	10
10.718207999999999	12
10.724352	12
6.259456	7
7.15776	8
13.428479999999999	15
8.061696	9
10.755072	12
12.554751999999999	14
9.87008	11
7.182335999999999	8
8.084736	9
9.886975999999999	11
8.99328	10
4.4992	5
6.302464	7
9.909504	11
15.323392	17
15.332096	17
11.7312	13
4.5145599999999995	5
5.420544	6
14.462976	16
10.853375999999999	12
5.42976	6
6.338304	7
8.153856	9
9.971456	11
9.070079999999999	10
4.537599999999999	5
2.724096	3
8.176896	9
10.908672	12
5.457408	6
5.46048	6
8.195328	9
7.288831999999999	8
14.585856	16
9.121279999999999	10
4.5632	5
10.044672	11
8.222976	9
7.313408	8
11.890944	13
7.3216	8
2.747136	3
7.329791999999999	8
8.250624	9
8.255232	9
7.342079999999999	8
8.264448	9
4.59392	5
5.515776	6
11.037695999999999	12
8.28288	9
11.970816	13
8.292095999999999	9
7.374848	8
7.378944	8
7.383039999999999	8
7.387136	8
9.23904	10
10.168576	11
8.324352	9
2.7763199999999997	3
10.185471999999999	11
10.191104	11
4.63488	5
8.347392	9
7.4239999999999995	8
7.428096	8
1.858048	2
5.577216	6
13.020672	14
9.3056	10
10.241792	11
6.521088	7
6.524672	7
7.460864	8
6.53184	7
13.070848	14
12.143872	13
1.8693119999999999	2
5.611008	6
9.3568	10
2.808576	3
10.303744	11
8.434944	9
10.315007999999999	11
6.567679999999999	7
5.632512	6
3.757056	4
13.156863999999999	14
7.522304	8
6.5855999999999995	7
10.354432	11
6.5927679999999995	7
10.365696	11
3.7713919999999996	4
9.4336	10
6.607104	7
14.165759999999999	15
7.559168	8
5.672448	6
6.62144	7
7.5714559999999995	8
7.575552	8
4.73728	5
11.375615999999999	12
6.63936	7
2.8469759999999997	3
10.444543999999999	11
10.450175999999999	11
6.653696	7
1.90208	2
6.660864	7
8.568576	9
4.76288	5
10.483967999999999	11
3.8144	4
9.54112	10
5.7277439999999995	6
11.461632	12
4.778239999999999	5
9.5616	10
8.610047999999999	9
7.657471999999999	8
6.703872	7
5.749248	6
3.8348799999999996	4
10.551552	11
9.597439999999999	10
6.721792	7
4.80384	5
6.72896	7
7.694336	8
6.736128	7
3.851264	4
3.853312	4
8.67456	9
5.786112	6
4.82432	5
2.896128	3
3.863552	4
5.7984	6
4.83456	5
5.804544	6
5.8076159999999994	6
7.747584	8
6.782719999999999	7
11.633664	12
9.69984	10
4.85248	5
4.85504	5
4.8576	5
2.916096	3
5.835264	6
2.919168	3
4.86784	5
3.89632	4
6.822144	7
4.87552	5
5.853695999999999	6
4.88064	5
5.85984	6
5.862912	6
8.798976	9
8.803583999999999	9
5.872128	6
2.9375999999999998	3
6.857984	7
4.90112	5
4.90368	5
2.9437439999999997	3
3.92704	4
4.91136	5
3.931136	4
0.983296	1
8.854272	9
2.95296	3
2.954496	3
5.912064	6
6.900992	7
3.9454719999999996	4
4.9344	5
1.9747839999999999	2
7.903232	8
4.94208	5
4.94464	5
3.95776	4
7.9196159999999995	8
3.9618559999999996	4
1.981952	2
4.95744	5
2.976	3
2.9775359999999997	3
8.937216	9
6.954752	7
4.9702399999999995	5
7.95648	8
5.970432	6
1.9911679999999998	2
3.984384	4
1.9932159999999999	2
11.96544	12
6.983423999999999	7
2.9944319999999998	3
1.997312	2
4.995839999999999	5
6.9977599999999995	7
7.001344	7
6.004224	6
4.0048639999999995	4
5.00864	5
5.0112	5
5.0137599999999996	5
1.003264	1
1.003776	1
5.02144	5
2.0096	2
4.021248	4
6.034943999999999	6
1.006336	1
4.027392	4
6.04416	6
4.033536	4
2.017792	2
2.0188159999999997	2
2.01984	2
1.010432	1
1.010944	1
5.0572799999999996	5
3.035904	3
5.062399999999999	5
1.012992	1
4.054016	4
2.028032	2
3.043584	3
3.04512	3
2.031104	2
6.096384	6
3.049728	3
3.0512639999999998	3
9.1584	9
2.036224	2
4.074496	4
5.09568	5
3.058944	3
3.0604799999999996	3
6.127104	6
3.065088	3
3.066624	3
7.15904	7
5.11616	5
1.023744	1
3.072768	3
1.024768	1
4.10112	4
3.0773759999999997	3
2.0526079999999998	2
1.026816	1
1.027328	1
3.08352	3
1.028352	1
2.057728	2
4.117503999999999	4
7.209216	7
3.0911999999999997	3
3.092736	3
4.125696	4
5.15968	5
6.194687999999999	6
4.1318399999999995	4
1.033472	1
3.103488	3
3.105024	3
4.14208	4
5.18016	5
5.18272	5
2.074112	2
3.1142399999999997	3
3.115776	3
2.078208	2
3.118848	3
5.20064	5
6.24384	6
5.20576	5
4.166656	4
2.084352	2
2.085376	2
5.216	5
4.174848	4
3.1342079999999997	3
5.22624	5
5.2288	5
3.138816	3
4.187136	4
2.094592	2
4.191231999999999	4
3.1449599999999998	3
6.294528	6
5.25056	5
11.562496	11
7.365119999999999	7
6.319103999999999	6
4.216832	4
3.165696	3
6.337536	6
1.05728	1
6.349824	6
6.355968	6
7.422464	7
3.184128	3
3.1872	3
3.1902719999999998	3
2.128896	2
7.458304	7
3.1994879999999997	3
4.27008	4
7.479807999999999	7
6.417408	6
1.070592	1
5.35808	5
4.29056	4
6.441984	6
4.2987519999999995	4
2.151424	2
5.38368	5
5.3888	5
3.2363519999999997	3
4.3192319999999995	4
7.565823999999999	7
3.245568	3
5.4144	5
2.167808	2
2.169856	2
6.515712	6
4.347904	4
5.4399999999999995	5
3.2670719999999998	3
5.45024	5
5.45536	5
6.552575999999999	6
3.27936	3
4.376576	4
5.47584	5
5.48096	5
3.291648	3
7.687679999999999	7
3.297792	3
5.50144	5
3.3039359999999998	3
5.51168	5
7.72352	7
6.626303999999999	6
2.210816	2
5.53216	5
2.214912	2
3.32544	3
3.328512	3
8.884224	8
8.892415999999999	8
3.337728	3
1.1136	1
3.3438719999999997	3
2.231296	2
6.700031999999999	6
2.235392	2
1.11872	1
2.2394879999999997	2
5.60384	5
3.365376	3
2.245632	2
2.24768	2
5.62432	5
2.251776	2
4.507648	4
3.3838079999999997	3
3.3868799999999997	3
4.5199359999999995	4
2.262016	2
4.528128	4
4.532223999999999	4
3.40224	3
3.405312	3
4.544512	4
3.411456	3
3.414528	3
7.974399999999999	7
2.280448	2
5.706239999999999	5
3.4268159999999996	3
1.1432959999999999	1
1.14432	1
4.581376	4
1.146368	1
3.442176	3
3.445248	3
2.29888	2
2.300928	2
2.3029759999999997	2
1.152512	1
4.614144	4
2.30912	2
2.311168	2
2.3132159999999997	2
3.472896	3
3.482112	3
1.1617279999999999	1
3.488256	3
5.81888	5
6.9887999999999995	6
1.165824	1
2.3336959999999998	2
5.83936	5
2.337792	2
3.50976	3
3.512832	3
1.171968	1
1.172992	1
3.522048	3
3.52512	3
1.176064	1
2.354176	2
4.712448	4
2.358272	2
1.1801599999999999	1
2.362368	2
1.1832319999999998	1
5.9264	5
3.558912	3
3.5681279999999997	3
1.1904	1
2.382848	2
3.5773439999999996	3
1.1934719999999999	1
3.58656	3
1.196544	1
3.592704	3
1.1985919999999999	1
4.798464	4
1.20064	1
1.2016639999999998	1
3.6080639999999997	3
3.6142079999999996	3
2.41152	2
3.620352	3
1.207808	1
1.208832	1
2.419712	2
1.2119039999999999	1
3.638784	3
2.427904	2
3.6479999999999997	3
2.4340479999999998	2
2.438144	2
1.2200959999999998	1
4.888576	4
3.669504	3
3.672576	3
2.45248	2
1.227264	1
1.228288	1
2.458624	2
4.9213439999999995	4
4.92544	4
3.697152	3
1.2334079999999998	1
1.234432	1
1.2354559999999999	1
2.47296	2
1.237504	1
2.4770559999999997	2
2.479104	2
1.240576	1
3.7247999999999997	3
2.485248	2
1.2436479999999999	1
3.734016	3
1.245696	1
2.4975359999999998	2
3.749376	3
2.501632	2
2.5036799999999997	2
2.507776	2
2.509824	2
2.518016	2
1.260032	1
1.261056	1
1.2620799999999999	1
1.263104	1
2.5303039999999997	2
3.7985279999999997	3
1.2671999999999999	1
7.609343999999999	6
2.538496	2
2.542592	2
1.27232	1
1.273344	1
2.548736	2
2.5507839999999997	2
2.552832	2
2.55488	2
2.556928	2
2.558976	2
2.5610239999999997	2
1.28256	1
2.5671679999999997	2
3.856896	3
1.286656	1
1.28768	1
1.289728	1
1.290752	1
1.291776	1
1.294848	1
1.296896	1
1.29792	1
1.2989439999999999	1
2.601984	2
5.208063999999999	4
1.30304	1
2.608128	2
3.9152639999999996	3
1.309184	1
1.310208	1
1.311232	1
1.3122559999999999	1
1.31328	1
1.314304	1
1.3153279999999998	1
1.316352	1
1.3204479999999998	1
2.642944	2
3.967488	3
1.324544	1
1.3255679999999999	1
2.653184	2
1.329664	1
1.331712	1
1.332736	1
1.336832	1
1.337856	1
1.339904	1
1.341952	1
1.345024	1
1.346048	1
1.347072	1
1.348096	1
1.3491199999999999	1
1.350144	1
4.059648	3
1.3542399999999999	1
1.355264	1
5.43744	4
2.720768	2
1.361408	1
4.087295999999999	3
1.371648	1
1.372672	1
4.13952	3
1.3808639999999999	1
1.3859839999999999	1
1.388032	1
1.392128	1
1.3952	1
1.3992959999999999	1
1.40032	1
1.40544	1
1.406464	1
1.4074879999999999	1
4.237824	3
1.4177279999999999	1
1.418752	1
1.4207999999999998	1
1.421824	1
1.422848	1
1.4259199999999999	1
2.857984	2
1.4310399999999999	1
1.432064	1
1.433088	1
1.438208	1
1.442304	1
1.448448	1
1.453568	1
1.4545919999999999	1
1.455616	1
2.917376	2
1.4627839999999999	1
1.469952	1
1.474048	1
1.47712	1
1.4842879999999998	1
1.48736	1
1.488384	1
1.491456	1
3.0054399999999997	2
1.503744	1
1.5047679999999999	1
1.505792	1
1.5078399999999998	1
1.510912	1
1.5129599999999999	1
4.557312	3
1.52832	1
1.5344639999999998	1
1.535488	1
1.5365119999999999	1
1.541632	1
1.542656	1
1.56928	1
3.1426559999999997	2
1.572352	1
1.5733759999999999	1
1.578496	1
1.57952	1
1.585664	1
1.590784	1
1.5948799999999999	1
1.606144	1
1.61024	1
1.64096	1
1.6419839999999999	1
1.6481279999999998	1
1.654272	1
1.65632	1
1.6583679999999998	1
1.6716799999999998	1
1.6767999999999998	1
3.365888	2
1.6870399999999999	1
1.688064	1
1.72288	1
1.725952	1
1.7269759999999998	1
1.7556479999999999	1
1.7792	1
1.786368	1
1.79968	1
1.80992	1
1.843712	1
1.8672639999999998	1
1.8775039999999998	1
1.89696	1
1.9225599999999998	1
1.9461119999999998	1
3.951616	2
2.054656	1
2.074112	1
2.098176	1
2.126848	1
2.128896	1
2.147328	1
2.171904	1
2.173952	1
2.182144	1
2.282496	1
2.315264	1
2.343936	1
2.348032	1
2.362368	1
2.37056	1
2.438144	1
2.458624	1
2.5978879999999998	1
2.733056	1
2.7392	1
2.745344	1
2.757632	1
2.8518399999999997	1
2.884608	1
2.958336	1
3.091456	1
6.465535999999999	2
3.255296	1
3.277824	1
3.298304	1
3.318784	1
3.349504	1
3.458048	1
3.4846719999999998	1
3.5911679999999997	1
3.6096	1
3.61984	1
3.64032	1
3.7079039999999996	1
3.789824	1
3.8389759999999997	1
3.8983679999999996	1
3.920896	1
3.970048	1
4.0192	1
4.0314879999999995	1
4.31104	1
4.462592	1
4.61824	1
4.786176	1
4.978688	1
5.244928	1
6.424576	1
6.703104	1
6.977536	1
14.856192	2
7.542783999999999	1
8.030208	1
8.181759999999999	1
8.296448	1
8.9088	1
10.792959999999999	1
10.940415999999999	1
15.273983999999999	1
20.094976	1
22.437887999999997	1
25.518079999999998	1
26.796032	1
26.894336	1
27.058176	1
27.287551999999998	1
27.697152	1
28.401664	1
28.991488	1
29.024255999999998	1
29.138944	1
29.401087999999998	1
29.483007999999998	1
29.499392	1
29.94176	1
30.040063999999997	1
30.1056	1
30.26944	1
60.669951999999995	2
30.646272	1
30.777344	1
30.924799999999998	1
30.990336	1
31.023104	1
31.105024	1
51.429376	1
52.871168	1
55.78752	1
58.540032	1
59.490303999999995	1
59.88352	1
60.145664	1
60.309504	1
60.506111999999995	1
242.28659199999998	4
60.70272	1
60.899328	1
60.932095999999994	1
60.997631999999996	1
122.0608	2
61.063168	1
61.128704	1
61.259775999999995	1
61.325312	1
61.751295999999996	1
62.210048	1
0.37951999999999997	1
0.38284799999999997	1
0.38950399999999996	1
0.39488	1
0.398208	1
0.398464	1
0.402304	1
0.40537599999999996	1
0.407424	1
0.40768	1
0.81792	2
0.409728	1
0.41024	1
0.41049599999999997	1
0.410752	1
0.41152	1
0.413056	1
0.413568	1
0.414336	1
0.41459199999999996	1
1.246848	3
0.417664	1
0.41791999999999996	1
0.837376	2
0.837888	2
0.419712	1
0.420736	1
0.420992	1
0.421504	1
0.422272	1
0.42432	1
0.425344	1
0.4256	1
0.42585599999999996	1
0.42713599999999996	1
0.854784	2
0.85632	2
0.8568319999999999	2
0.428928	1
0.42918399999999995	1
0.42944	1
0.860416	2
0.43097599999999997	1
0.431488	1
0.43302399999999996	1
0.86656	2
0.867072	2
0.434048	1
0.43430399999999997	1
0.43456	1
0.870656	2
1.309056	3
0.873216	2
0.873728	2
1.7484799999999998	4
0.43763199999999997	1
1.3152	3
0.877312	2
0.8778239999999999	2
0.439168	1
0.43967999999999996	1
0.439936	1
0.440448	1
0.881408	2
0.44095999999999996	1
0.441472	1
1.325184	3
1.325952	3
0.884992	2
0.885504	2
0.44300799999999996	1
0.886528	2
0.8870399999999999	2
0.443776	1
0.888064	2
0.8885759999999999	2
0.444544	1
0.4448	1
1.335168	3
0.44608	1
0.44633599999999996	1
1.3397759999999999	3
0.44684799999999997	1
2.2355199999999997	5
1.78944	4
1.342848	3
0.896768	2
0.44864	1
1.7955839999999998	4
2.2457599999999998	5
0.449408	1
1.3497599999999998	3
0.45017599999999997	1
0.450688	1
0.9018879999999999	2
0.9024	2
0.9029119999999999	2
0.903424	2
0.903936	2
0.45222399999999996	1
0.90496	2
1.3582079999999999	3
0.452992	1
1.3597439999999998	3
1.8140159999999999	4
0.45376	1
0.45427199999999995	1
1.363584	3
0.9095679999999999	2
2.27648	5
0.45555199999999996	1
0.911616	2
2.7363839999999997	6
1.82528	4
0.913152	2
0.45683199999999996	1
0.914176	2
0.914688	2
1.8304	4
0.915712	2
1.8324479999999999	4
0.458368	1
1.375872	3
0.45887999999999995	1
0.459136	1
0.9187839999999999	2
1.378944	3
0.459904	1
0.9203199999999999	2
1.381248	3
0.46067199999999997	1
2.30464	5
0.922368	2
0.46143999999999996	1
1.3850879999999999	3
1.385856	3
2.3110399999999998	5
1.849856	4
1.3881599999999998	3
2.777856	6
0.463232	1
1.8539519999999998	4
0.463744	1
0.46399999999999997	1
0.464256	1
1.3935359999999999	3
1.394304	3
0.46527999999999997	1
2.7932159999999997	6
1.397376	3
2.7962879999999997	6
1.865216	4
0.93312	2
1.8672639999999998	4
2.802432	6
0.9346559999999999	2
0.935168	2
1.4035199999999999	3
2.34048	5
1.405824	3
0.468864	1
1.87648	4
0.46937599999999996	1
1.408896	3
0.469888	1
0.470144	1
0.9408	2
0.9413119999999999	2
1.883648	4
1.884672	4
0.9428479999999999	2
1.88672	4
0.9438719999999999	2
2.8331519999999997	6
1.417344	3
3.308928	7
0.94592	2
1.8928639999999999	4
2.840832	6
0.947456	2
2.8439039999999998	6
0.948992	2
2.37376	5
0.950016	2
0.95104	2
1.903104	4
0.47603199999999996	1
2.857728	6
2.38272	5
2.8608	6
1.431168	3
1.4319359999999999	3
0.955136	2
1.4334719999999999	3
1.43424	3
0.956672	2
1.436544	3
0.479104	1
2.3968	5
0.959232	2
0.47987199999999997	1
0.960256	2
1.441152	3
2.8838399999999997	6
2.40448	5
0.9623039999999999	2
0.962816	2
1.4449919999999998	3
0.9638399999999999	2
1.928704	4
1.9297279999999999	4
1.448064	3
0.965888	2
2.8992	6
1.4503679999999999	3
0.967424	2
0.9679359999999999	2
0.968448	2
2.4224	5
1.454208	3
1.939968	4
1.455744	3
0.971008	2
1.45728	3
1.458048	3
2.4313599999999997	5
0.9730559999999999	2
1.947136	4
1.94816	4
1.9491839999999998	4
0.975104	2
1.4634239999999998	3
1.464192	3
1.95328	4
0.48857599999999995	1
1.466496	3
0.9781759999999999	2
0.978688	2
1.4687999999999999	3
0.9797119999999999	2
2.45056	5
3.4325759999999996	7
1.4718719999999998	3
0.98176	2
0.9822719999999999	2
2.45696	5
1.966592	4
3.4433279999999997	7
0.49216	1
4.434048	9
2.4646399999999997	5
1.9727359999999998	4
1.97376	4
1.9747839999999999	4
0.987904	2
2.47104	5
3.461248	7
0.98944	2
0.9899519999999999	2
1.9809279999999998	4
2.972928	6
2.9744639999999998	6
2.48	5
1.985024	4
1.489536	3
3.974144	8
2.982144	6
2.9836799999999997	6
2.985216	6
0.9955839999999999	2
0.996096	2
2.49152	5
3.4899199999999997	7
2.992896	6
0.9981439999999999	2
1.997312	4
1.4987519999999999	3
0.49983999999999995	1
2.000384	4
2.001408	4
2.50304	5
2.50432	5
2.00448	4
2.5068799999999998	5
4.013056	8
2.5094399999999997	5
2.0085759999999997	4
1.5071999999999999	3
1.507968	3
2.011648	4
2.51584	5
3.523968	7
1.51104	3
0.5039359999999999	1
2.016768	4
2.017792	4
1.514112	3
1.51488	3
1.010432	2
4.043776	8
1.5171839999999999	3
2.5299199999999997	5
2.02496	4
2.025984	4
1.5202559999999998	3
2.53504	5
2.0290559999999997	4
3.04512	6
2.53888	5
3.048192	6
4.574592	9
1.5256319999999999	3
4.5792	9
1.5271679999999999	3
2.54656	5
3.0574079999999997	6
1.0196479999999999	2
1.02016	2
2.5516799999999997	5
2.5529599999999997	5
3.575936	7
2.55552	5
2.0454399999999997	4
2.046464	4
2.047488	4
3.072768	6
2.5619199999999998	5
2.05056	4
1.5386879999999998	3
2.0526079999999998	4
2.56704	5
2.56832	5
3.5974399999999997	7
3.085056	6
3.086592	6
1.0293759999999998	2
1.544832	3
3.0911999999999997	6
1.546368	3
2.062848	4
3.611776	7
2.064896	4
3.61536	7
3.617152	7
2.5849599999999997	5
2.58624	5
5.17504	10
2.5888	5
2.59008	5
3.627904	7
1.5555839999999999	3
4.150272	8
3.6332799999999996	7
5.192959999999999	10
1.5586559999999998	3
2.59904	5
3.6404479999999997	7
3.12192	6
4.685184	9
4.166656	8
4.168704	8
2.085376	4
3.1296	6
1.043712	2
3.132672	6
2.61184	5
2.61312	5
2.6144	5
2.61568	5
3.663744	7
2.094592	4
2.61952	5
1.5724799999999999	3
6.294528	12
3.675392	7
4.204543999999999	8
6.3129599999999995	12
6.319103999999999	12
5.798144	11
6.331392	12
8.978176	17
7.9296	15
6.349824	12
6.355968	12
4.771584	9
2.1227519999999998	4
6.9056	13
2.65856	5
6.918912	13
9.589248	18
6.932224	13
4.27008	8
6.945536	13
8.02176	15
12.311808	23
2.143232	4
8.58112	16
6.441984	12
10.209536	19
4.302848	8
6.998784	13
6.466559999999999	12
15.642368	29
7.018752	13
8.646656	16
10.277631999999999	19
7.03872	13
6.503424	12
8.13696	15
9.773568	18
11.956736	22
7.072	13
5.44512	10
8.17536	15
7.637504	14
6.006527999999999	11
6.55872	12
4.923648	9
8.213759999999999	15
8.22144	15
12.069376	22
6.0403199999999995	11
9.343744	17
5.50144	10
7.709184	14
5.51168	10
3.3100799999999997	6
9.387264	17
10.501375999999999	19
4.978943999999999	9
4.429824	8
6.09664	11
11.09504	20
6.663168	12
4.4462079999999995	8
6.119168	11
8.352	15
11.703552	21
6.693887999999999	12
6.141696	11
10.059263999999999	18
8.3904	15
9.517824	17
6.724608	12
7.2916479999999995	13
9.543936	17
5.0572799999999996	9
10.123776	18
6.192384	11
7.888383999999999	14
8.45952	15
8.4672	15
9.039871999999999	16
9.613567999999999	17
8.49024	15
4.532223999999999	8
9.63968	17
5.107968	9
10.793216	19
6.822912	12
7.967231999999999	14
2.848	5
6.2712319999999995	11
3.9943679999999997	7
6.853631999999999	12
5.71648	10
6.86592	12
8.59008	15
9.170944	16
8.031744	14
5.74208	10
8.6208	15
10.354175999999999	18
4.605951999999999	8
7.491327999999999	13
8.074752	14
6.350079999999999	11
4.622336	8
5.204736	9
5.209344	9
4.634624	8
9.85728	17
6.964224	12
7.551232	13
11.627519999999999	20
5.81888	10
6.4064	11
5.246208	9
9.334783999999999	16
8.175104	14
7.013376	12
11.114239999999999	19
5.269248	9
4.101888	7
9.383936	16
5.283072	9
5.8751999999999995	10
5.292288	9
4.119808	7
7.068671999999999	12
6.4852479999999995	11
7.67104	13
9.449472	16
4.137728	7
5.3245439999999995	9
7.697664	13
2.37056	4
6.524672	11
9.498624	16
7.724288	13
7.730944	13
7.7376	13
6.5528319999999995	11
8.347135999999999	14
4.7738879999999995	8
7.166976	12
5.37984	9
7.179264	12
5.987839999999999	10
5.393663999999999	9
7.797504	13
6.60352	11
4.205824	7
3.6080639999999997	6
6.620416	11
6.02368	10
3.61728	6
4.827135999999999	8
5.435136	9
6.04416	10
3.629568	6
5.44896	9
3.635712	6
7.8840319999999995	13
4.855808	8
5.467391999999999	9
3.6479999999999997	6
6.693632	11
6.09024	10
5.485824	9
4.2703359999999995	7
5.4950399999999995	9
3.05536	5
6.1158399999999995	10
5.508864	9
5.513472	9
4.90496	8
3.6817919999999997	6
7.369727999999999	12
6.761216	11
7.382015999999999	12
5.541119999999999	9
6.161919999999999	10
6.16704	10
3.08608	5
3.706368	6
1.23648	2
7.425024	12
3.7155839999999998	6
6.19776	10
4.342016	7
5.5872	9
4.349184	7
3.10912	5
2.489344	4
2.491392	4
4.98688	8
6.862591999999999	11
3.12192	5
4.999168	8
6.879487999999999	11
5.63328	9
5.637887999999999	9
1.8808319999999998	3
5.647104	9
5.023744	8
6.913279999999999	11
9.43488	15
3.777024	6
3.15008	5
4.413696	7
5.0483199999999995	8
5.052416	8
7.5847679999999995	12
1.2651519999999998	2
4.431616	7
1.9007999999999998	3
9.51168	15
5.076992	8
2.5405439999999997	4
5.085184	8
3.81696	6
8.276736	13
4.460287999999999	7
3.826176	6
3.8292479999999998	6
3.8323199999999997	6
3.8353919999999997	6
5.117952	8
4.4817919999999996	7
4.485376	7
4.48896	7
2.5671679999999997	4
7.065344	11
3.21408	5
5.146624	8
6.4384	10
1.9330559999999999	3
2.579456	4
2.581504	4
4.521216	7
1.2928	2
6.469119999999999	10
5.826816	9
4.535552	7
1.945344	3
5.84064	9
3.24736	5
2.599936	4
3.902976	6
5.859071999999999	9
2.60608	4
7.172352	11
4.567807999999999	7
4.5713919999999995	7
2.6142719999999997	4
4.5785599999999995	7
1.963776	3
3.930624	6
6.556159999999999	10
3.28064	5
5.25312	8
5.257216	8
6.576639999999999	10
3.9490559999999997	6
5.928192	9
1.3184	2
5.937408	9
4.621568	7
8.589568	13
3.967488	6
3.97056	6
3.3113599999999996	5
3.31392	5
3.31648	5
1.327616	2
3.9859199999999997	6
4.653824	7
4.657408	7
4.660991999999999	7
4.664575999999999	7
2.0006399999999998	3
7.341311999999999	11
4.007423999999999	6
6.684159999999999	10
5.351424	8
6.6944	10
4.019712	6
3.3523199999999997	5
3.3548799999999996	5
4.700416	7
2.6879999999999997	4
2.690048	4
4.038144	6
7.4088959999999995	11
4.044288	6
4.72192	7
6.075648	9
3.37792	5
6.76096	10
1.353216	2
4.06272	6
4.743424	7
4.747008	7
4.750592	7
6.7916799999999995	10
3.3983999999999996	5
4.0811519999999994	6
3.40352	5
6.1309439999999995	9
4.7720959999999994	7
3.4112	5
2.7310079999999997	4
2.733056	4
6.1539839999999995	9
4.105728	6
4.1088	6
4.111872	6
8.915712	13
4.804352	7
7.555327999999999	11
6.18624	9
3.4393599999999998	5
5.507072	8
4.133376	6
2.068224	3
5.51936	8
6.213888	9
8.291328	12
1.382912	2
4.151808	6
3.4623999999999997	5
3.46496	5
6.241536	9
4.164096	6
3.4726399999999997	5
4.865279999999999	7
4.868863999999999	7
3.48032	5
4.179456	6
6.273791999999999	9
5.5808	8
4.886784	7
3.49312	5
1.398272	2
4.897536	7
5.60128	8
4.904704	7
6.310656	9
3.50848	5
6.319872	9
3.5136	5
4.219392	6
3.5187199999999996	5
4.929792	7
4.933376	7
5.64224	8
7.763712	11
5.6504319999999995	8
2.120448	3
4.951296	7
7.078399999999999	10
2.833408	4
4.253184	6
4.965631999999999	7
4.969215999999999	7
4.972799999999999	7
4.9763839999999995	7
5.691392	8
2.847744	4
6.412032	9
9.98144	14
2.853888	4
2.855936	4
5.715968	8
6.435072	9
5.7241599999999995	8
3.58016	5
3.5827199999999997	5
3.58528	5
2.870272	4
5.02656	7
5.748736	8
2.876416	4
4.317696	6
3.60064	5
5.04448	7
5.048064	7
4.329984	6
7.943936	11
4.3361279999999995	6
5.062399999999999	7
3.61856	5
7.966463999999999	11
5.7978879999999995	8
6.527232	9
7.2576	10
2.9050879999999997	4
2.907136	4
5.091072	7
6.550272	9
2.18496	3
5.101824	7
8.022784	11
3.6492799999999996	5
8.034048	11
4.38528	6
8.045312	11
5.855232	8
2.197248	3
6.5963519999999995	9
2.93376	4
6.605568	9
1.468928	2
4.4098559999999996	6
5.148416	7
2.944	4
4.419072	6
11.792384	16
7.37536	10
4.428288	6
3.6927999999999996	5
3.69536	5
4.437504	6
5.1806719999999995	7
2.9624319999999997	4
7.4112	10
3.70816	5
5.195008	7
7.426559999999999	10
7.43168	10
8.924159999999999	12
8.930304	12
5.212928	7
5.216512	7
2.982912	4
7.4624	10
5.227264	7
4.483584	6
4.486656	6
1.496576	2
6.739199999999999	9
5.994496	8
6.748416	9
2.251008	3
6.006784	8
4.50816	6
0.751872	1
6.771456	9
5.270271999999999	7
4.520448	6
3.0156799999999997	4
3.017728	4
6.039552	8
3.7772799999999997	5
3.7798399999999996	5
5.29536	7
4.541952	6
6.817536	9
4.548096	6
3.79264	5
6.0723199999999995	8
6.835967999999999	9
6.080512	8
6.084607999999999	8
2.283264	3
1.5231999999999999	2
4.572672	6
1.525248	2
6.868224	9
7.63648	10
3.8207999999999998	5
5.352704	7
3.82592	5
3.82848	5
6.895872	9
3.06688	4
2.3016959999999997	3
8.445184	11
3.0730239999999998	4
5.3813759999999995	7
6.15424	8
3.84896	5
4.621824	6
2.312448	3
8.484608	11
9.26208	12
4.634112	6
5.410048	7
4.640256	6
3.86944	5
6.1952	8
3.0996479999999997	4
0.775424	1
4.655616	6
3.1057919999999997	4
8.54656	11
6.997248	9
4.667904	6
6.227968	8
7.79008	10
7.7951999999999995	10
2.340096	3
5.463807999999999	7
4.686336	6
6.252543999999999	8
2.34624	3
7.043328	9
10.180352	13
3.91808	5
5.4888959999999996	7
3.9232	5
3.92576	5
11.78496	15
4.7170559999999995	6
8.653568	11
4.723199999999999	6
5.513984	7
7.094016	9
1.577472	2
7.89248	10
3.9488	5
4.741632	6
5.535488	7
3.95648	5
4.7508479999999995	6
5.54624	7
2.3784959999999997	3
7.140096	9
3.175424	4
7.149312	9
3.1795199999999997	4
7.158528	9
7.95904	10
7.96416	10
3.9846399999999997	5
6.379519999999999	8
7.1815679999999995	9
7.186176	9
7.190784	9
5.596416	7
9.6	12
12.007679999999999	15
4.00512	5
7.213824	9
8.822528	11
4.0127999999999995	5
8.03072	10
7.232256	9
5.628672	7
5.632256	7
7.24608	9
8.861951999999999	11
5.643008	7
12.099839999999999	15
6.457344	8
7.26912	9
11.314688	14
8.08704	10
10.519808	13
3.238912	4
1.62048	2
8.918272	11
7.301375999999999	9
8.117759999999999	10
3.249152	4
6.5024	8
8.946432	11
6.510592	8
8.957696	11
4.889088	6
9.78432	12
9.790464	12
8.980224	11
5.718272	7
8.991488	11
7.36128	9
4.09216	5
6.551552	8
11.472384	14
11.479552	14
8.204799999999999	10
6.5679359999999996	8
9.858048	12
8.22016	10
6.580223999999999	8
10.69952	13
4.11776	5
6.592511999999999	8
4.122879999999999	5
5.775615999999999	7
4.128	5
6.608896	8
4.959744	6
5.7899519999999995	7
2.482944	3
9.10976	11
6.629376	8
6.633471999999999	8
1.659392	2
8.30208	10
3.32288	4
10.806016	13
7.485696	9
4.993536	6
7.494911999999999	9
8.332799999999999	10
10.839296	13
5.840128	7
8.34816	10
9.188608	11
5.01504	6
6.690816	8
7.531776	9
5.024255999999999	6
5.865215999999999	7
4.192	5
9.228031999999999	11
7.554816	9
11.759103999999999	14
6.723584	8
4.2048	5
5.048832	6
4.209919999999999	5
7.582464	9
8.43008	10
5.90464	7
10.128383999999999	12
12.66816	15
12.675839999999999	15
5.073408	6
3.3843199999999998	4
14.392064	17
10.165248	12
5.933312	7
5.936896	7
8.4864	10
9.340672	11
6.797312	8
6.8014079999999995	8
9.357567999999999	11
9.363199999999999	11
11.072256	13
3.408896	4
7.674624	9
8.53248	10
7.68384	9
9.396992	11
5.9834879999999995	7
7.697664	9
7.702272	9
6.85056	8
6.854655999999999	8
9.430784	11
7.720704	9
7.725312	9
8.588799999999999	10
12.031488	14
7.739135999999999	9
6.883328	8
14.635776	17
8.6144	10
5.171711999999999	6
8.62464	10
6.903808	8
6.044416	7
9.504	11
10.374144	12
14.705407999999998	17
6.924288	8
15.588864	18
8.6656	10
9.537792	11
6.940671999999999	8
10.417152	12
8.68608	10
6.0838399999999995	7
8.69632	10
6.961151999999999	8
12.189184	14
13.938687999999999	16
10.46016	12
8.721919999999999	10
10.472448	12
13.098239999999999	15
6.116096	7
9.61664	11
10.497024	12
9.627904	11
13.13664	15
8.76288	10
13.152	15
7.018496	8
4.38912	5
8.78336	10
10.546175999999999	12
10.55232	12
5.2792319999999995	6
6.162687999999999	7
10.570751999999999	12
13.221119999999999	15
8.8192	10
8.82432	10
13.244159999999999	15
6.1841919999999995	7
7.955711999999999	9
9.72928	11
9.734912	11
7.084032	8
10.632192	12
13.29792	15
14.192639999999999	16
7.100416	8
16.873216	19
4.44288	5
7.112704	8
7.1168	8
7.120896	8
8.90624	10
6.237952	7
3.566592	4
9.81376	11
11.604735999999999	13
7.145472	8
8.043263999999999	9
8.942079999999999	10
11.631359999999999	13
6.266623999999999	7
8.95744	10
6.273791999999999	7
4.48384	5
11.66464	13
5.3867519999999995	6
10.779648	12
5.3928959999999995	6
5.395968	6
3.59936	4
4.50176	5
8.107776	9
9.01376	10
12.626432	14
11.7312	13
9.029119999999999	10
9.034239999999999	10
7.231488	8
12.662272	14
9.0496	10
6.338304	7
3.623936	4
9.971456	11
9.070079999999999	10
9.075199999999999	10
7.264256	8
10.902528	12
9.999616	11
8.186112	9
12.741119999999999	14
8.195328	9
6.377727999999999	7
5.469696	6
10.945535999999999	12
9.1264	10
9.13152	10
10.963968	12
5.485056	6
8.232192	9
12.8128	14
5.494272	6
12.827136	14
6.417152	7
5.503488	6
4.5888	5
6.427904	7
11.025407999999999	12
12.870144	14
8.278272	9
11.04384	12
13.812479999999999	15
8.292095999999999	9
6.452992	7
6.456576	7
6.46016	7
8.310528	9
3.695616	4
9.244159999999999	10
6.474495999999999	7
8.32896	9
8.333568	9
6.4852479999999995	7
6.4888319999999995	7
7.419904	8
5.568	6
6.499584	7
9.290239999999999	10
4.647679999999999	5
5.5802879999999995	6
6.51392	7
8.379648	9
6.521088	7
6.524672	7
11.191296	12
2.79936	3
4.668159999999999	5
5.604864	6
7.4772479999999995	8
9.35168	10
6.54976	7
8.425728	9
4.68352	5
6.560512	7
5.626367999999999	6
5.62944	6
9.38752	10
7.514112	8
7.518208	8
7.522304	8
7.5264	8
5.647872	6
4.7091199999999995	5
9.423359999999999	10
5.657088	6
5.660159999999999	6
8.494848	9
4.72192	5
3.779584	4
3.7816319999999997	4
3.78368	4
4.7321599999999995	5
6.628608	7
8.527104	9
7.583743999999999	8
5.69088	6
5.6939519999999995	6
5.697024	6
8.550144	9
2.851584	3
5.706239999999999	6
3.806208	4
8.568576	9
6.668031999999999	7
5.718528	6
8.5824	9
2.862336	3
8.591616	9
6.6859519999999995	7
3.8225919999999998	4
5.73696	6
5.740031999999999	6
7.657471999999999	8
9.57696	10
5.749248	6
4.7936	5
4.7961599999999995	5
3.8389759999999997	4
7.682048	8
4.80384	5
5.7676799999999995	6
2.885376	3
5.773823999999999	6
5.776896	6
3.853312	4
7.710719999999999	8
11.572224	12
1.9297279999999999	2
3.8615039999999996	4
2.897664	3
5.7984	6
0.966912	1
2.902272	3
3.8717439999999996	4
4.842239999999999	5
4.8448	5
2.908416	3
3.879936	4
2.911488	3
3.884032	4
5.82912	6
3.888128	4
2.917632	3
5.838336	6
2.9207039999999997	3
3.89632	4
1.9491839999999998	2
3.900416	4
3.9024639999999997	4
2.928384	3
5.85984	6
3.9086079999999996	4
2.932992	3
6.847232	7
8.808192	9
2.9375999999999998	3
5.878272	6
5.8813439999999995	6
2.942208	3
0.981248	1
1.96352	2
3.9290879999999997	4
1.966592	2
6.8866559999999994	7
4.9216	5
2.954496	3
3.941376	4
4.929279999999999	5
4.931839999999999	5
2.9606399999999997	3
1.9747839999999999	2
4.93952	5
2.965248	3
2.966784	3
1.97888	2
3.9598079999999998	4
2.971392	3
2.972928	3
2.9744639999999998	3
3.968	4
0.992512	1
3.9720959999999996	4
3.974144	4
2.982144	3
3.97824	4
6.965503999999999	7
6.969087999999999	7
3.984384	4
7.9728639999999995	8
0.99712	1
4.98816	5
1.9962879999999998	2
2.995968	3
2.9975039999999997	3
1.9993599999999998	2
2.001408	2
6.010368	6
4.00896	4
3.008256	3
3.009792	3
4.015104	4
2.0085759999999997	2
4.0192	4
2.010624	2
3.0174719999999997	3
4.025344	4
3.0205439999999997	3
2.01472	2
8.062975999999999	8
6.050304	6
6.053376	6
3.028224	3
2.01984	2
5.05216	5
1.010944	1
6.0687359999999995	6
8.095744	8
4.04992	4
3.038976	3
4.054016	4
5.07008	5
3.043584	3
8.12032	8
7.108864	7
4.064255999999999	4
3.0512639999999998	3
5.088	5
3.0543359999999997	3
2.037248	2
2.038272	2
4.0785919999999996	4
2.04032	2
2.041344	2
1.0211839999999999	1
2.043392	2
4.088832	4
4.090879999999999	4
3.069696	3
5.11872	5
4.097024	4
4.099072	4
2.05056	2
3.078912	3
3.080448	3
3.081984	3
6.16704	6
2.056704	2
2.057728	2
4.117503999999999	4
2.059776	2
3.0911999999999997	3
4.123648	4
2.062848	2
1.031936	1
6.194687999999999	6
3.09888	3
1.033472	1
2.067968	2
3.103488	3
1.035008	1
2.07104	2
3.1080959999999997	3
5.18272	5
1.037056	1
3.112704	3
3.1142399999999997	3
1.038592	1
5.19552	5
5.19808	5
1.040128	1
4.16256	4
2.0823039999999997	2
5.20832	5
3.126528	3
1.042688	1
2.0864	2
1.043712	1
3.132672	3
1.0447359999999999	1
2.090496	2
4.18304	4
3.138816	3
1.046784	1
3.141888	3
3.143424	3
2.09664	2
3.147264	3
4.200448	4
9.460224	9
4.20864	4
5.2659199999999995	5
6.325247999999999	6
6.331392	6
6.337536	6
5.2863999999999995	5
2.116608	2
4.237312	4
8.482816	8
7.429632	7
2.1248	2
4.253696	4
6.3866879999999995	6
7.458304	7
2.1329919999999998	2
6.40512	6
1.068544	1
3.208704	3
5.3529599999999995	5
3.214848	3
2.14528	2
9.662975999999999	9
3.224064	3
4.302848	4
2.153472	2
5.3888	5
5.39392	5
3.2394239999999996	3
6.484992	6
4.327424	4
3.24864	3
4.335616	4
3.254784	3
4.343808	4
3.260928	3
1.0879999999999999	1
4.356096	4
3.2701439999999997	3
2.182144	2
2.184192	2
5.465599999999999	5
7.659008	7
2.190336	2
8.769536	8
6.583296	6
3.29472	3
6.595584	6
6.601728	6
5.51168	5
2.210816	2
7.745024	7
1.107456	1
1.10848	1
4.438016	4
2.221056	2
3.334656	3
1.112576	1
5.568	5
4.458496	4
4.462592	4
4.4666879999999995	4
3.353088	3
3.35616	3
3.359232	3
2.243584	2
2.245632	2
5.619199999999999	5
5.62432	5
2.251776	2
3.3807359999999997	3
3.3838079999999997	3
4.51584	4
3.3899519999999996	3
3.393024	3
2.264064	2
3.399168	3
6.80448	6
1.135104	1
1.136128	1
4.548608	4
3.414528	3
2.2784	2
4.560896	4
1.141248	1
6.853631999999999	6
3.429888	3
4.57728	4
1.145344	1
2.292736	2
2.294784	2
2.2968319999999998	2
1.14944	1
3.451392	3
1.1514879999999998	1
2.305024	2
2.30912	2
2.3132159999999997	2
2.315264	2
2.317312	2
1.160704	1
1.1617279999999999	1
2.325504	2
4.655104	4
1.1648	1
4.663296	4
2.3336959999999998	2
5.83936	5
1.168896	1
3.50976	3
2.341888	2
2.343936	2
1.172992	1
4.696064	4
2.3500799999999997	2
3.5281919999999998	3
3.5312639999999997	3
1.178112	1
3.5404799999999996	3
2.362368	2
1.182208	1
2.3664639999999997	2
3.552768	3
1.18528	1
3.558912	3
1.187328	1
4.753407999999999	4
2.378752	2
3.5711999999999997	3
2.384896	2
2.3869439999999997	2
4.777984	4
1.196544	1
2.3971839999999998	2
2.4033279999999997	2
1.204736	1
3.61728	3
1.2067839999999999	1
3.626496	3
2.419712	2
3.63264	3
1.2119039999999999	1
3.638784	3
1.214976	1
3.6479999999999997	3
3.6510719999999997	3
2.436096	2
2.4401919999999997	2
2.44224	2
2.444288	2
1.223168	1
1.224192	1
2.4504319999999997	2
3.6817919999999997	3
6.14656	5
3.6910079999999996	3
2.46272	2
2.464768	2
2.4668159999999997	2
2.4709119999999998	2
1.23648	1
1.2385279999999999	1
1.240576	1
2.485248	2
1.245696	1
3.74016	3
1.249792	1
5.003264	4
2.505728	2
1.253888	1
2.5139199999999997	2
2.515968	2
1.260032	1
2.522112	2
2.5241599999999997	2
1.263104	1
2.536448	2
1.269248	1
1.27232	1
2.5507839999999997	2
1.276416	1
1.278464	1
1.2805119999999999	1
2.563072	2
1.2835839999999998	1
3.853824	3
1.289728	1
1.291776	1
2.5856	2
1.295872	1
1.296896	1
1.2989439999999999	1
1.304064	1
1.305088	1
1.3071359999999999	1
1.30816	1
1.311232	1
1.3122559999999999	1
1.3173759999999999	1
1.32352	1
1.327616	1
2.659328	2
2.6613759999999997	2
2.669568	2
1.3358079999999999	1
1.337856	1
1.340928	1
1.342976	1
1.345024	1
1.353216	1
1.358336	1
1.360384	1
1.3624319999999999	1
1.36448	1
1.3675519999999999	1
2.737152	2
1.3706239999999998	1
1.371648	1
1.372672	1
1.37472	1
1.382912	1
1.387008	1
1.393152	1
2.794496	2
1.4023679999999998	1
2.8088319999999998	2
1.409536	1
2.823168	2
1.418752	1
1.423872	1
1.428992	1
1.433088	1
1.437184	1
1.4392319999999998	1
1.440256	1
1.442304	1
1.4464	1
1.447424	1
1.4576639999999998	1
1.46176	1
1.473024	1
1.47712	1
1.4812159999999999	1
1.483264	1
1.48736	1
4.4897279999999995	3
1.5027199999999998	1
1.505792	1
1.510912	1
1.5129599999999999	1
1.5180799999999999	1
1.524224	1
1.5344639999999998	1
1.53856	1
1.547776	1
1.5528959999999998	1
3.11808	2
1.560064	1
1.561088	1
1.5631359999999999	1
1.5713279999999998	1
1.575424	1
1.5764479999999998	1
1.588736	1
3.1897599999999997	2
1.598976	1
1.606144	1
1.607168	1
1.6081919999999998	1
1.611264	1
1.617408	1
1.624576	1
1.6256	1
1.63072	1
1.633792	1
1.6368639999999999	1
1.6399359999999998	1
1.6481279999999998	1
1.686016	1
1.6952319999999999	1
1.7187839999999999	1
1.7320959999999999	1
1.78944	1
1.7986559999999998	1
1.806848	1
1.8457599999999998	1
1.868288	1
1.903104	1
1.9041279999999998	1
1.926656	1
1.936896	1
1.976832	1
2.027008	1
2.08128	1
2.108416	1
2.1125119999999997	1
2.173952	1
2.190336	1
2.198528	1
2.270208	1
2.405376	1
2.4340479999999998	1
2.446336	1
2.45248	1
2.4606719999999997	1
2.5343999999999998	1
2.6408959999999997	1
2.64704	1
2.6675199999999997	1
2.673664	1
2.7412479999999997	1
2.812928	1
2.950144	1
3.023872	1
3.040256	1
3.1057919999999997	1
3.2962559999999996	1
3.378176	1
3.689472	1
4.082688	1
4.137983999999999	1
4.160512	1
4.191231999999999	1
4.331519999999999	1
4.544512	1
4.74112	1
4.777984	1
4.909056	1
5.0483199999999995	1
5.310464	1
5.502975999999999	1
5.687296	1
6.088704	1
6.633471999999999	1
7.3216	1
7.694336	1
7.923711999999999	1
7.944191999999999	1
8.974336	1
9.170944	1
9.293823999999999	1
9.498624	1
10.317824	1
10.571776	1
17.571839999999998	1
18.866176	1
27.631615999999998	1
28.205056	1
28.254208	1
28.79488	1
28.844032	1
29.073407999999997	1
29.20448	1
29.876223999999997	1
30.449664	1
30.466047999999997	1
30.59712	1
30.744576	1
30.875647999999998	1
31.58016	1
40.353792	1
46.645247999999995	1
50.577408	1
51.003392	1
55.78752	1
57.163776	1
57.393152	1
57.851904	1
58.933248	1
59.031552	1
59.162623999999994	1
59.523072	1
59.654143999999995	1
59.785216	1
60.178432	1
60.276736	1
60.309504	1
60.342271999999994	1
121.14329599999999	2
121.208832	2
60.637184	1
60.70272	1
60.735488	1
60.768255999999994	1
60.964864	1
61.19424	1
61.259775999999995	1
61.423615999999996	1
62.734336	1
64.700416	1
65.02809599999999	1
75.661312	1
75.85792	1
