0.390272	1
0.7841279999999999	2
0.393856	1
0.394624	1
0.395904	1
0.39667199999999997	1
0.397696	1
0.39948799999999995	1
0.399744	1
0.401536	1
0.80512	2
0.403072	1
0.403584	1
0.40384	1
0.404352	1
0.40460799999999997	1
0.40512	1
0.40537599999999996	1
0.406144	1
0.4064	1
0.407424	1
0.40793599999999997	1
0.816384	2
0.408448	1
0.409728	1
0.40998399999999996	1
0.41024	1
0.821504	2
0.411008	1
0.41126399999999996	1
0.411776	1
0.41203199999999995	1
0.412288	1
0.413056	1
0.827136	2
0.41382399999999997	1
0.82816	2
0.414336	1
0.83072	2
0.415616	1
1.6634879999999999	4
0.832256	2
1.249152	3
0.41663999999999995	1
0.41715199999999997	1
0.835328	2
1.255296	3
0.418944	1
1.2576	3
0.838912	2
1.260672	3
0.8409599999999999	2
0.841472	2
0.841984	2
0.421504	1
1.26528	3
1.2660479999999998	3
0.844544	2
0.8450559999999999	2
0.422784	1
0.846592	2
1.270656	3
1.2714239999999999	3
1.696256	4
1.2729599999999999	3
1.273728	3
1.2744959999999999	3
0.8501759999999999	2
1.7024	4
0.42585599999999996	1
0.42636799999999997	1
1.279872	3
0.42688	1
1.7085439999999998	4
2.1382399999999997	5
1.283712	3
2.1408	5
0.8568319999999999	2
2.14336	5
0.857856	2
0.8583679999999999	2
0.42969599999999997	1
0.429952	1
0.860416	2
1.2913919999999999	3
2.1536	5
1.2929279999999999	3
1.293696	3
1.295232	3
0.864	2
0.864512	2
1.298304	3
1.299072	3
1.73312	4
1.734144	4
1.3013759999999999	3
1.302144	3
2.17152	5
0.86912	2
0.869632	2
1.305216	3
2.17664	5
1.7423359999999999	4
1.74336	4
1.744384	4
0.43635199999999996	1
1.746432	4
1.747456	4
2.18688	5
0.43763199999999997	1
0.437888	1
0.438144	1
0.8767999999999999	2
1.315968	3
1.316736	3
0.878336	2
2.6365439999999998	6
1.7587199999999998	4
1.3198079999999999	3
1.320576	3
1.3213439999999999	3
1.762816	4
0.44095999999999996	1
0.882432	2
2.20736	5
0.8834559999999999	2
2.20992	5
0.8844799999999999	2
1.327488	3
0.885504	2
2.21504	5
0.886528	2
1.33056	3
1.775104	4
1.332096	3
1.7771519999999998	4
0.889088	2
1.3344	3
1.780224	4
1.781248	4
1.336704	3
0.891648	2
2.6764799999999997	6
3.124352	7
0.893184	2
2.681088	6
3.129728	7
1.78944	4
0.8952319999999999	2
1.343616	3
0.8962559999999999	2
0.448384	1
0.89728	2
1.7955839999999998	4
3.1440639999999997	7
0.898816	2
2.24832	5
1.3497599999999998	3
2.25088	5
2.25216	5
1.352064	3
1.8037759999999998	4
1.3536	3
3.160192	7
0.451712	1
1.355904	3
3.165568	7
2.2624	5
4.52736	10
1.358976	3
2.26624	5
2.2675199999999998	5
0.90752	2
1.816064	4
2.27136	5
2.727168	6
1.8191359999999999	4
1.82016	4
0.910592	2
0.45555199999999996	1
1.367424	3
1.8242559999999999	4
2.2816	5
2.7394559999999997	6
0.45683199999999996	1
0.914176	2
2.28672	5
1.8304	4
1.373568	3
1.374336	3
3.208576	7
0.917248	2
2.2944	5
0.918272	2
1.8375679999999999	4
0.919296	2
2.7594239999999997	6
2.76096	6
0.920832	2
1.8426879999999999	4
0.921856	2
2.30592	5
0.9228799999999999	2
3.693568	8
0.461952	1
2.3110399999999998	5
1.387392	3
1.8508799999999999	4
3.2408319999999997	7
3.2426239999999997	7
0.9269759999999999	2
1.391232	3
2.784	6
2.32128	5
2.7870719999999998	6
0.46476799999999996	1
2.32512	5
1.39584	3
1.3966079999999998	3
1.863168	4
4.194432	9
0.466304	1
2.3327999999999998	5
1.8672639999999998	4
1.868288	4
1.8693119999999999	4
1.870336	4
1.87136	4
2.34176	5
0.9372159999999999	2
1.875456	4
4.691199999999999	10
1.8775039999999998	4
2.34816	5
1.879552	4
3.2910079999999997	7
3.7632	8
0.9413119999999999	2
0.470912	1
1.4135039999999999	3
1.8856959999999998	4
3.77344	8
1.415808	3
3.305344	7
1.889792	4
2.36352	5
2.83776	6
0.9464319999999999	2
1.893888	4
1.894912	4
1.4219519999999999	3
1.42272	3
2.37248	5
0.47475199999999995	1
2.8500479999999997	6
1.425792	3
0.47552	1
0.951552	2
1.428096	3
1.905152	4
1.9061759999999999	4
1.9072	4
1.908224	4
1.4319359999999999	3
1.432704	3
2.8669439999999997	6
1.91232	4
2.8700159999999997	6
1.435776	3
2.873088	6
1.437312	3
1.43808	3
3.357312	7
0.9597439999999999	2
2.8807679999999998	6
3.362688	7
3.36448	7
0.961792	2
3.8492159999999997	8
0.962816	2
1.4449919999999998	3
2.89152	6
1.928704	4
2.41216	5
1.448064	3
1.448832	3
2.8992	6
2.9007359999999998	6
2.41856	5
3.8717439999999996	8
2.905344	6
2.9068799999999997	6
2.9099519999999997	6
0.48524799999999996	1
2.42752	5
2.4288	5
4.374143999999999	9
2.917632	6
2.4326399999999997	5
2.43392	5
1.94816	4
2.9237759999999997	6
2.43776	5
3.9024639999999997	8
0.488064	1
3.41824	7
1.9543039999999998	4
1.466496	3
2.934528	6
1.957376	4
2.448	5
1.469568	3
2.45056	5
1.471104	3
0.981248	2
1.96352	4
1.9645439999999998	4
0.982784	2
2.45824	5
1.9676159999999998	4
0.98432	2
3.9393279999999997	8
1.478016	3
0.492928	1
1.479552	3
3.94752	8
2.962176	6
4.445568	9
3.459456	7
1.483392	3
1.48416	3
2.969856	6
1.485696	3
2.972928	6
2.9744639999999998	6
2.976	6
3.473792	7
0.9930239999999999	2
0.993536	2
4.9702399999999995	10
2.9836799999999997	6
1.492608	3
1.9911679999999998	4
1.992192	4
2.989824	6
1.99424	4
1.496448	3
1.9962879999999998	4
0.499328	1
3.4970879999999998	7
0.9996799999999999	2
3.0005759999999997	6
3.002112	6
2.50304	5
2.50432	5
2.00448	4
4.0110079999999995	8
1.504896	3
2.007552	4
3.515008	7
3.0143999999999997	6
2.51328	5
2.51456	5
3.019008	6
3.0205439999999997	6
2.5183999999999997	5
2.5196799999999997	5
1.512576	3
2.017792	4
1.0094079999999999	2
2.5248	5
2.020864	4
2.021888	4
3.5400959999999997	7
1.517952	3
0.50624	1
4.051968	8
1.5202559999999998	3
4.563072	9
2.0290559999999997	4
2.03008	4
3.046656	6
1.524096	3
1.524864	3
3.0512639999999998	6
2.0352	4
3.563392	7
2.54656	5
1.019136	2
1.0196479999999999	2
2.04032	4
2.5516799999999997	5
2.0423679999999997	4
3.575936	7
6.133248	12
2.5568	5
1.534848	3
1.5356159999999999	3
1.536384	3
2.049536	4
3.07584	6
2.56448	5
2.0526079999999998	4
1.026816	2
3.5956479999999997	7
6.16704	12
3.5992319999999998	7
1.543296	3
3.602816	7
4.119552	8
3.0911999999999997	6
3.608192	7
2.57856	5
1.547904	3
0.516224	1
5.68128	11
0.516736	1
1.550976	3
2.0689919999999997	4
4.140032	8
3.62432	7
2.072064	4
3.627904	7
3.629696	7
0.518784	1
4.15232	8
4.154368	8
3.6368639999999997	7
1.0396159999999999	2
2.60032	5
2.08128	4
2.0823039999999997	4
2.083328	4
2.085376	4
2.0864	4
3.652992	7
5.22112	10
4.1789439999999995	8
3.135744	6
4.18304	8
3.138816	6
2.6169599999999997	5
4.712832	9
3.143424	6
4.19328	8
6.819071999999999	13
7.350784	14
5.25568	10
5.78688	11
5.792511999999999	11
3.1626239999999997	6
7.9142399999999995	15
2.1125119999999997	4
6.34368	12
7.9372799999999994	15
6.355968	12
6.362112	12
7.960319999999999	15
6.3744	12
9.039104	17
6.918912	13
5.8600959999999995	11
11.731456	22
4.80384	9
6.945536	13
9.626112	18
11.241216	21
8.572928	16
8.58112	16
6.441984	12
7.522816	14
3.764992	7
3.768576	7
5.92768	11
3.2363519999999997	6
6.478847999999999	12
5.40416	10
8.11392	15
7.580159999999999	14
5.4195199999999994	10
6.509568	12
10.316544	19
7.608832	14
8.16	15
5.44512	10
5.45024	10
5.45536	10
7.644672	14
6.01216	11
9.847296	18
8.213759999999999	15
7.673343999999999	14
6.583296	12
7.687679999999999	14
6.045952	11
8.802304	16
7.709184	14
7.165184	13
7.1718399999999995	13
9.387264	17
5.5270399999999995	10
8.851455999999999	16
6.644736	12
7.20512	13
7.766527999999999	14
4.442112	8
8.33664	15
10.013183999999999	18
10.5792	19
6.130432	11
8.925184	16
10.608384	19
8.941568	16
8.3904	15
8.957951999999999	16
10.647295999999999	19
6.730752	12
4.491264	8
8.99072	16
5.061888	9
10.695936	19
6.198016	11
10.715392	19
6.773759999999999	12
10.169856	18
7.351552	13
6.226176	11
6.798336	12
7.371519999999999	13
6.243072	11
5.6806399999999995	10
11.37152	20
7.398143999999999	13
7.974399999999999	14
6.2712319999999995	11
7.418112	13
11.42272	20
6.859776	12
10.298879999999999	18
6.872064	12
10.317312	18
5.163264	9
7.464703999999999	13
6.3219199999999995	11
9.778944	17
7.484672	13
6.915071999999999	12
9.228288	16
9.81376	17
11.55584	20
7.517951999999999	13
7.524608	13
6.372608	11
5.7984	10
6.383871999999999	11
9.874687999999999	17
9.302016	16
6.400767999999999	11
7.571199999999999	13
7.577856	13
9.334783999999999	16
6.423296	11
8.76672	15
4.679679999999999	8
8.782079999999999	15
7.617792	13
9.970431999999999	17
8.805119999999999	15
7.637759999999999	13
6.468351999999999	11
9.416704	16
7.068671999999999	12
5.306112	9
10.03136	17
8.268288	14
10.048767999999999	17
8.282624	14
7.105536	12
10.07488	17
5.93152	10
6.530304	11
7.130112	12
9.515008	16
5.3568	9
6.5528319999999995	11
7.154687999999999	12
6.564095999999999	11
10.153215999999999	17
13.748479999999999	23
8.974079999999999	15
7.784192	13
9.588735999999999	16
4.798464	8
7.20384	12
10.214144	17
6.01344	10
10.833408	18
6.626048	11
6.631679999999999	11
7.240704	12
6.03904	10
7.252992	12
6.654208	11
7.26528	12
5.453568	9
8.490496	14
8.497664	14
5.467391999999999	9
4.864	8
7.302143999999999	12
7.917312	13
5.485824	9
7.930624	13
7.32672	12
6.11072	10
11.008512	18
13.466111999999999	22
4.288256	7
7.3574399999999995	12
8.590848	14
8.598016	14
7.375871999999999	12
6.15168	10
6.1568	10
2.464768	4
3.08352	5
9.875456	16
7.412736	12
2.47296	4
4.950016	8
3.7155839999999998	6
2.479104	4
5.582592	9
3.7247999999999997	6
4.349184	7
1.2436479999999999	2
8.090368	13
4.982784	8
4.98688	8
4.990976	8
4.3706879999999995	7
6.248959999999999	10
5.003264	8
3.1296	5
9.39648	15
3.7616639999999997	6
2.509824	4
9.41952	15
6.2848	10
5.660928	9
5.036032	8
6.9301759999999994	11
5.044224	8
5.67936	9
6.315519999999999	10
7.5847679999999995	12
4.428032	7
1.266176	2
6.9696	11
5.072896	8
3.17312	5
5.081087999999999	8
3.1782399999999997	5
4.45312	7
4.456704	7
4.460287999999999	7
4.463871999999999	7
5.105664	8
4.4710399999999995	7
6.39232	10
7.037184	11
7.042815999999999	11
5.766912	9
3.84768	6
2.5671679999999997	4
1.284608	2
1.2856319999999999	2
3.859968	6
6.4384	10
1.2887039999999998	2
2.579456	4
3.22688	5
4.521216	7
2.5856	4
1.2938239999999999	2
5.826816	9
5.831424	9
3.890688	6
3.89376	6
4.546304	7
1.949952	3
4.553472	7
5.859071999999999	9
5.21216	8
3.9121919999999997	6
5.872896	9
1.959168	3
5.882111999999999	9
3.2704	5
5.236736	8
6.5510399999999995	10
3.933696	6
1.968384	3
6.5664	10
5.914368	9
5.261311999999999	8
3.29088	5
2.6347519999999998	4
5.932799999999999	9
2.638848	4
1.980672	3
3.964416	6
3.967488	6
5.955839999999999	9
5.9604479999999995	9
3.31392	5
3.9797759999999998	6
7.301888	11
6.643199999999999	10
5.318656	8
3.9920639999999996	6
7.324415999999999	11
5.330944	8
4.0012799999999995	6
2.669568	4
8.682751999999999	13
1.336832	2
3.34464	5
4.01664	6
4.019712	6
2.011392	3
2.012928	3
5.371904	8
3.36	5
7.397632	11
1.346048	2
2.694144	4
1.348096	2
8.094719999999999	12
2.025216	3
4.729088	7
4.056576	6
3.38304	5
3.3855999999999997	5
4.065792	6
3.39072	5
6.1079039999999996	9
2.0375039999999998	3
1.35936	2
2.720768	4
3.40352	5
4.768511999999999	7
1.363456	2
2.72896	4
2.7310079999999997	4
4.7828479999999995	7
2.7351039999999998	4
6.158592	9
5.4784	8
4.111872	6
0.685824	1
5.490688	8
3.43424	5
3.4368	5
2.7514879999999997	4
5.507072	8
6.200063999999999	9
3.44704	5
4.82944	7
4.833024	7
3.45472	5
2.765824	4
6.2277119999999995	9
4.1548799999999995	6
7.6229119999999995	11
4.161023999999999	6
2.082048	3
4.167168	6
2.78016	4
3.47776	5
3.48032	5
6.269184	9
4.182528	6
5.5808	8
4.886784	7
4.890368	7
3.4956799999999997	5
4.897536	7
5.60128	8
2.802688	4
4.207104	6
6.315264	9
4.915456	7
3.5136	5
4.219392	6
2.8149759999999997	4
4.225536	6
2.819072	4
4.93696	7
6.3521279999999996	9
4.944128	7
4.240896	6
8.487936	12
4.24704	6
2.833408	4
3.54432	5
5.675008	8
2.839552	4
5.683199999999999	8
5.687296	8
3.55712	5
5.695488	8
5.699584	8
3.5648	5
5.707776	8
3.5699199999999998	5
5.715968	8
2.860032	4
2.14656	3
1.432064	2
7.881983999999999	11
8.604671999999999	12
5.740544	8
4.308479999999999	6
2.155776	3
7.910144	11
2.8784639999999997	4
2.160384	3
7.92704	11
2.163456	3
5.773312	8
5.055232	7
6.504192	9
5.062399999999999	7
10.85568	15
5.793792	8
7.972096	11
7.252479999999999	10
3.6288	5
2.178816	3
5.814272	8
6.5456639999999995	9
2.911232	4
6.55488	9
9.474815999999999	13
7.2934399999999995	10
5.108992	7
2.921472	4
5.84704	8
2.9255679999999997	4
4.391424	6
3.66208	5
3.66464	5
5.86752	8
7.339519999999999	10
5.141248	7
7.34976	10
5.883903999999999	8
4.4159999999999995	6
7.365119999999999	10
5.896192	8
5.900288	8
4.428288	6
6.64704	9
8.868864	12
5.1770879999999995	7
3.7004799999999998	5
2.221824	3
3.7056	5
4.4497919999999995	6
5.195008	7
6.683904	9
1.4863359999999999	2
2.97472	4
5.209344	7
5.212928	7
5.961728	8
7.45728	10
5.22368	7
3.7337599999999997	5
2.9890559999999997	4
3.73888	5
6.734592	9
8.236799999999999	11
6.743808	9
8.248064	11
7.50336	10
9.761023999999999	13
3.7567999999999997	5
4.511232	6
6.0190719999999995	8
6.023168	8
8.287488	11
3.7695999999999996	5
8.298752	11
3.77472	5
6.043648	8
3.023872	4
4.53888	6
4.541952	6
7.5750399999999996	10
6.064127999999999	8
7.58528	10
4.55424	6
3.79776	5
5.320448	7
7.60576	10
9.894143999999999	13
5.3312	7
3.048448	4
5.338368	7
3.0525439999999997	4
4.581888	6
4.58496	6
4.588032	6
6.121472	8
12.251135999999999	16
6.129664	8
4.60032	6
4.6033919999999995	6
5.374207999999999	7
4.609535999999999	6
3.075072	4
4.61568	6
4.618752	6
9.243648	12
6.166528	8
6.941952	9
5.40288	7
10.040576	13
7.7286399999999995	10
3.093504	4
3.86944	5
8.5184	11
6.1992959999999995	8
3.101696	4
3.87968	5
5.435136	7
3.10784	4
9.329664	12
5.445888	7
7.006463999999999	9
4.674048	6
7.01568	9
6.240256	8
3.90272	5
4.686336	6
6.252543999999999	8
7.820799999999999	10
5.4781439999999995	7
2.349312	3
3.134464	4
7.841279999999999	10
4.70784	6
7.066368	9
7.070976	9
6.289408	8
9.440256	12
5.5104	7
3.150848	4
7.094016	9
7.887359999999999	10
7.89248	10
5.52832	7
9.483264	12
3.9539199999999997	5
3.165184	4
7.126271999999999	9
3.9616	5
3.9641599999999997	5
7.93344	10
6.350848	8
6.354944	8
3.9743999999999997	5
10.340095999999999	13
5.571327999999999	7
7.167744	9
5.5784959999999995	7
5.5820799999999995	7
7.97952	10
3.99232	5
4.793856	6
3.197952	4
4.8	6
2.4015359999999997	3
6.408192	8
6.412287999999999	8
2.406144	3
4.0127999999999995	5
7.227647999999999	9
12.857344	16
4.8245759999999995	6
4.02304	5
1.61024	2
8.861951999999999	11
9.673727999999999	12
5.646592	7
7.264512	9
4.84608	6
4.04096	5
7.2783359999999995	9
4.855296	6
5.668095999999999	7
2.43072	3
4.05376	5
5.6788479999999995	7
3.2471039999999998	4
2.436864	3
8.128	10
8.13312	10
7.324415999999999	9
12.21504	15
4.889088	6
2.44608	3
7.342848	9
6.531072	8
3.267584	4
7.356672	9
4.0896	5
6.5474559999999995	8
11.465216	14
3.277824	4
2.459904	3
6.56384	8
3.2839679999999998	4
7.393536	9
5.754112	7
7.4027519999999996	9
9.05344	11
5.764863999999999	7
3.2962559999999996	4
6.596608	8
8.25088	10
6.6048	8
9.087232	11
6.612991999999999	8
3.308544	4
8.27648	10
9.93792	12
1.657344	2
7.462656	9
11.615744	14
9.962496	12
7.47648	9
5.818624	7
9.980927999999999	12
7.490304	9
4.996608	6
12.4992	15
3.335168	4
6.6744319999999995	8
8.34816	10
9.188608	11
3.3433599999999997	4
6.690816	8
8.36864	10
4.1868799999999995	5
6.703104	8
9.2224	11
11.744767999999999	14
10.912512	13
7.559424	9
9.244928	11
9.25056	11
6.731776	8
8.419839999999999	10
5.897472	7
6.744064	8
9.27872	11
8.44032	10
10.979072	13
5.915392	7
8.45568	10
5.92256	7
9.312512	11
7.623936	9
8.47616	10
5.088768	6
14.426879999999999	17
4.24576	5
9.346304	11
16.153344	19
5.104127999999999	6
7.6608	9
3.4068479999999997	4
6.817792	8
5.969151999999999	7
13.651968	16
3.41504	4
8.54272	10
5.128704	6
10.263551999999999	12
12.837119999999999	15
5.99424	7
10.281984	12
5.144064	6
6.862848	8
7.725312	9
11.16544	13
4.2969599999999994	5
8.59904	10
10.324992	12
5.1655679999999995	6
6.03008	7
9.481472	11
10.349568	12
17.25952	20
8.634879999999999	10
10.368	12
6.051584	7
2.595072	3
9.520895999999999	11
13.856767999999999	16
6.065919999999999	7
8.67072	10
6.940671999999999	8
6.076671999999999	7
10.423295999999999	12
6.0838399999999995	7
11.305216	13
9.571584	11
12.189184	14
10.454016	12
10.46016	12
11.338496	13
5.236224	6
6.112512	7
11.358464	13
6.11968	7
3.499008	4
9.627904	11
11.385088	13
8.76288	10
12.2752	14
8.77312	10
7.900416	9
10.540032	12
14.940415999999999	17
14.949119999999999	17
5.2792319999999995	6
14.086143999999999	16
4.4044799999999995	5
7.051264	8
9.70112	11
9.706752	11
9.712384	11
3.5338239999999996	4
7.955711999999999	9
11.49824	13
9.734912	11
8.855039999999999	10
6.202112	7
7.092224	8
8.8704	10
7.100416	8
9.768704	11
11.551487999999999	13
10.669056	12
12.4544	14
6.230784	7
5.343744	6
9.802496	11
10.699776	12
10.705919999999999	12
7.141375999999999	8
7.145472	8
10.724352	12
9.836288	11
11.631359999999999	13
3.5809279999999997	4
6.270207999999999	7
8.96256	10
10.761216	12
10.76736	12
4.48896	5
8.983039999999999	10
12.583423999999999	14
12.590592	14
11.69792	13
12.604928	14
5.405183999999999	6
11.717888	13
7.215103999999999	8
9.9264	11
8.126208	9
8.130816	9
4.51968	5
6.331136	7
8.144639999999999	9
9.05472	10
15.401727999999999	17
8.158464	9
8.163072	9
5.448192	6
6.359808	7
9.999616	11
8.186112	9
9.1008	10
6.374143999999999	7
4.55552	5
5.469696	6
8.209152	9
6.3884799999999995	7
7.305216	8
11.877632	13
9.14176	10
6.402816	7
10.9824	12
8.241408	9
4.581119999999999	5
6.417152	7
6.420736	7
10.09536	11
10.100992	11
6.431488	7
4.59648	5
3.679232	4
6.44224	7
5.524992	6
6.449408	7
8.296704	9
5.534208	6
9.2288	10
2.7701759999999997	3
4.61952	5
5.546495999999999	6
10.174208	11
6.478079999999999	7
7.407616	8
8.338175999999999	9
3.7079039999999996	4
7.419904	8
7.4239999999999995	8
3.714048	4
11.148287999999999	12
5.577216	6
5.5802879999999995	6
4.6528	5
6.517504	7
6.521088	7
5.592575999999999	6
8.393472	9
8.39808	9
8.402688	9
10.275584	11
6.542592	7
3.740672	4
7.48544	8
3.7447679999999997	4
6.556928	7
3.7488639999999998	4
6.564095999999999	7
2.81472	3
6.571263999999999	7
4.69632	5
3.759104	4
9.40288	10
5.6448	6
4.70656	5
6.5927679999999995	7
10.365696	11
7.542783999999999	8
5.660159999999999	6
2.831616	3
5.666303999999999	6
6.614272	7
3.7816319999999997	4
6.62144	7
6.625024	7
10.416383999999999	11
8.527104	9
3.7918719999999997	4
2.84544	3
1.897984	2
5.697024	6
1.900032	2
2.851584	3
4.755199999999999	5
1.903104	2
1.9041279999999998	2
6.668031999999999	7
3.8123519999999997	4
3.8144	4
2.862336	3
5.7277439999999995	6
6.6859519999999995	7
4.778239999999999	5
3.82464	4
0.956672	1
5.743104	6
6.703872	7
7.665664	8
4.7936	5
4.7961599999999995	5
7.677951999999999	8
3.841024	4
3.843072	4
6.72896	7
2.885376	3
3.8492159999999997	4
2.888448	3
0.963328	1
1.9276799999999998	2
5.789184	6
5.792256	6
5.795328	6
6.764799999999999	7
4.83456	5
2.902272	3
2.9038079999999997	3
3.873792	4
5.813759999999999	6
5.816832	6
1.939968	2
1.9409919999999998	2
0.971008	1
5.82912	6
3.888128	4
4.8627199999999995	5
1.9461119999999998	2
0.973568	1
3.8983679999999996	4
4.87552	5
4.88064	5
5.85984	6
2.931456	3
2.932992	3
4.89088	5
3.914752	4
3.9168	4
6.857984	7
3.920896	4
3.924992	4
9.817599999999999	10
0.9822719999999999	1
0.982784	1
3.933184	4
3.9352319999999996	4
5.90592	6
1.9696639999999999	2
4.929279999999999	5
2.959104	3
4.9344	5
2.962176	3
3.951616	4
4.94208	5
0.9889279999999999	1
2.96832	3
1.9799039999999999	2
0.9904639999999999	1
2.972928	3
2.9744639999999998	3
1.984	2
2.9775359999999997	3
4.96512	5
2.9806079999999997	3
0.9940479999999999	1
0.99456	1
1.990144	2
4.97792	5
3.984384	4
0.9966079999999999	1
1.99424	2
4.98816	5
2.9944319999999998	3
3.994624	4
1.998336	2
1.9993599999999998	2
1.000192	1
1.000704	1
3.0036479999999997	3
3.005184	3
1.00224	1
2.0055039999999997	2
2.006528	2
6.022656	6
1.0042879999999998	1
1.0048	1
3.015936	3
5.02912	5
5.03168	5
1.00736	1
2.0157439999999998	2
4.033536	4
2.017792	2
1.0094079999999999	1
1.00992	1
4.041728	4
3.032832	3
3.0343679999999997	3
2.023936	2
2.025984	2
1.013504	1
1.0145279999999999	1
2.03008	2
2.031104	2
1.0160639999999999	1
2.033152	2
6.1025279999999995	6
3.0528	3
2.036224	2
3.055872	3
1.019136	1
2.0392959999999998	2
3.0604799999999996	3
1.020672	1
1.0211839999999999	1
2.043392	2
1.0227199999999999	1
1.023232	1
1.023744	1
4.097024	4
1.024768	1
4.10112	4
1.0263039999999999	1
3.080448	3
2.054656	2
3.08352	3
3.085056	3
1.028864	1
2.0587519999999997	2
2.059776	2
3.0911999999999997	3
1.030912	1
1.031424	1
2.063872	2
2.064896	2
3.09888	3
3.100416	3
2.067968	2
3.103488	3
2.070016	2
4.14208	4
2.072064	2
1.036544	1
2.074112	2
1.037568	1
2.07616	2
1.038592	1
3.1173119999999996	3
1.0396159999999999	1
3.120384	3
3.12192	3
1.0411519999999999	1
1.041664	1
3.126528	3
1.042688	1
2.0864	2
1.043712	1
1.044224	1
1.0447359999999999	1
5.22624	5
1.04576	1
2.0925439999999997	2
1.046784	1
2.09664	2
2.100224	2
2.1022719999999997	2
3.1564799999999997	3
2.106368	2
8.433664	8
5.27616	5
5.28128	5
7.4009599999999995	7
2.116608	2
3.181056	3
1.0613759999999999	1
2.1248	2
1.063424	1
2.128896	2
3.1964159999999997	3
2.1329919999999998	2
4.274176	4
2.1391359999999997	2
4.282368	4
3.214848	3
1.073664	1
2.151424	2
3.2302079999999997	3
3.2332799999999997	3
3.2363519999999997	3
5.399039999999999	5
1.080832	1
1.081856	1
3.251712	3
3.254784	3
2.171904	2
1.086976	1
3.264	3
3.2670719999999998	3
1.090048	1
1.091072	1
2.184192	2
1.0931199999999999	1
1.094144	1
5.47584	5
1.096192	1
1.097216	1
3.297792	3
2.200576	2
1.1013119999999998	1
2.204672	2
1.10336	1
3.3131519999999997	3
3.316224	3
1.1064319999999999	1
2.214912	2
1.10848	1
2.219008	2
4.442112	4
1.112576	1
1.115648	1
1.117696	1
3.35616	3
3.359232	3
1.120768	1
2.245632	2
1.12384	1
1.1248639999999999	1
1.125888	1
2.255872	2
2.25792	2
2.2599679999999998	2
1.131008	1
2.264064	2
1.1330559999999998	1
1.135104	1
2.272256	2
1.137152	1
2.2784	2
2.282496	2
2.28864	2
1.145344	1
2.292736	2
1.14944	1
2.300928	2
1.152512	1
3.4606079999999997	3
1.15456	1
1.157632	1
1.158656	1
1.160704	1
1.1617279999999999	1
1.162752	1
1.1648	1
1.165824	1
1.1668479999999999	1
1.171968	1
1.179136	1
1.1832319999999998	1
1.184256	1
1.18528	1
1.191424	1
1.1934719999999999	1
1.194496	1
1.19552	1
1.199616	1
1.20064	1
1.202688	1
1.218048	1
1.224192	1
1.228288	1
1.2416	1
1.266176	1
3.856896	3
1.28768	1
1.305088	1
1.309184	1
1.310208	1
1.347072	1
1.3952	1
1.414656	1
1.4156799999999998	1
1.419776	1
1.4207999999999998	1
1.430016	1
1.4464	1
1.455616	1
1.4679039999999999	1
1.4894079999999998	1
1.522176	1
1.5313919999999999	1
1.53856	1
1.55392	1
1.556992	1
1.5580159999999998	1
1.56928	1
1.596928	1
1.5979519999999998	1
1.617408	1
1.6215039999999998	1
1.632768	1
1.64608	1
1.7003519999999999	1
1.706496	1
1.807872	1
1.816064	1
1.88672	1
3.8922239999999997	2
1.950208	1
2.0024319999999998	1
2.038272	1
2.075136	1
2.20672	1
2.2231039999999997	1
2.2784	1
2.30912	1
2.321408	1
2.511872	1
2.5507839999999997	1
2.812928	1
2.91328	1
2.98496	1
2.991104	1
3.0259199999999997	1
3.0730239999999998	1
3.1999999999999997	1
3.376128	1
3.546112	1
3.5973119999999996	1
3.6853759999999998	1
3.77344	1
3.933184	1
4.117503999999999	1
4.306944	1
4.405247999999999	1
4.409344	1
4.421632	1
4.642816	1
4.9418239999999996	1
5.8511359999999994	1
5.855232	1
6.023168	1
6.068224	1
6.551552	1
6.8014079999999995	1
6.8956159999999995	1
14.200832	2
8.206336	1
8.851455999999999	1
8.916992	1
12.333056	1
13.381632	1
14.200832	1
19.12832	1
22.847488	1
23.158784	1
23.699455999999998	1
25.583616	1
25.632768	1
26.484735999999998	1
26.550272	1
26.632192	1
26.861568	1
27.058176	1
27.15648	1
27.877375999999998	1
29.581311999999997	1
29.810688	1
29.94176	1
30.449664	1
30.482432	1
30.810112	1
30.924799999999998	1
31.236096	1
53.362688	1
55.885824	1
58.179584	1
59.588608	1
60.276736	1
60.440576	1
60.70272	1
60.899328	1
60.932095999999994	1
71.13932799999999	1
88.57190399999999	1
0.393856	1
0.394624	1
0.395904	1
0.796928	2
0.402816	1
0.403584	1
0.40384	1
0.405632	1
0.406144	1
0.813824	2
0.816384	2
0.409728	1
0.40998399999999996	1
0.41024	1
0.410752	1
0.41126399999999996	1
0.41152	1
0.411776	1
0.41203199999999995	1
0.412288	1
0.413568	1
0.41382399999999997	1
0.41536	1
0.415616	1
0.8317439999999999	2
0.832768	2
0.41663999999999995	1
0.416896	1
0.417408	1
0.417664	1
0.418176	1
1.255296	3
0.418688	1
0.8383999999999999	2
0.419456	1
0.419712	1
0.419968	1
0.420224	1
0.8409599999999999	2
0.841472	2
0.841984	2
1.263744	3
0.421504	1
0.42175999999999997	1
1.2660479999999998	3
0.422272	1
0.845568	2
0.8460799999999999	2
1.269888	3
0.423552	1
0.8476159999999999	2
0.42457599999999995	1
0.849664	2
1.275264	3
1.701376	4
0.8512	2
0.8517119999999999	2
0.426112	1
0.42636799999999997	1
0.85376	2
0.8542719999999999	2
0.854784	2
1.2829439999999999	3
2.567424	6
1.7136639999999999	4
0.428672	1
0.857856	2
0.8583679999999999	2
1.71776	4
0.8593919999999999	2
0.429952	1
0.430208	1
1.2913919999999999	3
1.29216	3
0.862464	2
1.2944639999999998	3
0.43174399999999996	1
0.864	2
0.864512	2
0.865024	2
0.865536	2
0.43302399999999996	1
1.2998399999999999	3
0.433536	1
1.3013759999999999	3
2.604288	6
1.3029119999999998	3
0.43456	1
0.434816	1
2.17536	5
0.43558399999999997	1
0.87168	2
0.872192	2
0.43635199999999996	1
1.3098239999999999	3
0.436864	1
0.8742399999999999	2
0.874752	2
1.3128959999999998	3
0.875776	2
1.752576	4
0.43839999999999996	1
0.8778239999999999	2
1.317504	3
0.439424	1
0.8793599999999999	2
1.759744	4
1.320576	3
0.440448	1
0.440704	1
2.2048	5
2.20608	5
2.20736	5
0.8834559999999999	2
1.325952	3
2.2112	5
3.982464	9
0.885504	2
2.21504	5
1.3297919999999999	3
1.3313279999999998	3
2.22144	5
2.22272	5
1.3344	3
1.335168	3
2.22656	5
1.336704	3
2.22912	5
2.2304	5
0.44633599999999996	1
2.6795519999999997	6
1.7873919999999999	4
0.894208	2
1.34208	3
1.7904639999999998	4
1.343616	3
2.24064	5
0.448384	1
0.44889599999999996	1
1.796608	4
0.898816	2
3.147648	7
0.89984	2
1.350528	3
1.801728	4
3.154816	7
1.352832	3
2.7072	6
2.708736	6
2.2585599999999997	5
2.25984	5
0.45222399999999996	1
1.35744	3
0.9054719999999999	2
0.905984	2
2.26624	5
2.2675199999999998	5
2.72256	6
0.908032	2
0.45427199999999995	1
2.27264	5
1.364352	3
2.73024	6
0.455296	1
2.27776	5
1.823232	4
1.8242559999999999	4
2.2816	5
2.7394559999999997	6
2.28416	5
3.656704	8
1.372032	3
1.3728	3
0.457856	1
0.45811199999999996	1
2.7502079999999998	6
1.375872	3
1.3766399999999999	3
1.377408	3
1.3781759999999998	3
2.29824	5
1.3797119999999998	3
0.46015999999999996	1
1.381248	3
0.46067199999999997	1
0.460928	1
2.30592	5
2.3072	5
0.923392	2
0.923904	2
0.9244159999999999	2
0.462464	1
1.3881599999999998	3
2.31488	5
3.2426239999999997	7
2.31744	5
2.782464	6
1.392	3
0.928512	2
2.3225599999999997	5
1.394304	3
0.930048	2
0.9305599999999999	2
2.7932159999999997	6
0.931584	2
1.3981439999999998	3
0.932608	2
1.39968	3
0.46681599999999995	1
0.934144	2
3.273088	7
0.46784	1
1.404288	3
1.4050559999999999	3
0.46860799999999997	1
1.4065919999999998	3
2.3455999999999997	5
0.9387519999999999	2
1.878528	4
0.939776	2
2.35072	5
2.8224	6
2.35328	5
1.412736	3
0.942336	2
4.2428159999999995	9
1.4150399999999999	3
1.415808	3
1.888768	4
0.944896	2
0.47270399999999996	1
3.31072	7
2.3660799999999997	5
0.946944	2
0.473728	1
1.4219519999999999	3
2.84544	6
1.897984	4
2.37376	5
0.475008	1
2.851584	6
1.4265599999999998	3
2.37888	5
1.428096	3
2.857728	6
0.9530879999999999	2
2.8608	6
0.954112	2
0.47731199999999996	1
2.3878399999999997	5
1.4334719999999999	3
2.86848	6
1.913344	4
2.871552	6
1.436544	3
3.353728	7
1.43808	3
2.3980799999999998	5
2.879232	6
1.4403839999999999	3
1.441152	3
1.9225599999999998	4
0.480896	1
0.9623039999999999	2
1.925632	4
1.4449919999999998	3
0.9638399999999999	2
3.375232	7
1.9297279999999999	4
1.448064	3
2.41472	5
1.4496	3
1.4503679999999999	3
1.451136	3
2.9038079999999997	6
2.4211199999999997	5
3.3913599999999997	7
0.484736	1
2.42496	5
1.9409919999999998	4
1.456512	3
0.48575999999999997	1
0.486016	1
0.972544	2
0.48652799999999996	1
1.4603519999999999	3
1.94816	4
3.8983679999999996	8
2.43776	5
0.48780799999999996	1
0.976128	2
2.92992	6
5.374336	11
2.932992	6
2.934528	6
2.44672	5
1.9584	4
2.44928	5
0.980224	2
2.942208	6
2.9437439999999997	6
1.96352	4
1.9645439999999998	4
1.474176	3
0.983296	2
3.4433279999999997	7
2.4608	5
0.49241599999999996	1
2.956032	6
2.4646399999999997	5
1.479552	3
1.97376	4
2.962176	6
1.975808	4
0.988416	2
1.9778559999999998	4
1.97888	4
1.484928	3
1.9809279999999998	4
2.47744	5
2.9744639999999998	6
1.488	3
0.496256	1
0.49651199999999995	1
2.48384	5
1.9880959999999999	4
0.99456	2
3.980288	8
6.471296	13
1.992192	4
2.49152	5
2.4928	5
1.995264	4
0.9981439999999999	2
3.4952959999999997	7
0.999168	2
4.500864	9
1.000704	2
1.5018239999999998	3
1.502592	3
2.00448	4
2.5068799999999998	5
2.5081599999999997	5
1.505664	3
1.0042879999999998	2
4.0192	8
2.010624	4
1.005824	2
1.006336	2
3.0205439999999997	6
3.023616	6
5.04192	10
3.531136	7
2.0188159999999997	4
3.02976	6
0.505216	1
1.516416	3
3.5400959999999997	7
5.565824	11
2.5311999999999997	5
2.025984	4
2.027008	4
2.53504	5
2.0290559999999997	4
2.03008	4
2.031104	4
2.5401599999999998	5
3.558016	7
1.5256319999999999	3
2.0352	4
3.0543359999999997	6
1.018624	2
3.0574079999999997	6
1.529472	3
2.04032	4
2.041344	4
1.0211839999999999	2
0.510848	1
3.577728	7
4.60224	9
3.069696	6
3.0712319999999997	6
1.536384	3
4.6114559999999996	9
2.5631999999999997	5
3.0773759999999997	6
2.56576	5
4.620672	9
3.081984	6
5.1392	10
3.085056	6
1.543296	3
2.0587519999999997	4
2.5747199999999997	5
1.5455999999999999	3
3.608192	7
1.5471359999999998	3
2.57984	5
2.064896	4
3.09888	6
2.5836799999999998	5
1.033984	2
2.58624	5
2.58752	5
2.07104	4
3.626112	7
3.109632	6
3.1111679999999997	6
3.112704	6
3.1142399999999997	6
3.6350719999999996	7
2.0792319999999997	4
2.080256	4
3.6422399999999997	7
7.80864	15
2.60416	5
2.084352	4
3.1280639999999997	6
1.5648	3
2.60928	5
3.654784	7
4.1789439999999995	8
3.135744	6
2.6144	5
4.1850879999999995	8
2.6169599999999997	5
3.141888	6
3.667328	7
3.66912	7
7.343616	14
5.775615999999999	11
4.730112	9
6.3129599999999995	12
8.425472	16
7.90656	15
6.859007999999999	13
5.28128	10
4.22912	8
7.408128	14
10.59328	20
5.831936	11
2.65344	5
6.9056	13
4.785407999999999	9
4.257792	8
8.523776	16
6.398975999999999	12
5.87136	11
5.8769919999999995	11
9.626112	18
3.7470719999999997	7
6.429696	12
5.3632	10
6.441984	12
5.910784	11
8.06784	15
3.768576	7
4.84992	9
4.854528	9
5.399039999999999	10
7.025408	13
6.491136	12
7.03872	13
9.213184	17
7.5944959999999995	14
5.972735999999999	11
6.521856	12
6.528	12
8.167679999999999	15
6.540287999999999	12
4.9098239999999995	9
7.644672	14
6.01216	11
4.923648	9
10.404096	19
9.865727999999999	18
6.583296	12
11.531519999999999	21
6.595584	12
4.401152	8
4.405247999999999	8
5.51168	10
7.72352	14
10.491648	19
7.1851519999999995	13
5.53216	10
8.859648	16
4.43392	8
6.657024	12
7.218432	13
7.2250879999999995	13
6.119168	11
11.136	20
10.031616	18
10.598656	19
5.58336	10
6.147328	11
8.3904	15
7.2783359999999995	13
5.60384	10
5.60896	10
7.859712	14
7.866879999999999	14
4.4994559999999995	8
7.3182719999999994	13
6.7614719999999995	12
8.45952	15
7.33824	13
10.734848	19
8.48256	15
12.452352	22
4.532223999999999	8
7.93856	14
8.51328	15
8.520959999999999	15
3.411456	6
6.259968	11
9.1136	16
3.9907839999999997	7
6.276864	11
7.9959039999999995	14
9.718016	17
9.15456	16
7.444736	13
8.024576	14
6.310656	11
9.761536	17
10.34496	18
9.203712	16
7.484672	13
9.220096	16
8.074752	14
10.39104	18
7.511296	13
9.831168	17
10.418688	18
12.165887999999999	21
8.117759999999999	14
5.80352	10
5.2277759999999995	9
11.627519999999999	20
11.63776	20
7.571199999999999	13
9.326592	16
8.75136	15
8.759039999999999	15
9.351168	16
8.7744	15
8.196608	14
11.133695999999999	19
8.79744	15
12.914176	22
9.98784	17
7.0563839999999995	12
10.005248	17
7.657728	13
4.716544	8
8.26112	14
10.040064	17
8.275456	14
6.507776	11
11.250432	19
10.07488	17
7.117824	12
8.311296	14
9.506815999999999	16
8.325631999999999	14
10.7136	18
8.339967999999999	14
11.924479999999999	20
9.547775999999999	16
5.375232	9
6.57536	11
7.777536	13
8.382976	14
5.99296	10
9.596928	16
6.60352	11
7.2099839999999995	12
8.418816	14
7.824128	13
8.433152	14
7.23456	12
7.240704	12
11.474176	19
7.252992	12
6.654208	11
9.68704	16
6.665471999999999	11
6.06464	10
5.462784	9
5.467391999999999	9
7.904	13
9.736191999999999	16
6.699263999999999	11
5.485824	9
11.590912	19
9.1584	15
7.332864	12
10.396927999999999	17
4.896768	8
7.351296	12
6.1312	10
6.7499519999999995	11
6.755584	11
10.449152	17
9.842687999999999	16
6.77248	11
11.707647999999999	19
8.017152	13
0.617216	1
3.706368	6
7.41888	12
4.331264	7
4.334848	7
8.057088	13
4.342016	7
10.5536	17
1.8639359999999998	3
7.461888	12
7.468032	12
7.474176	12
8.727039999999999	14
5.614847999999999	9
8.741375999999999	14
7.498752	12
5.003264	8
6.2592	10
10.022912	16
6.2694399999999995	10
4.392192	7
5.023744	8
7.54176	12
5.660928	9
3.1475199999999997	5
4.410112	7
8.196864	13
12.6208	20
6.315519999999999	10
5.688575999999999	9
5.693184	9
3.7985279999999997	6
6.335999999999999	10
6.34112	10
5.711615999999999	9
5.081087999999999	8
4.449536	7
6.9977599999999995	11
7.640064	12
7.646208	12
8.290047999999999	13
5.105664	8
3.1936	5
3.19616	5
4.4782079999999995	7
5.1220479999999995	8
7.048448	11
7.05408	11
4.492544	7
7.065344	11
5.1425279999999995	8
8.363264	13
4.50688	7
4.510464	7
4.514048	7
5.163008	8
4.521216	7
2.5856	4
3.2345599999999997	5
4.531968	7
2.591744	4
7.781376	12
4.54272	7
8.443135999999999	13
4.549888	7
4.553472	7
5.208063999999999	8
3.2576	5
8.476416	13
5.872896	9
4.5713919999999995	7
3.921408	6
1.96224	3
3.927552	6
2.620416	4
7.867392	12
1.968384	3
5.25312	8
6.57152	10
5.261311999999999	8
5.923584	9
4.610816	7
3.9551999999999996	6
3.958272	6
5.942016	9
5.285888	8
5.289984	8
3.97056	6
3.3113599999999996	5
5.302271999999999	8
3.31648	5
3.9828479999999997	6
3.9859199999999997	6
2.659328	4
4.657408	7
5.326848	8
4.664575999999999	7
2.6675199999999997	4
2.002176	3
5.3432319999999995	8
1.336832	2
6.68928	10
4.01664	6
4.019712	6
2.681856	4
4.025856	6
6.71488	10
5.3759999999999994	8
4.0350719999999995	6
2.019072	3
2.694144	4
3.37024	5
4.047359999999999	6
3.3753599999999997	5
3.37792	5
2.7043839999999997	4
5.412864	8
2.7084799999999998	4
6.098688	9
4.747008	7
6.1079039999999996	9
0.679168	1
2.03904	3
2.720768	4
3.40352	5
4.768511999999999	7
2.726912	4
1.36448	2
4.096512	6
4.099584	6
7.521535999999999	11
7.527168	11
1.3696	2
4.797184	7
2.0574719999999997	3
5.490688	8
4.807936	7
2.74944	4
4.127232	6
3.4419199999999996	5
2.066688	3
5.515264	8
2.75968	4
2.071296	3
4.145664	6
1.382912	2
4.151808	6
1.38496	2
2.078976	3
4.161023999999999	6
8.328192	12
3.4726399999999997	5
4.865279999999999	7
6.259968	9
4.8724479999999994	7
5.572608	8
2.7883519999999997	4
3.488	5
5.584896	8
5.588992	8
3.4956799999999997	5
4.897536	7
4.90112	7
2.102016	3
2.8047359999999997	4
2.806784	4
4.915456	7
3.5136	5
2.812928	4
3.5187199999999996	5
3.52128	5
2.819072	4
4.23168	6
6.3521279999999996	9
2.118912	3
9.895424	14
4.243968	6
2.8313599999999997	4
2.833408	4
3.54432	5
4.965631999999999	7
2.129664	3
4.972799999999999	7
7.10912	10
2.1342719999999997	3
4.271616	6
3.5622399999999996	5
2.13888	3
3.56736	5
0.713984	1
6.430464	9
4.290048	6
2.14656	3
2.148096	3
2.866176	4
0.7170559999999999	1
3.58784	5
2.8723199999999998	4
2.155776	3
4.314624	6
3.59808	5
2.880512	4
3.6031999999999997	5
5.048064	7
3.60832	5
5.055232	7
5.781504	8
3.6159999999999997	5
5.065983999999999	7
3.62112	5
5.7978879999999995	8
2.175744	3
5.0803199999999995	7
2.178816	3
5.087488	7
2.181888	3
2.911232	4
1.45664	2
2.9153279999999997	4
5.834752	8
4.379136	6
4.382207999999999	6
5.11616	7
3.6569599999999998	5
1.463808	2
1.464832	2
2.9317119999999997	4
2.93376	4
5.8716159999999995	8
2.203392	3
2.939904	4
3.67744	5
3.6799999999999997	5
3.6825599999999996	5
3.68512	5
5.900288	8
3.6902399999999997	5
1.47712	2
6.651648	9
1.479168	2
3.7004799999999998	5
5.1842559999999995	7
5.18784	7
5.191424	7
5.937151999999999	8
2.2279679999999997	3
5.202176	7
4.462079999999999	6
7.44192	10
1.4894079999999998	2
2.980864	4
3.72864	5
5.22368	7
4.480512	6
4.483584	6
5.982208	8
3.74144	5
4.4928	6
4.495871999999999	6
5.248768	7
3.001344	4
5.255936	7
3.7567999999999997	5
5.263103999999999	7
6.771456	9
6.023168	8
3.013632	4
4.5235199999999995	6
3.017728	4
2.2648319999999997	3
3.7772799999999997	5
5.291776	7
4.53888	6
4.541952	6
6.060032	8
4.548096	6
3.79264	5
3.0361599999999997	4
6.835967999999999	9
3.8003199999999997	5
3.80288	5
3.80544	5
4.569599999999999	6
2.286336	3
6.100992	8
3.0525439999999997	4
5.345536	7
5.352704	7
4.591104	6
3.0627839999999997	4
6.129664	8
5.367039999999999	7
6.137855999999999	8
8.445184	11
6.914304	9
5.3813759999999995	7
5.3849599999999995	7
7.69792	10
6.162432	8
2.312448	3
3.085312	4
6.17472	8
5.406464	7
6.182912	8
2.320128	3
3.86944	5
5.4208	7
6.1992959999999995	8
2.326272	3
9.311232	12
5.435136	7
1.55392	2
1.5549439999999999	2
3.88992	5
4.670976	6
6.232063999999999	8
4.6771199999999995	6
7.020288	9
7.024896	9
7.029503999999999	9
7.8156799999999995	10
4.69248	6
0.782592	1
7.047936	9
6.268928	8
7.057151999999999	9
4.70784	6
9.421823999999999	12
4.713984	6
3.9308799999999997	5
5.506816	7
3.1488	4
6.301696	8
7.8822399999999995	10
9.464832	12
3.94624	5
6.31808	8
2.370816	3
4.744704	6
3.165184	4
6.334464	8
7.130879999999999	9
3.9641599999999997	5
3.1733759999999998	4
2.3815679999999997	3
4.766208	6
7.153919999999999	9
5.567743999999999	7
1.591808	2
4.778496	6
5.5784959999999995	7
3.9871999999999996	5
4.787712	6
5.5892479999999995	7
3.1959039999999996	4
10.393343999999999	13
12.799999999999999	16
2.4015359999999997	3
5.607168	7
4.809216	6
3.208192	4
4.0127999999999995	5
4.01536	5
8.03584	10
4.8245759999999995	6
4.02304	5
4.8307199999999995	6
3.222528	4
4.03072	5
2.419968	3
4.843008	6
6.46144	8
5.657344	7
4.852224	6
9.710592	12
1.619456	2
7.29216	9
3.2430079999999997	4
2.433792	3
6.4942079999999995	8
8.12288	10
1.6256	2
5.693184	7
5.696768	7
7.3290239999999995	9
6.518784	8
3.26144	4
4.079359999999999	5
4.08192	5
2.450688	3
2.4522239999999997	3
1.63584	2
9.002752	11
11.465216	14
5.736192	7
8.199679999999999	10
5.74336	7
6.5679359999999996	8
10.679552	13
4.932096	6
5.757696	7
6.58432	8
7.411968	9
7.416576	9
3.298304	4
10.726144	13
9.0816	11
6.608896	8
6.612991999999999	8
4.13568	5
4.965888	6
4.1408	5
10.772736	13
1.6583679999999998	2
10.786048	13
6.641664	8
7.47648	9
16.62464	20
8.31744	10
3.329024	4
2.498304	3
4.166399999999999	5
4.16896	5
7.508736	9
8.34816	10
3.341312	4
5.01504	6
4.18176	5
6.6949119999999995	8
6.699008	8
5.027328	6
3.3535999999999997	4
8.38912	10
4.19712	5
9.239296	11
6.723584	8
6.727679999999999	8
5.8903039999999995	7
5.893888	7
5.897472	7
2.5290239999999997	3
7.591679999999999	9
10.128383999999999	12
6.756352	8
5.070336	6
9.301248	11
10.15296	12
9.312512	11
9.318144	11
7.628544	9
3.392512	4
9.33504	11
6.793215999999999	8
6.797312	8
7.651584	9
4.253439999999999	5
10.2144	12
9.368832	11
7.6700159999999995	9
4.26368	5
4.26624	5
12.8064	15
11.105535999999999	13
9.402624	11
5.9870719999999995	7
7.702272	9
2.5689599999999997	3
7.711487999999999	9
7.716095999999999	9
13.725696	16
3.4334719999999996	4
8.588799999999999	10
8.593919999999999	10
10.318848	12
8.60416	10
6.887423999999999	8
12.06016	14
6.033664	7
7.762175999999999	9
9.492735999999999	11
13.815807999999999	16
11.232	13
14.696703999999999	17
10.380288	12
4.32768	5
6.062336	7
5.1993599999999995	6
13.873152	16
13.881343999999999	16
5.208576	6
9.554687999999999	11
11.29856	13
5.217792	6
12.182015999999999	14
13.05984	15
8.71168	10
9.588479999999999	11
8.721919999999999	10
12.217856	14
12.225024	14
9.611008	11
11.36512	13
6.123264	7
7.0021119999999994	8
7.006208	8
7.010304	8
9.6448	11
10.527744	12
7.900416	9
14.053376	16
12.303872	14
4.3968	5
8.79872	10
14.966527999999998	17
8.808959999999999	10
10.576896	12
13.2288	15
9.706752	11
7.063552	8
10.601472	12
10.607616	12
7.960319999999999	9
5.309952	6
10.626047999999999	12
11.518208	13
8.86528	10
4.4352	5
7.100416	8
9.768704	11
12.440064	14
5.334528	6
4.4479999999999995	5
11.571456	13
11.578111999999999	13
9.802496	11
9.808128	11
14.27456	16
7.141375999999999	8
8.93184	10
16.086527999999998	18
8.942079999999999	10
11.631359999999999	13
8.057088	9
7.165952	8
8.066303999999999	9
8.96768	10
8.9728	10
13.46688	15
9.881344	11
11.684607999999999	13
11.691264	13
8.098559999999999	9
9.903872	11
13.51296	15
10.816512	12
7.215103999999999	8
4.512	5
7.2232959999999995	8
11.744512	13
13.55904	15
11.757824	13
9.954559999999999	11
9.960192	11
7.247872	8
6.345472	7
5.442048	6
4.537599999999999	5
8.172288	9
10.902528	12
16.363008	18
13.643519999999999	15
10.01088	11
11.837696	13
2.7333119999999997	3
11.851008	13
8.209152	9
10.03904	11
6.3920639999999995	7
8.222976	9
10.970112	12
8.232192	9
7.3216	8
8.241408	9
9.162239999999999	10
3.666944	4
10.089728	11
13.766399999999999	15
11.019264	12
7.3502719999999995	8
7.354368	8
11.037695999999999	12
9.203199999999999	10
7.366656	8
12.898816	14
9.21856	10
11.068416	12
10.151679999999999	11
13.85088	15
14.782464	16
7.395327999999999	8
9.249279999999999	10
7.403519999999999	8
8.333568	9
9.26464	10
8.342784	9
13.91232	15
5.568	6
6.499584	7
6.503168	7
8.365824	9
4.65024	5
7.4444799999999995	8
3.724288	4
5.589504	6
8.388864	9
8.393472	9
4.6655999999999995	5
11.203584	12
14.01216	15
6.542592	7
4.67584	5
8.42112	9
0.9361919999999999	1
7.493632	8
6.560512	7
12.190463999999999	13
9.382399999999999	10
12.203776	13
10.331904	11
7.518208	8
10.343168	11
10.348799999999999	11
13.178367999999999	14
5.650944	6
3.769344	4
5.657088	6
14.1504	15
7.5509759999999995	8
6.610688	7
12.283648	13
6.617856	7
11.35104	12
2.839296	3
11.363328	12
2.842368	3
11.375615999999999	12
4.7424	5
9.48992	10
2.848512	3
6.650112	7
5.703168	6
7.60832	8
6.660864	7
3.8082559999999996	4
2.857728	3
1.9061759999999999	2
7.6288	8
8.587007999999999	9
3.8184959999999997	4
4.7756799999999995	5
5.733887999999999	6
5.73696	6
2.8700159999999997	3
2.871552	3
2.873088	3
2.874624	3
2.87616	3
4.7961599999999995	5
6.718208	7
4.80128	5
6.725376	7
5.7676799999999995	6
3.847168	4
6.736128	7
6.739712	7
5.779967999999999	6
8.67456	9
5.786112	6
3.8594559999999998	4
5.792256	6
7.727104	8
5.7984	6
7.735296	8
4.83712	5
3.8717439999999996	4
1.936896	2
4.8448	5
2.908416	3
7.759872	8
3.8819839999999997	4
5.826048	6
6.80064	7
4.86016	5
8.752896	9
5.838336	6
6.814976	7
2.92224	3
0.9745919999999999	1
2.925312	3
1.952256	2
1.9543039999999998	2
2.932992	3
1.9563519999999999	2
2.936064	3
2.9375999999999998	3
2.939136	3
7.841792	8
1.9614719999999999	2
2.9437439999999997	3
2.94528	3
6.875903999999999	7
1.965568	2
2.949888	3
3.9352319999999996	4
1.9696639999999999	2
4.9267199999999995	5
4.929279999999999	5
2.959104	3
6.90816	7
5.924352	6
5.927423999999999	6
1.976832	2
3.9557119999999997	4
1.97888	2
3.9598079999999998	4
2.971392	3
2.972928	3
2.9744639999999998	3
3.968	4
1.985024	2
4.96512	5
3.974144	4
0.9940479999999999	1
2.985216	3
1.9911679999999998	2
2.988288	3
0.9966079999999999	1
3.9925759999999997	4
5.9950079999999994	6
1.9993599999999998	2
4.000768	4
2.001408	2
1.0012159999999999	1
4.00896	4
6.016512	6
2.006528	2
5.018879999999999	5
1.0042879999999998	1
1.0048	1
4.021248	4
7.040768	7
2.012672	2
2.013696	2
3.02208	3
6.047232	6
5.04192	5
2.017792	2
2.01984	2
4.043776	4
3.0343679999999997	3
5.0598399999999994	5
4.04992	4
7.0909439999999995	7
6.081023999999999	6
5.07008	5
4.0581119999999995	4
4.06016	4
2.031104	2
2.0321279999999997	2
2.033152	2
2.034176	2
4.0704	4
2.036224	2
1.018624	1
4.076544	4
1.0196479999999999	1
2.041344	2
3.063552	3
2.043392	2
2.044416	2
2.0454399999999997	2
4.092928	4
2.047488	2
2.048512	2
1.024768	1
4.10112	4
2.051584	2
1.0263039999999999	1
3.080448	3
1.0278399999999999	1
1.028864	1
4.117503999999999	4
2.059776	2
4.1216	4
5.15456	5
2.062848	2
2.063872	2
3.0973439999999997	3
6.19776	6
1.033472	1
1.033984	1
1.0344959999999999	1
1.035008	1
1.03552	1
3.1080959999999997	3
1.036544	1
3.1111679999999997	3
2.075136	2
2.07616	2
3.115776	3
2.078208	2
3.118848	3
1.040128	1
5.20576	5
1.041664	1
1.042176	1
1.042688	1
3.1296	3
2.087424	2
4.176896	4
2.0894719999999998	2
3.135744	3
1.0462719999999999	1
3.140352	3
2.0956159999999997	2
2.09664	2
6.294528	6
3.150336	3
5.25568	5
2.10432	2
3.1595519999999997	3
4.216832	4
2.110464	2
5.28128	5
2.11456	2
1.058304	1
10.59328	10
5.30688	5
2.126848	2
2.128896	2
2.130944	2
3.1994879999999997	3
4.27008	4
4.274176	4
5.34784	5
3.214848	3
1.07264	1
2.147328	2
5.3734399999999996	5
3.227136	3
6.4604159999999995	6
3.2332799999999997	3
4.315136	4
4.3192319999999995	4
4.323328	4
3.245568	3
2.1657599999999997	2
2.167808	2
2.171904	2
1.086976	1
2.1759999999999997	2
1.089024	1
1.090048	1
1.091072	1
4.368384	4
2.1862399999999997	2
2.188288	2
3.285504	3
1.096192	1
3.29472	3
2.200576	2
4.405247999999999	4
2.204672	2
2.208768	2
5.5270399999999995	5
1.1064319999999999	1
1.107456	1
3.32544	3
2.219008	2
1.110528	1
2.2272	2
2.229248	2
2.231296	2
1.1166719999999999	1
3.353088	3
4.478975999999999	4
4.483072	4
4.487168	4
2.245632	2
3.37152	3
2.251776	2
1.126912	1
1.127936	1
1.12896	1
2.2599679999999998	2
2.262016	2
2.264064	2
1.13408	1
1.135104	1
1.136128	1
1.137152	1
2.282496	2
1.142272	1
2.28864	2
3.436032	3
1.1484159999999999	1
1.152512	1
1.155584	1
3.472896	3
1.15968	1
2.331648	2
2.3336959999999998	2
1.167872	1
1.1699199999999998	1
1.170944	1
2.343936	2
1.1750399999999999	1
2.354176	2
1.178112	1
2.3603199999999998	2
1.181184	1
1.182208	1
1.186304	1
1.187328	1
1.191424	1
1.192448	1
1.19552	1
1.196544	1
1.20576	1
1.213952	1
1.214976	1
1.216	1
1.218048	1
1.223168	1
1.22624	1
2.47296	2
1.240576	1
1.2436479999999999	1
1.2487679999999999	1
1.259008	1
1.261056	1
1.2805119999999999	1
1.281536	1
2.581504	2
1.29792	1
1.3071359999999999	1
1.30816	1
1.3153279999999998	1
1.3173759999999999	1
1.32352	1
1.3388799999999998	1
1.342976	1
1.346048	1
1.347072	1
1.3573119999999999	1
1.372672	1
1.378816	1
1.388032	1
1.3941759999999999	1
1.396224	1
1.424896	1
1.442304	1
1.455616	1
1.463808	1
1.4679039999999999	1
1.474048	1
1.48224	1
1.483264	1
1.49248	1
1.493504	1
1.4996479999999999	1
1.520128	1
1.5344639999999998	1
1.5365119999999999	1
1.547776	1
3.1365119999999997	2
1.602048	1
1.604096	1
1.612288	1
1.619456	1
1.6665599999999998	1
1.670656	1
1.682944	1
1.694208	1
1.714688	1
1.715712	1
1.7269759999999998	1
1.811968	1
1.893888	1
1.933824	1
1.955328	1
3.9454719999999996	2
2.601984	1
2.72896	1
2.80064	1
3.197952	1
3.3699839999999996	1
3.63008	1
3.869696	1
4.140032	1
4.442112	1
4.4544	1
4.9418239999999996	1
5.052416	1
6.100992	1
6.670336	1
6.9693439999999995	1
6.989824	1
7.407616	1
7.411712	1
7.911423999999999	1
8.001536	1
8.009727999999999	1
8.392704	1
10.326016	1
11.489279999999999	1
18.194432	1
21.389312	1
27.418623999999998	1
27.451392	1
28.778495999999997	1
29.20448	1
29.253632	1
29.2864	1
29.302784	1
58.703872	2
29.384704	1
29.483007999999998	1
30.02368	1
30.35136	1
30.400512	1
30.547967999999997	1
30.629887999999998	1
30.695424	1
61.456384	2
31.023104	1
56.606719999999996	1
56.705023999999995	1
56.770559999999996	1
56.901632	1
57.91744	1
58.146815999999994	1
58.179584	1
59.523072	1
59.686912	1
60.604416	1
60.964864	1
61.128704	1
122.585088	2
83.13241599999999	1
0.7723519999999999	2
0.386432	1
0.7749119999999999	2
0.780544	2
0.39078399999999996	1
0.391296	1
0.7841279999999999	2
0.39411199999999996	1
0.394368	1
0.395904	1
0.399232	1
0.7989759999999999	2
0.399744	1
0.40076799999999996	1
0.401024	1
1.6081919999999998	4
0.402304	1
0.40256	1
0.403072	1
0.40332799999999996	1
0.403584	1
0.40384	1
0.404352	1
0.40460799999999997	1
0.40512	1
0.405632	1
0.40588799999999997	1
0.812288	2
0.8128	2
0.40665599999999996	1
0.406912	1
0.8158719999999999	2
0.816384	2
0.816896	2
0.81792	2
0.40921599999999997	1
0.409472	1
1.229952	3
0.41049599999999997	1
0.8225279999999999	2
0.823552	2
0.412288	1
0.41254399999999997	1
0.8276479999999999	2
0.41408	1
0.414848	1
0.830208	2
0.8317439999999999	2
1.249152	3
0.41663999999999995	1
0.833792	2
0.41715199999999997	1
0.834816	2
1.2529919999999999	3
1.6716799999999998	4
1.2545279999999999	3
0.41843199999999997	1
0.837888	2
1.2576	3
0.839424	2
0.839936	2
0.420224	1
0.420736	1
0.841984	2
0.42124799999999996	1
0.42175999999999997	1
0.8450559999999999	2
0.845568	2
0.42303999999999997	1
1.269888	3
0.8476159999999999	2
0.424064	1
0.84864	2
0.42457599999999995	1
1.2744959999999999	3
1.275264	3
0.4256	1
0.42585599999999996	1
0.42636799999999997	1
0.853248	2
1.70752	4
0.8542719999999999	2
0.427392	1
0.855808	2
0.8568319999999999	2
0.428672	1
0.428928	1
0.8583679999999999	2
1.71776	4
1.289088	3
2.14976	5
1.290624	3
1.7218559999999998	4
0.86144	2
0.8619519999999999	2
0.431488	1
0.43174399999999996	1
0.864	2
1.729024	4
3.460096	8
0.432768	1
0.8660479999999999	2
1.734144	4
0.43379199999999996	1
1.302144	3
1.3029119999999998	3
0.86912	2
0.869632	2
1.7402879999999998	4
0.870656	2
1.306752	3
1.30752	3
0.436096	1
1.309056	3
1.3098239999999999	3
0.436864	1
1.7484799999999998	4
0.437376	1
0.43763199999999997	1
0.875776	2
2.19072	5
1.3152	3
0.877312	2
1.316736	3
1.317504	3
1.757696	4
1.31904	3
1.759744	4
0.8803839999999999	2
0.440448	1
0.881408	2
1.323648	3
2.20736	5
0.8834559999999999	2
1.325952	3
1.32672	3
1.327488	3
1.771008	4
0.8860159999999999	2
1.33056	3
1.775104	4
1.332096	3
0.8885759999999999	2
0.889088	2
4.4479999999999995	10
0.445056	1
2.22656	5
1.7822719999999999	4
0.891648	2
1.78432	4
3.5706879999999996	8
1.786368	4
0.8936959999999999	2
0.894208	2
1.78944	4
0.8952319999999999	2
1.343616	3
1.7925119999999999	4
0.448384	1
1.34592	3
0.8977919999999999	2
1.347456	3
1.3482239999999999	3
0.44966399999999995	1
2.6995199999999997	6
1.350528	3
0.450432	1
3.154816	7
2.25472	5
2.256	5
0.45145599999999997	1
0.903424	2
0.903936	2
1.8088959999999998	4
0.90496	2
0.9054719999999999	2
0.452992	1
1.812992	4
0.45350399999999996	1
1.36128	3
0.908032	2
2.725632	6
0.454528	1
2.728704	6
2.73024	6
1.365888	3
1.3666559999999999	3
2.734848	6
1.8242559999999999	4
0.91264	2
1.826304	4
1.8273279999999998	4
0.914176	2
1.829376	4
0.4576	1
1.373568	3
0.9162239999999999	2
1.3751039999999999	3
2.29312	5
1.377408	3
1.3781759999999998	3
2.757888	6
3.679232	8
2.3007999999999997	5
0.920832	2
2.30336	5
1.382784	3
1.38432	3
1.3850879999999999	3
0.923904	2
2.3110399999999998	5
1.849856	4
2.7763199999999997	6
0.925952	2
1.852928	4
0.46348799999999996	1
2.31872	5
2.32	5
1.392768	3
0.929024	2
1.8590719999999998	4
1.860096	4
2.3264	5
2.32768	5
3.726336	8
1.3981439999999998	3
0.932608	2
2.3327999999999998	5
0.9336319999999999	2
3.269504	7
0.9346559999999999	2
2.805504	6
1.87136	4
2.8101119999999997	6
0.9372159999999999	2
2.8131839999999997	6
2.3455999999999997	5
3.7550079999999997	8
2.34816	5
2.819328	6
4.2312959999999995	9
1.4112	3
4.235904	9
2.3545599999999998	5
2.3558399999999997	5
1.8856959999999998	4
3.30176	7
0.9438719999999999	2
1.4165759999999998	3
5.669376	12
1.8908159999999998	4
1.41888	3
0.47321599999999997	1
2.3673599999999997	5
1.421184	3
2.8439039999999998	6
2.3712	5
4.270464	9
0.47475199999999995	1
2.8500479999999997	6
2.3763199999999998	5
1.903104	4
2.38016	5
2.857728	6
3.3358079999999997	7
1.4304	3
1.431168	3
1.9092479999999998	4
1.910272	4
0.9556479999999999	2
1.43424	3
0.478336	1
1.435776	3
0.957696	2
0.958208	2
0.47935999999999995	1
2.3980799999999998	5
1.439616	3
0.480128	1
1.441152	3
2.4032	5
2.885376	6
0.9623039999999999	2
1.925632	4
3.853312	8
1.9276799999999998	4
1.928704	4
0.9648639999999999	2
1.448064	3
0.965888	2
2.8992	6
1.933824	4
0.483712	1
3.8717439999999996	8
1.452672	3
1.9379199999999999	4
4.362623999999999	9
1.4549759999999998	3
1.9409919999999998	4
1.942016	4
2.91456	6
0.486016	1
1.945088	4
3.405696	7
2.9207039999999997	6
3.40928	7
1.9491839999999998	4
2.925312	6
2.43904	5
2.928384	6
0.97664	2
1.465728	3
1.955328	4
1.9563519999999999	4
1.957376	4
1.9584	4
3.428992	7
2.45056	5
0.9807359999999999	2
3.4343679999999996	7
2.94528	6
1.4734079999999998	3
1.474176	3
1.474944	3
2.45952	5
1.96864	4
2.46208	5
1.971712	4
1.9727359999999998	4
1.4803199999999999	3
0.49369599999999997	1
0.493952	1
3.459456	7
1.483392	3
1.97888	4
3.464832	7
1.9809279999999998	4
1.981952	4
2.9744639999999998	6
1.488	3
0.992512	2
3.475584	7
2.9806079999999997	6
1.491072	3
3.48096	7
1.990144	4
1.493376	3
1.494144	3
2.989824	6
1.49568	3
1.995264	4
4.491648	9
0.998656	2
0.999168	2
2.4992	5
1.5002879999999998	3
2.50176	5
1.5018239999999998	3
3.506048	7
2.5056	5
3.008256	6
2.5081599999999997	5
2.5094399999999997	5
2.51072	5
1.0048	2
3.518592	7
2.011648	4
2.51584	5
2.013696	4
1.51104	3
1.0078719999999999	2
2.52096	5
2.52224	5
1.514112	3
1.51488	3
1.5156479999999999	3
2.021888	4
2.5286399999999998	5
2.023936	4
3.5436799999999997	7
2.025984	4
4.054016	8
2.53504	5
1.0145279999999999	2
2.03008	4
0.507776	1
4.5722879999999995	9
2.033152	4
0.508544	1
2.544	5
2.036224	4
2.037248	4
2.038272	4
3.568768	7
3.0604799999999996	6
0.510336	1
3.574144	7
4.086784	8
3.577728	7
3.0681599999999998	6
2.55808	5
2.55936	5
3.072768	6
3.5866879999999997	7
1.53792	3
3.5902719999999997	7
3.5920639999999997	7
3.5938559999999997	7
2.054656	4
3.5974399999999997	7
1.542528	3
4.115456	8
4.117503999999999	8
2.059776	4
1.5455999999999999	3
2.57728	5
2.062848	4
2.57984	5
4.6460159999999995	9
2.5824	5
2.5836799999999998	5
4.135936	8
3.103488	6
4.140032	8
4.65984	9
3.626112	7
1.554816	3
3.1111679999999997	6
4.669055999999999	9
5.1903999999999995	10
1.038592	2
2.078208	4
1.559424	3
3.6404479999999997	7
2.6016	5
1.561728	3
3.1249919999999998	6
2.084352	4
5.213439999999999	10
1.5648	3
5.21856	10
3.132672	6
1.5671039999999998	3
5.22624	10
2.6144	5
2.0925439999999997	4
2.093568	4
3.141888	6
2.61952	5
2.09664	4
6.819071999999999	13
5.775615999999999	11
8.409087999999999	16
6.3129599999999995	12
7.372287999999999	14
5.798144	11
8.969472	17
4.2250239999999994	8
7.4009599999999995	14
7.408128	14
5.8263039999999995	11
4.771584	9
8.491007999999999	16
5.311999999999999	10
6.912255999999999	13
7.451136	14
5.8600959999999995	11
8.531967999999999	16
7.472639999999999	14
8.01408	15
5.882624	11
5.3529599999999995	10
6.965503999999999	13
5.3632	10
5.905151999999999	11
8.06016	15
5.916416	11
4.845312	9
5.3888	10
7.012096	13
5.938943999999999	11
6.484992	12
7.032064	13
5.955839999999999	11
8.12928	15
5.967104	11
5.42976	10
5.978368	11
4.896	9
9.801216	18
7.085312	13
5.45536	10
7.644672	14
4.91904	9
3.829504	7
9.308928	17
13.154304	24
6.034688	11
6.0403199999999995	11
6.045952	11
8.802304	16
6.0572159999999995	11
6.062848	11
9.93024	18
7.178496	13
8.843264	16
11.06432	20
7.1984639999999995	13
8.86784	16
2.77376	5
8.32896	15
7.780863999999999	14
6.675456	12
6.1248	11
9.474304	17
7.809536	14
7.258368	13
8.941568	16
8.3904	15
7.838208	14
7.845376	14
11.21792	20
9.543936	17
5.619199999999999	10
6.749184	12
9.007104	16
9.015296	16
7.331583999999999	13
6.20928	11
5.084928	9
9.613567999999999	17
10.188288	18
10.764032	19
9.07264	16
9.080832	16
6.248704	11
3.980032	7
6.829056	12
9.6832	17
7.411455999999999	13
7.418112	13
9.709311999999999	17
8.57472	15
6.29376	11
6.299392	11
12.036864	21
5.163264	9
6.316288	11
11.494399999999999	20
9.203712	16
10.939136	19
6.915071999999999	12
8.65152	15
9.23648	16
8.666879999999999	15
10.409472	18
12.155135999999999	21
9.269248	16
15.07584	26
9.865984	17
7.551232	13
9.883391999999999	17
9.310208	16
10.4832	18
7.577856	13
11.668479999999999	20
14.5984	25
6.428928	11
5.26464	9
9.367552	16
13.477632	23
7.624447999999999	13
7.631104	13
8.22528	14
9.408512	16
10.005248	17
11.78112	20
4.716544	8
8.8512	15
6.496512	11
5.91104	10
10.057471999999999	17
14.211072	24
9.48224	16
9.490432	16
11.279615999999999	19
10.695167999999999	18
7.1362559999999995	12
11.3088	19
6.5528319999999995	11
10.732032	18
7.757568	13
8.95872	15
7.77088	13
7.179264	12
6.586624	11
8.390144	14
5.3982719999999995	9
4.80256	8
7.810816	13
8.418816	14
4.814848	8
9.03552	15
6.631679999999999	11
6.033919999999999	10
12.681984	21
7.252992	12
4.839424	8
6.054399999999999	10
9.695231999999999	16
7.8840319999999995	13
9.10464	15
7.8973439999999995	13
5.4719999999999995	9
6.693632	11
6.699263999999999	11
3.657216	6
10.370816	17
3.66336	6
7.943936	13
5.504256	9
7.345152	12
4.900863999999999	8
6.74432	11
4.909056	8
9.212159999999999	15
7.375871999999999	12
6.7668479999999995	11
6.77248	11
6.778112	11
3.08352	5
7.406592	12
4.324096	7
6.80064	11
5.5687679999999995	9
6.19264	10
5.577984	9
8.063744	13
11.1744	18
6.834432	11
6.21824	10
5.601024	9
8.719871999999999	14
2.49344	4
8.110336	13
5.619456	9
3.1244799999999997	5
6.25408	10
4.38144	7
6.890752	11
3.7616639999999997	6
8.156927999999999	13
6.907648	11
3.77088	6
3.773952	6
5.6655359999999995	9
8.190208	13
8.196864	13
4.41728	7
5.683968	9
5.056512	8
1.8977279999999999	3
5.697792	9
1.9007999999999998	3
2.536448	4
5.711615999999999	9
9.52704	15
3.813888	6
7.63392	12
7.003392	11
3.823104	6
6.3769599999999995	10
7.020288	11
5.74848	9
5.753088	9
5.757696	9
7.683071999999999	12
2.563072	4
3.2064	5
6.41792	10
1.926912	3
7.713792	12
8.363264	13
4.50688	7
3.2217599999999997	5
3.8691839999999997	6
4.517632	7
3.22944	5
4.5248	7
5.822208	9
3.23712	5
3.23968	5
3.24224	5
7.13856	11
3.24736	5
8.449792	13
6.50496	10
3.2550399999999997	5
7.16672	11
4.564223999999999	7
5.220352	8
5.224448	8
2.6142719999999997	4
4.5785599999999995	7
4.5821439999999996	7
7.206144	11
3.933696	6
3.28064	5
4.59648	7
4.600064	7
7.234304	11
2.632704	4
2.6347519999999998	4
7.910399999999999	12
4.617984	7
5.942016	9
1.321472	2
3.967488	6
3.97056	6
3.973632	6
1.988352	3
3.31648	5
3.9828479999999997	6
3.9859199999999997	6
1.329664	2
6.65344	10
3.995136	6
6.663679999999999	10
2.6675199999999997	4
2.002176	3
5.3432319999999995	8
2.005248	3
2.006784	3
2.00832	3
4.689664	7
6.0341759999999995	9
4.696832	7
2.685952	4
6.048	9
3.3625599999999998	5
8.076288	12
1.347072	2
4.044288	6
2.6982399999999997	4
2.700288	4
6.75584	10
6.76096	10
1.353216	2
4.73984	7
2.710528	4
1.356288	2
6.78656	10
3.3958399999999997	5
4.75776	7
3.40096	5
5.445632	8
4.087295999999999	6
4.090368	6
4.09344	6
5.462015999999999	8
4.099584	6
4.102656	6
3.42144	5
0.6848	1
4.797184	7
5.486592	8
4.804352	7
2.747392	4
5.49888	8
2.7514879999999997	4
3.4419199999999996	5
4.133376	6
5.515264	8
2.06976	3
3.4521599999999997	5
6.218496	9
4.1487359999999995	6
4.843776	7
7.61728	11
7.6229119999999995	11
2.0805119999999997	3
7.634176	11
4.861695999999999	7
4.865279999999999	7
2.086656	3
4.8724479999999994	7
4.8760319999999995	7
4.8796159999999995	7
3.488	5
5.584896	8
4.191744	6
5.593088	8
8.395776	12
5.60128	8
5.605376	8
4.908288	7
2.105088	3
7.02208	10
3.5136	5
4.219392	6
6.333696	9
6.338304	9
2.1143039999999997	3
4.23168	6
8.469503999999999	12
4.237824	6
6.361344	9
7.07328	10
6.370559999999999	9
4.250112	6
3.54432	5
2.128128	3
3.5494399999999997	5
5.683199999999999	8
7.10912	10
4.9799679999999995	7
2.847744	4
7.8369279999999995	11
6.41664	9
7.13472	10
4.997888	7
4.286976	6
6.435072	9
5.00864	7
6.444287999999999	9
4.299264	6
7.17056	10
4.305408	6
5.7446399999999995	8
6.467327999999999	9
5.033728	7
6.476544	9
5.040896	7
5.76512	8
5.048064	7
5.773312	8
6.499584	9
7.2268799999999995	10
3.6159999999999997	5
5.065983999999999	7
3.62112	5
4.348415999999999	6
2.900992	4
7.2576	10
2.9050879999999997	4
4.360704	6
5.091072	7
1.455616	2
4.36992	6
2.9153279999999997	4
6.564095999999999	9
10.94784	15
4.382207999999999	6
4.38528	6
5.8511359999999994	8
4.391424	6
8.056576	11
3.66464	5
4.40064	6
5.137664	7
4.406784	6
7.34976	10
6.6193919999999995	9
3.6799999999999997	5
5.155584	7
5.159168	7
4.425216	6
6.6424319999999994	9
2.21568	3
3.69536	5
4.437504	6
6.660864	9
5.1842559999999995	7
2.96448	4
4.4497919999999995	6
8.163584	11
5.941248	8
5.202176	7
4.462079999999999	6
9.674496	13
5.212928	7
5.216512	7
5.220096	7
5.96992	8
5.227264	7
5.230848	7
5.982208	8
5.238016	7
8.236799999999999	11
4.495871999999999	6
7.49824	10
4.502016	6
7.50848	10
6.762239999999999	9
6.7668479999999995	9
6.0190719999999995	8
6.776064	9
2.260224	3
6.031359999999999	8
3.017728	4
3.77472	5
4.532736	6
4.535807999999999	6
5.29536	7
3.78496	5
3.7875199999999998	5
3.0320639999999996	4
3.79264	5
5.31328	7
6.076416	8
6.080512	8
3.80288	5
4.566528	6
6.8544	9
3.8105599999999997	5
7.626239999999999	10
9.157632	12
2.290944	3
5.34912	7
5.352704	7
4.591104	6
4.594176	6
3.064832	4
3.8335999999999997	5
1.5344639999999998	2
6.141952	8
4.609535999999999	6
3.8438399999999997	5
4.61568	6
3.84896	5
3.85152	5
2.312448	3
3.8566399999999996	5
3.8592	5
4.634112	6
9.274367999999999	12
5.413632	7
3.86944	5
6.9696	9
3.87456	5
3.8771199999999997	5
4.655616	6
6.211583999999999	8
3.8848	5
2.332416	3
7.77984	10
4.670976	6
6.232063999999999	8
3.8975999999999997	5
5.460224	7
5.463807999999999	7
5.467391999999999	7
6.252543999999999	8
7.03872	9
6.260736	8
5.4817279999999995	7
3.91808	5
8.625408	11
7.06176	9
3.92576	5
5.499648	7
7.861759999999999	10
3.1467519999999998	4
7.872	10
9.452544	12
4.729344	6
4.732416	6
7.89248	10
5.52832	7
3.161088	4
4.744704	6
3.165184	4
9.501695999999999	12
11.09248	14
13.478143999999999	17
3.1733759999999998	4
6.350848	8
2.383104	3
7.153919999999999	9
5.567743999999999	7
7.163136	9
3.185664	4
8.766207999999999	11
1.5948799999999999	2
7.1815679999999995	9
4.7907839999999995	6
10.386688	13
3.9974399999999997	5
6.3999999999999995	8
3.202048	4
11.214336	14
4.809216	6
4.812288	6
5.61792	7
8.03072	10
9.643008	12
3.2163839999999997	4
6.436864	8
5.63584	7
4.02816	5
8.06144	10
3.2266239999999997	4
8.878848	11
7.26912	9
8.890112	11
4.04352	5
9.710592	12
4.04864	5
9.72288	12
4.05376	5
4.0563199999999995	5
2.4353279999999997	3
6.498304	8
7.3152	9
8.946432	11
8.13824	10
6.514688	8
9.778176	12
8.153599999999999	10
5.711104	7
3.265536	4
5.718272	7
6.539263999999999	8
3.27168	4
11.458048	14
10.646272	13
6.555648	8
8.199679999999999	10
5.74336	7
6.5679359999999996	8
5.750528	7
7.398143999999999	9
6.580223999999999	8
9.876479999999999	12
9.059072	11
10.712831999999999	13
6.596608	8
5.775615999999999	7
7.4304	9
7.435008	9
6.612991999999999	8
5.7899519999999995	7
3.3105919999999998	4
8.2816	10
4.972032	6
11.608576	14
4.9781759999999995	6
9.962496	12
9.13792	11
5.818624	7
7.485696	9
7.490304	9
7.494911999999999	9
6.666239999999999	8
7.504128	9
3.3372159999999997	4
6.678528	8
7.517951999999999	9
0.8358399999999999	1
4.18176	5
11.716096	14
5.024255999999999	6
5.865215999999999	7
7.545599999999999	9
5.872383999999999	7
6.715392	8
7.559424	9
9.244928	11
12.6144	15
5.8903039999999995	7
5.893888	7
4.21248	5
5.058047999999999	6
5.06112	6
6.752256	8
8.44544	10
11.830784	14
12.68352	15
6.7686399999999995	8
7.619327999999999	9
6.776832	8
11.866624	14
6.785024	8
8.4864	10
11.038976	13
5.097983999999999	6
7.651584	9
9.357567999999999	11
5.9584	7
6.813695999999999	8
10.226688	12
11.938303999999999	14
6.825984	8
8.5376	10
9.396992	11
11.966975999999999	14
10.263551999999999	12
9.413888	11
4.2816	5
8.56832	10
7.716095999999999	9
8.57856	10
9.442048	11
11.16544	13
10.312704	12
8.59904	10
11.185407999999999	13
4.30464	5
7.75296	9
11.205376	13
8.62464	10
10.355711999999999	12
6.907903999999999	8
6.912	8
6.916096	8
11.245312	13
8.65536	10
3.4641919999999997	4
9.53216	11
13.006079999999999	15
7.808256	9
7.812863999999999	9
11.291903999999999	13
13.90592	16
6.957056	8
7.831296	9
14.801152	17
12.196352	14
9.588479999999999	11
12.210688	14
10.472448	12
13.971456	16
5.242368	6
18.35904	21
6.998016	8
9.627904	11
4.37888	5
11.391744	13
4.3839999999999995	5
7.895808	9
8.77824	10
5.270016	6
11.425023999999999	13
11.43168	13
10.558463999999999	12
5.282304	6
9.689855999999999	11
6.169855999999999	7
7.9372799999999994	9
7.941888	9
8.82944	10
12.368383999999999	14
8.83968	10
5.30688	6
7.079936	8
9.740544	11
12.404224	14
14.184448	16
9.757439999999999	11
6.212864	7
7.104512	8
13.32864	15
5.334528	6
9.785599999999999	11
10.681344	12
8.90624	10
11.584767999999999	13
10.699776	12
5.3529599999999995	6
8.92672	10
6.252288	7
4.46848	5
4.4710399999999995	5
9.84192	11
5.371392	6
10.748928	12
12.547583999999999	14
13.451519999999999	15
11.66464	13
8.080128	9
11.677952	13
4.494079999999999	5
8.093952	9
7.19872	8
14.405631999999999	16
7.206912	8
10.816512	12
7.215103999999999	8
12.6336	14
11.737855999999999	13
8.130816	9
4.51968	5
10.853375999999999	12
10.85952	12
9.960192	11
6.341888	7
8.158464	9
11.791103999999999	13
5.44512	6
10.896384	12
4.54272	5
2.727168	3
10.005248	11
12.741119999999999	14
5.463552	6
5.4666239999999995	6
9.116159999999999	10
9.121279999999999	10
6.3884799999999995	7
6.3920639999999995	7
17.359616	19
6.399232	7
3.658752	4
9.152	10
7.325696	8
7.329791999999999	8
11.000831999999999	12
6.420736	7
6.42432	7
6.427904	7
6.431488	7
10.112256	11
7.358464	8
8.28288	9
8.287488	9
6.449408	7
7.374848	8
0.922368	1
7.383039999999999	8
8.310528	9
10.162944	11
7.395327999999999	8
9.249279999999999	10
3.7017599999999997	4
6.481663999999999	7
9.26464	10
3.7079039999999996	4
7.419904	8
5.568	6
8.356608	9
6.503168	7
8.365824	9
4.65024	5
8.37504	9
8.379648	9
3.726336	4
3.7283839999999997	4
5.595648	6
5.59872	6
5.601792	6
4.67072	5
2.803968	3
6.546176	7
4.6784	5
9.36192	10
3.746816	4
6.560512	7
5.626367999999999	6
6.567679999999999	7
3.7550079999999997	4
3.757056	4
10.337536	11
5.641728	6
2.8224	3
5.647872	6
3.767296	4
8.481024	9
6.599936	7
8.49024	9
6.607104	7
5.666303999999999	6
3.779584	4
2.836224	3
11.35104	12
7.5714559999999995	8
3.787776	4
1.894912	2
5.6878079999999995	6
8.53632	9
4.74496	5
2.848512	3
1.900032	2
6.653696	7
6.65728	7
3.806208	4
1.9041279999999998	2
5.715456	6
2.859264	3
4.768	5
4.77056	5
3.8184959999999997	4
0.955136	1
6.6895359999999995	7
5.73696	6
1.913344	2
3.8287359999999997	4
5.749248	6
5.75232	6
6.714624	7
4.798719999999999	5
3.841024	4
3.843072	4
5.7676799999999995	6
2.885376	3
3.8492159999999997	4
3.851264	4
6.743296	7
6.74688	7
3.857408	4
2.894592	3
4.82688	5
2.897664	3
1.9327999999999999	2
3.867648	4
1.934848	2
7.743487999999999	8
4.842239999999999	5
9.6896	10
1.938944	2
4.84992	5
5.822976	6
3.884032	4
3.8860799999999998	4
3.888128	4
3.890176	4
2.919168	3
3.894272	4
2.92224	3
1.9491839999999998	2
0.975104	1
3.9024639999999997	4
1.952256	2
0.97664	1
3.9086079999999996	4
1.9563519999999999	2
2.936064	3
6.8544	7
3.9188479999999997	4
0.980224	1
0.9807359999999999	1
3.924992	4
3.92704	4
0.9822719999999999	1
3.931136	4
2.949888	3
10.821888	11
7.87456	8
1.9696639999999999	2
2.9575679999999998	3
3.9454719999999996	4
0.98688	1
1.9747839999999999	2
1.975808	2
3.953664	4
0.9889279999999999	1
4.9472	5
3.9598079999999998	4
0.9904639999999999	1
5.945856	6
3.9659519999999997	4
1.984	2
2.9775359999999997	3
3.9720959999999996	4
0.9940479999999999	1
5.967359999999999	6
0.9955839999999999	1
0.996096	1
1.9932159999999999	2
2.99136	3
0.997632	1
0.9981439999999999	1
3.994624	4
2.9975039999999997	3
4.000768	4
2.0024319999999998	2
1.00224	1
2.0055039999999997	2
1.003264	1
1.003776	1
2.0085759999999997	2
2.0096	2
2.011648	2
3.019008	3
2.013696	2
1.00736	1
1.0078719999999999	1
3.025152	3
3.026688	3
1.0094079999999999	1
2.01984	2
1.010432	1
2.021888	2
1.011456	1
2.027008	2
3.042048	3
2.0290559999999997	2
1.01504	1
1.015552	1
1.017088	1
2.0352	2
2.036224	2
1.0196479999999999	1
2.04032	2
1.020672	1
2.0423679999999997	2
2.043392	2
2.044416	2
2.0454399999999997	2
2.046464	2
4.094976	4
1.024256	1
3.0743039999999997	3
1.02528	1
5.12896	5
3.081984	3
2.0556799999999997	2
1.028352	1
1.028864	1
2.0587519999999997	2
2.059776	2
2.0608	2
1.031424	1
2.063872	2
1.0329599999999999	1
2.066944	2
2.067968	2
1.035008	1
3.1080959999999997	3
1.037568	1
1.03808	1
1.038592	1
2.078208	2
4.1584639999999995	4
2.080256	2
1.04064	1
1.041664	1
2.084352	2
1.042688	1
1.0432	1
2.087424	2
2.088448	2
1.0447359999999999	1
3.135744	3
2.09152	2
1.0462719999999999	1
2.094592	2
2.0956159999999997	2
1.04832	1
5.245439999999999	5
4.200448	4
2.1022719999999997	2
3.1564799999999997	3
3.1595519999999997	3
3.168768	3
2.116608	2
3.177984	3
1.060352	1
2.1227519999999998	2
1.0624	1
4.253696	4
1.064448	1
1.065472	1
3.1994879999999997	3
3.20256	3
1.068544	1
2.1391359999999997	2
4.282368	4
1.071616	1
1.07264	1
2.147328	2
1.0746879999999999	1
1.075712	1
1.07776	1
1.078784	1
1.0798079999999999	1
1.080832	1
2.163712	2
2.1657599999999997	2
2.167808	2
2.169856	2
3.257856	3
1.086976	1
3.264	3
2.178048	2
1.090048	1
1.091072	1
1.092096	1
1.0931199999999999	1
1.094144	1
1.095168	1
3.291648	3
1.0982399999999999	1
1.099264	1
2.2026239999999997	2
2.20672	2
2.2128639999999997	2
1.107456	1
1.10848	1
1.109504	1
1.110528	1
2.229248	2
1.1166719999999999	1
1.11872	1
1.120768	1
2.243584	2
1.122816	1
2.24768	2
1.12896	1
3.3899519999999996	3
1.131008	1
1.132032	1
1.135104	1
1.1392	1
1.140224	1
1.1514879999999998	1
2.305024	2
1.158656	1
1.1648	1
1.165824	1
2.3336959999999998	2
1.1699199999999998	1
1.171968	1
1.174016	1
1.178112	1
1.1832319999999998	1
1.187328	1
1.1883519999999999	1
1.192448	1
1.197568	1
1.207808	1
1.214976	1
2.468864	2
2.4872959999999997	2
2.491392	2
1.260032	1
1.279488	1
1.2835839999999998	1
1.28768	1
1.304064	1
1.32352	1
1.334784	1
1.337856	1
1.342976	1
1.3542399999999999	1
2.7146239999999997	2
1.363456	1
1.3706239999999998	1
1.382912	1
2.774016	2
1.396224	1
1.397248	1
1.40544	1
1.424896	1
1.427968	1
1.428992	1
1.4361599999999999	1
1.437184	1
1.4392319999999998	1
1.442304	1
1.455616	1
1.458688	1
1.459712	1
1.4627839999999999	1
1.4760959999999999	1
1.47712	1
1.485312	1
1.508864	1
1.517056	1
1.55392	1
1.5846399999999998	1
1.602048	1
1.617408	1
1.6501759999999999	1
1.660416	1
1.6870399999999999	1
1.7136639999999999	1
1.7218559999999998	1
1.7402879999999998	1
1.7955839999999998	1
1.807872	1
1.933824	1
1.947136	1
1.984	1
2.161664	1
2.178048	1
2.214912	1
2.429952	1
2.505728	1
2.6306559999999997	1
2.710528	1
2.722816	1
2.786304	1
2.917376	1
3.124224	1
3.4273279999999997	1
3.904512	1
4.347904	1
5.5808	1
5.646336	1
6.0190719999999995	1
6.150144	1
6.535168	1
6.797312	1
7.600128	1
7.841792	1
8.026112	1
9.121792	1
10.555392	1
13.078527999999999	1
17.539072	1
20.324351999999998	1
24.879103999999998	1
26.107903999999998	1
26.304512	1
27.123711999999998	1
54.80448	2
27.926527999999998	1
28.008447999999998	1
28.237824	1
28.368896	1
28.434431999999997	1
28.663808	1
28.778495999999997	1
28.925952	1
29.548544	1
29.827071999999998	1
29.876223999999997	1
30.02368	1
30.089216	1
30.318592	1
30.367744	1
61.128704	2
30.679039999999997	1
30.760959999999997	1
31.186943999999997	1
39.010304	1
52.150272	1
53.133312	1
59.71968	1
59.981823999999996	1
60.604416	1
60.735488	1
182.40307199999998	3
60.964864	1
61.358079999999994	1
