0.382592	1
0.38950399999999996	1
0.391296	1
0.785152	2
0.394368	1
0.790272	2
0.39667199999999997	1
0.39743999999999996	1
0.398208	1
0.399232	1
0.799488	2
0.400256	1
0.40127999999999997	1
0.401536	1
0.403584	1
0.8081919999999999	2
0.404352	1
0.407424	1
0.40768	1
0.40793599999999997	1
0.408448	1
0.40870399999999996	1
0.40896	1
0.8184319999999999	2
0.409472	1
0.82048	2
0.411008	1
0.823552	2
0.412288	1
0.8256	2
1.239168	3
0.8266239999999999	2
1.240704	3
0.82816	2
0.414848	1
0.83072	2
0.831232	2
0.416128	1
0.416384	1
0.8343039999999999	2
0.835328	2
0.8358399999999999	2
1.2545279999999999	3
0.41843199999999997	1
0.418688	1
0.418944	1
0.41919999999999996	1
0.419712	1
0.839936	2
0.420224	1
0.8409599999999999	2
1.2629759999999999	3
0.8424959999999999	2
0.421504	1
0.8435199999999999	2
0.422016	1
1.267584	3
0.845568	2
0.423296	1
0.847104	2
0.42380799999999996	1
0.424064	1
0.849664	2
0.42508799999999997	1
0.850688	2
1.2768	3
1.277568	3
0.426112	1
0.42636799999999997	1
1.7085439999999998	4
1.709568	4
0.855296	2
0.855808	2
0.42816	1
0.42841599999999996	1
0.857344	2
0.428928	1
0.42918399999999995	1
0.85888	2
0.42969599999999997	1
0.429952	1
1.7218559999999998	4
1.29216	3
0.431232	1
0.431488	1
0.8634879999999999	2
0.432	1
0.865024	2
0.8660479999999999	2
0.86656	2
1.300608	3
0.43379199999999996	1
2.1702399999999997	5
0.43430399999999997	1
0.86912	2
0.869632	2
1.7402879999999998	4
1.305984	3
1.306752	3
1.30752	3
0.436096	1
2.1817599999999997	5
1.310592	3
1.7484799999999998	4
0.437376	1
0.437888	1
0.438144	1
0.43839999999999996	1
0.877312	2
2.19456	5
1.757696	4
0.8793599999999999	2
0.439936	1
1.7607679999999999	4
0.440448	1
0.881408	2
0.8819199999999999	2
0.882432	2
1.765888	4
0.44172799999999995	1
0.883968	2
2.65344	6
0.442752	1
1.329024	3
0.444032	1
1.332864	3
0.444544	1
0.8896	2
1.335168	3
0.890624	2
0.44556799999999996	1
0.89216	2
2.23168	5
1.786368	4
2.23424	5
0.447104	1
1.34208	3
0.8952319999999999	2
0.447872	1
0.44812799999999997	1
0.896768	2
1.7955839999999998	4
1.347456	3
1.797632	4
0.89984	2
1.350528	3
0.450432	1
2.25344	5
1.352832	3
0.9024	2
0.45145599999999997	1
2.2585599999999997	5
2.25984	5
2.26112	5
1.35744	3
0.45273599999999997	1
1.360512	3
1.36128	3
0.908032	2
0.45427199999999995	1
0.454528	1
0.9095679999999999	2
0.91008	2
0.455296	1
0.9111039999999999	2
0.455808	1
2.2803199999999997	5
0.91264	2
3.1960319999999998	7
3.1978239999999998	7
1.371264	3
1.829376	4
2.288	5
0.915712	2
1.8324479999999999	4
0.916736	2
1.3766399999999999	3
2.754816	6
2.7563519999999997	6
1.378944	3
0.919808	2
1.38048	3
0.920832	2
1.382016	3
2.30592	5
0.9228799999999999	2
3.693568	8
1.385856	3
2.3110399999999998	5
0.462464	1
1.3881599999999998	3
0.462976	1
1.389696	3
0.9269759999999999	2
1.391232	3
1.392	3
1.857024	4
1.858048	4
1.394304	3
1.3950719999999999	3
0.9305599999999999	2
2.32768	5
0.465792	1
2.33024	5
1.398912	3
3.73248	8
1.400448	3
1.868288	4
1.401984	3
2.33792	5
1.404288	3
1.4050559999999999	3
1.405824	3
0.937728	2
2.3455999999999997	5
0.46937599999999996	1
0.939264	2
0.939776	2
1.410432	3
2.352	5
0.9413119999999999	2
2.825472	6
0.942336	2
0.47142399999999995	1
0.94336	2
0.9438719999999999	2
0.944384	2
3.307136	7
1.418112	3
2.3648	5
1.419648	3
2.3673599999999997	5
0.947456	2
3.317888	7
1.89696	4
0.474496	1
1.8990079999999998	4
1.900032	4
1.90208	4
3.330432	7
2.38016	5
1.428864	3
4.288895999999999	9
2.8608	6
0.477056	1
1.9092479999999998	4
1.432704	3
1.9112959999999999	4
0.95616	2
3.3483519999999998	7
0.9571839999999999	2
1.436544	3
2.39552	5
1.9174399999999998	4
2.3980799999999998	5
1.9194879999999999	4
1.4403839999999999	3
2.40192	5
1.4419199999999999	3
0.961792	2
2.40576	5
2.888448	6
2.8899839999999997	6
2.4095999999999997	5
1.446528	3
1.447296	3
1.448064	3
1.448832	3
0.48319999999999996	1
0.966912	2
0.483712	1
3.3877759999999997	7
3.3895679999999997	7
1.4534399999999998	3
1.454208	3
0.484992	1
2.42624	5
1.942016	4
1.45728	3
0.486016	1
3.890176	8
2.4326399999999997	5
2.9207039999999997	6
1.46112	3
1.4618879999999999	3
2.925312	6
2.43904	5
2.44032	5
4.8831999999999995	10
3.9086079999999996	8
2.932992	6
1.9563519999999999	4
1.957376	4
1.4687999999999999	3
2.44928	5
2.45056	5
1.9614719999999999	4
1.4718719999999998	3
1.96352	4
1.9645439999999998	4
2.45696	5
1.966592	4
3.4433279999999997	7
0.98432	2
2.46208	5
0.985344	2
0.985856	2
0.49318399999999996	1
2.4672	5
0.9873919999999999	2
1.975808	4
1.482624	3
2.47232	5
3.95776	8
3.9598079999999998	8
2.971392	6
1.981952	4
0.9914879999999999	2
3.968	8
2.48128	5
1.489536	3
2.48384	5
0.9940479999999999	2
1.4918399999999998	3
1.990144	4
2.986752	6
0.996096	2
1.9932159999999999	4
2.99136	6
2.992896	6
2.49536	5
2.4966399999999997	5
2.9975039999999997	6
1.9993599999999998	4
2.000384	4
1.000704	2
1.0012159999999999	2
2.50432	5
3.00672	6
5.0137599999999996	10
2.006528	4
2.007552	4
1.506432	3
2.512	5
1.507968	3
3.0174719999999997	6
3.522176	7
3.0205439999999997	6
2.01472	4
3.023616	6
7.058688	14
2.52224	5
1.514112	3
2.5248	5
3.5365119999999997	7
3.5383039999999997	7
2.022912	4
3.035904	6
3.0374399999999997	6
5.06496	10
4.5607679999999995	9
1.014016	2
3.550848	7
3.55264	7
2.53888	5
1.524096	3
3.049728	6
2.54272	5
0.5088	1
3.563392	7
2.54656	5
2.038272	4
4.588416	9
1.5302399999999998	3
1.020672	2
0.5105919999999999	1
3.065088	6
4.088832	8
1.0227199999999999	2
4.092928	8
1.023744	2
2.048512	4
2.5619199999999998	5
3.5884799999999997	7
1.5386879999999998	3
1.539456	3
2.56704	5
2.56832	5
3.5974399999999997	7
2.57088	5
1.028864	2
2.5734399999999997	5
1.029888	2
3.0911999999999997	6
2.57728	5
1.5471359999999998	3
2.57984	5
1.032448	2
1.54944	3
3.617152	7
3.618944	7
2.58624	5
2.58752	5
1.03552	2
1.5540479999999999	3
2.073088	4
5.18528	10
2.075136	4
1.03808	2
1.038592	2
5.715072	11
2.59904	5
2.080256	4
2.6016	5
2.0823039999999997	4
2.60416	5
3.6476159999999997	7
3.6494079999999998	7
2.0864	4
4.174848	8
3.132672	6
5.22368	10
2.61312	5
1.56864	3
4.1850879999999995	8
3.140352	6
2.094592	4
2.0956159999999997	4
4.19328	8
4.720896	9
5.775615999999999	11
7.88352	15
6.83904	13
6.845695999999999	13
6.852352	13
5.27616	10
4.2250239999999994	8
6.872319999999999	13
8.466432	16
7.415296	14
3.181056	6
9.021696	17
4.2496	8
4.785407999999999	9
7.451136	14
4.261888	8
4.799232	9
10.14144	19
4.808447999999999	9
5.34784	10
8.02944	15
6.965503999999999	13
10.7264	20
4.831487999999999	9
6.985472	13
6.992128	13
4.306944	8
4.31104	8
4.854528	9
8.638463999999999	16
4.863744	9
8.11392	15
5.4144	10
8.671232	16
9.764351999999999	18
7.058688	13
3.260928	6
8.703999999999999	16
5.989631999999999	11
7.085312	13
9.819647999999999	18
8.736768	16
6.55872	12
9.300224	17
7.666175999999999	14
7.125248	13
6.583296	12
7.13856	13
4.397056	8
6.051584	11
5.5065599999999995	10
4.409344	8
6.06848	11
6.0741119999999995	11
6.632448	12
8.29824	15
8.859648	16
6.65088	12
7.2117759999999995	13
4.442112	8
7.2250879999999995	13
5.0065919999999995	9
8.9088	16
4.458496	8
6.693887999999999	12
8.933375999999999	16
8.382719999999999	15
6.152959999999999	11
6.718464	12
8.966144	16
7.2916479999999995	13
1.684224	3
8.428799999999999	15
7.874047999999999	14
6.7553279999999996	12
5.63456	10
6.203647999999999	11
9.59616	17
6.779903999999999	12
2.82752	5
7.358207999999999	13
4.532223999999999	8
7.371519999999999	13
5.67552	10
7.384831999999999	13
8.52864	15
7.398143999999999	13
10.252799999999999	18
7.411455999999999	13
7.418112	13
7.424767999999999	13
6.2881279999999995	11
5.149439999999999	9
6.872064	12
6.3050239999999995	11
6.310656	11
8.038912	14
6.89664	12
6.902784	12
6.9089279999999995	12
10.948864	19
6.344448	11
5.19552	9
6.933504	12
5.204736	9
7.524608	13
6.372608	11
6.37824	11
5.80352	10
4.066047999999999	7
8.72064	15
9.892095999999999	17
9.9008	17
5.246208	9
7.001087999999999	12
2.335744	4
3.506688	6
8.18944	14
5.269248	9
5.273855999999999	9
4.691968	8
6.457088	11
8.8128	15
8.82048	15
8.239616	14
7.068671999999999	12
6.4852479999999995	11
9.441279999999999	16
5.315328	9
4.137728	7
7.691008	13
4.144896	7
5.9264	10
2.96576	5
11.279615999999999	19
6.5359359999999995	11
4.162815999999999	7
3.5711999999999997	6
8.339967999999999	14
5.9622399999999995	10
2.3869439999999997	4
11.94496	20
2.39104	4
4.786176	8
8.382976	14
9.588735999999999	16
8.397312	14
7.8041599999999995	13
6.008319999999999	10
7.216127999999999	12
5.416704	9
9.03552	15
7.23456	12
5.430528	9
6.03904	10
4.835328	8
5.444351999999999	9
4.84352	8
10.907136	18
7.277568	12
5.462784	9
4.252416	7
4.256	7
7.9106559999999995	13
5.481216	9
6.0953599999999994	10
4.2703359999999995	7
6.7161599999999995	11
2.444288	4
4.892672	8
4.896768	8
4.288256	7
6.74432	11
4.909056	8
4.913152	8
6.14656	10
4.9213439999999995	8
9.235199999999999	15
8.010496	13
7.400448	12
6.789376	11
5.559552	9
6.1823999999999995	10
6.18752	10
4.334848	7
8.057088	13
5.582592	9
9.9328	16
4.349184	7
4.9745919999999995	8
4.978688	8
7.474176	12
6.85696	11
5.614847999999999	9
7.492608	12
6.873856	11
5.628672	9
6.2592	10
3.7585919999999997	6
7.523327999999999	12
3.7647359999999996	6
3.767808	6
5.65632	9
11.321856	18
6.295039999999999	10
3.780096	6
5.044224	8
6.3104	10
7.578624	12
3.16032	5
4.428032	7
4.431616	7
6.335999999999999	10
5.707008	9
5.711615999999999	9
3.17568	5
6.992128	11
5.72544	9
4.456704	7
3.823104	6
10.203135999999999	16
8.296704	13
4.4710399999999995	7
6.39232	10
6.39744	10
5.1220479999999995	8
6.40768	10
4.48896	7
3.20896	5
7.065344	11
2.5712639999999998	4
7.076607999999999	11
3.86304	6
3.2217599999999997	5
3.22432	5
3.8722559999999997	6
3.22944	5
6.4639999999999995	10
3.2345599999999997	5
1.942272	3
3.887616	6
6.48448	10
6.489599999999999	10
3.24736	5
7.799808	12
2.601984	4
5.859071999999999	9
2.60608	4
5.216256	8
5.872896	9
5.224448	8
4.5749759999999995	7
1.30816	2
2.618368	4
2.620416	4
6.556159999999999	10
7.873536	12
3.2832	5
5.914368	9
3.9459839999999997	6
3.9490559999999997	6
4.610816	7
6.592	10
3.2985599999999997	5
1.980672	3
2.642944	4
2.644992	4
1.98528	3
2.649088	4
4.639488	7
1.9898879999999999	3
0.663808	1
7.307519999999999	11
1.9944959999999998	3
5.988096	9
5.326848	8
2.665472	4
3.3344	5
4.6717439999999995	7
5.3432319999999995	8
4.6789119999999995	7
3.34464	5
5.355519999999999	8
4.689664	7
6.7046399999999995	10
2.683904	4
4.700416	7
2.6879999999999997	4
4.707584	7
2.692096	4
5.388288	8
2.696192	4
6.7456	10
4.050432	6
9.458176	14
3.38048	5
4.736256	7
2.03136	3
0.677632	1
3.39072	5
2.7146239999999997	4
7.470847999999999	11
4.75776	7
4.0811519999999994	6
2.722816	4
7.493376	11
4.7720959999999994	7
3.4112	5
3.41376	5
8.199168	12
4.102656	6
2.737152	4
5.4784	8
4.797184	7
2.743296	4
2.059008	3
2.747392	4
3.4368	5
4.815104	7
3.4419199999999996	5
4.133376	6
6.2046719999999995	9
4.13952	6
5.5234559999999995	8
6.218496	9
6.223103999999999	9
6.2277119999999995	9
4.84736	7
4.157952	6
2.774016	4
2.776064	4
2.083584	3
7.64544	11
4.868863999999999	7
2.784256	4
4.8760319999999995	7
5.576703999999999	8
4.1856	6
3.49056	5
6.287616	9
5.593088	8
1.3992959999999999	2
4.90112	7
2.102016	3
9.816576	14
3.50848	5
4.213248	6
5.62176	8
4.219392	6
4.926208	7
5.634048	8
5.638144	8
4.23168	6
3.5289599999999997	5
4.944128	7
4.947712	7
6.365952	9
4.24704	6
2.125056	3
4.253184	6
2.128128	3
4.969215999999999	7
2.1311999999999998	3
6.3982079999999995	9
5.691392	8
4.9835519999999995	7
4.987136	7
4.27776	6
4.280832	6
4.283904	6
5.715968	8
5.720064	8
3.5776	5
3.58016	5
7.881983999999999	11
4.3023359999999995	6
5.740544	8
10.05312	14
4.311552	6
5.752832	8
6.476544	9
2.160384	3
5.04448	7
5.048064	7
3.60832	5
4.333056	6
2.890752	4
3.6159999999999997	5
7.960832	11
4.345344	6
7.24736	10
0.725248	1
3.6288	5
6.536448	9
4.360704	6
2.9091839999999998	4
4.366848	6
3.6416	5
2.186496	3
2.917376	4
4.379136	6
2.921472	4
2.92352	4
5.119744	7
6.587136	9
5.126912	7
5.130496	7
7.3344	10
2.201856	3
5.875712	8
2.2049279999999998	3
4.412928	6
3.6799999999999997	5
6.628608	9
2.2110719999999997	3
4.428288	6
4.43136	6
3.69536	5
5.1770879999999995	7
2.960384	4
3.7030399999999997	5
1.48224	2
7.41632	10
4.452864	6
5.941248	8
6.688511999999999	9
3.7184	5
5.209344	7
6.702336	9
5.961728	8
4.474368	6
2.98496	4
4.480512	6
4.483584	6
5.234432	7
5.238016	7
8.236799999999999	11
3.7465599999999997	5
4.498944	6
4.502016	6
5.255936	7
6.010879999999999	8
7.51872	10
6.0190719999999995	8
8.281856	11
5.273855999999999	7
2.2617599999999998	3
3.77216	5
6.039552	8
3.021824	4
4.535807999999999	6
6.051839999999999	8
4.541952	6
5.302528	7
3.7900799999999997	5
6.826752	9
7.5904	10
3.79776	5
4.560384	6
6.845184	9
3.80544	5
3.808	5
9.145344	12
4.575743999999999	6
7.63136	10
5.345536	7
5.34912	7
6.117376	8
6.8866559999999994	9
3.0627839999999997	4
3.83104	5
3.06688	4
6.905088	9
6.909695999999999	9
3.84128	5
10.762751999999999	14
5.3849599999999995	7
6.928128	9
3.081216	4
4.624896	6
4.627968	6
6.17472	8
5.406464	7
13.138688	17
5.413632	7
10.060544	13
7.744	10
4.649471999999999	6
3.101696	4
8.535295999999999	11
9.317376	12
3.10784	4
6.997248	9
4.667904	6
10.120448	13
3.1160319999999997	4
1.55904	2
4.680192	6
2.3416319999999997	3
6.248448	8
9.378815999999999	12
3.9103999999999997	5
4.695552	6
4.698624	6
4.701696	6
3.1365119999999997	4
6.27712	8
7.066368	9
4.713984	6
4.7170559999999995	6
5.506816	7
3.1488	4
6.301696	8
7.094016	9
1.577472	2
5.524736	7
3.9488	5
7.9027199999999995	10
4.744704	6
6.330368	8
7.126271999999999	9
7.9232	10
8.721152	11
10.313471999999999	13
5.556992	7
10.326784	13
7.948799999999999	10
3.181568	4
6.367232	8
3.98208	5
4.781568	6
8.77184	11
5.5856639999999995	7
4.7907839999999995	6
5.592832	7
8.794368	11
4.0	5
14.409215999999999	18
4.00512	5
4.809216	6
9.624576	12
8.82816	11
4.818432	6
4.821504	6
5.628672	7
5.632256	7
7.24608	9
4.02816	5
6.449152	8
4.0332799999999995	5
5.650176	7
6.46144	8
6.465535999999999	8
6.469632	8
8.09216	10
5.668095999999999	7
1.62048	2
5.675263999999999	7
7.301375999999999	9
5.6824319999999995	7
7.310592	9
4.064	5
7.319808	9
4.882944	6
5.700352	7
7.333632	9
4.89216	6
4.895232	6
4.08192	5
7.3520639999999995	9
6.539263999999999	8
7.36128	9
9.002752	11
9.008384	11
5.736192	7
5.739776	7
4.102399999999999	5
5.746944	7
4.929024	6
5.754112	7
6.580223999999999	8
4.1152	5
7.411968	9
4.9443839999999994	6
13.193216	16
6.6007039999999995	8
8.256	10
6.608896	8
9.092863999999999	11
9.098495999999999	11
2.482944	3
4.1408	5
4.972032	6
6.633471999999999	8
3.318784	4
5.811456	7
5.81504	7
9.143552	11
9.149184	11
3.329024	4
6.662144	8
9.16608	11
3.335168	4
5.840128	7
6.678528	8
3.341312	4
4.1792	5
8.36352	10
8.36864	10
5.861632	7
9.216768	11
12.575999999999999	15
5.033472	6
5.875967999999999	7
9.239296	11
6.723584	8
5.8867199999999995	7
5.048832	6
10.103807999999999	12
9.267456	11
9.273088	11
7.591679999999999	9
5.064191999999999	6
4.22272	5
9.295615999999999	11
7.610112	9
7.614719999999999	9
11.852288	14
11.859456	14
10.171391999999999	12
6.785024	8
6.78912	8
7.642367999999999	9
0.849664	1
10.202112	12
5.954816	7
4.256	5
11.072256	13
7.6700159999999995	9
11.085568	13
17.06496	20
10.24512	12
5.979903999999999	7
8.547839999999999	10
9.408256	11
7.702272	9
7.70688	9
5.140992	6
9.430784	11
7.720704	9
12.017152	14
9.44768	11
6.8751359999999995	8
6.879232	8
7.7437439999999995	9
12.91392	15
6.89152	8
6.8956159999999995	8
7.762175999999999	9
5.177855999999999	6
6.044416	7
8.639999999999999	10
6.916096	8
10.380288	12
8.65536	10
7.794432	9
10.398719999999999	12
11.271936	13
4.3379199999999996	5
7.812863999999999	9
4.34304	5
8.6912	10
11.305216	13
8.70144	10
5.223936	6
8.71168	10
13.075199999999999	15
7.849728	9
4.363519999999999	5
9.605376	11
5.242368	6
7.86816	9
13.996032	16
10.503167999999999	12
7.881983999999999	9
10.515456	12
14.028799999999999	16
5.263872	6
7.900416	9
5.270016	6
8.78848	10
6.15552	7
3.519488	4
4.40192	5
12.332543999999999	14
4.407039999999999	5
7.055359999999999	8
7.059456	8
7.063552	8
5.300736	6
9.723647999999999	11
14.151679999999999	16
7.079936	8
7.969536	9
10.632192	12
9.751807999999999	11
9.757439999999999	11
8.87552	10
14.209024	16
9.774336	11
9.779968	11
8.0064	9
6.230784	7
7.124992	8
6.237952	7
5.349888	6
4.4608	5
5.356032	6
2.6795519999999997	3
7.1495679999999995	8
6.259456	7
8.05248	9
7.161855999999999	8
3.582976	4
11.651328	13
3.587072	4
7.17824	8
8.97792	10
10.779648	12
9.886975999999999	11
9.892608	11
8.9984	10
5.402112	6
9.909504	11
7.211008	8
8.116992	9
6.3168	7
7.2232959999999995	8
4.517119999999999	5
6.327552	7
12.662272	14
8.144639999999999	9
5.432831999999999	6
8.153856	9
8.158464	9
4.5350399999999995	5
9.075199999999999	10
9.988351999999999	11
9.08544	10
6.363391999999999	7
11.824384	13
4.5504	5
6.374143999999999	7
2.7333119999999997	3
9.116159999999999	10
8.209152	9
6.3884799999999995	7
14.610432	16
5.481984	6
10.970112	12
8.232192	9
10.0672	11
6.409984	7
10.994688	12
7.333888	8
4.58624	5
10.09536	11
10.100992	11
9.18784	10
12.870144	14
9.19808	10
6.44224	7
11.049984	12
6.449408	7
5.531136	6
8.301312	9
5.53728	6
7.387136	8
11.086848	12
5.546495999999999	6
5.549568	6
10.179839999999999	11
11.111424	12
5.558784	6
9.26976	10
12.057343999999999	13
4.64	5
3.714048	4
10.219263999999999	11
6.506752	7
6.510336	7
5.58336	6
5.586431999999999	6
10.247423999999999	11
6.524672	7
6.528256	7
5.59872	6
2.800896	3
4.67072	5
8.411904	9
8.416511999999999	9
4.6784	5
11.234304	12
3.746816	4
5.623296	6
8.439551999999999	9
4.691199999999999	5
6.571263999999999	7
9.39264	10
10.337536	11
5.641728	6
0.9408	1
5.647872	6
2.825472	3
3.769344	4
3.7713919999999996	4
5.660159999999999	6
5.663232	6
3.777536	4
10.393856	11
8.508671999999999	9
3.78368	4
6.625024	7
4.734719999999999	5
1.894912	2
5.6878079999999995	6
3.79392	4
6.642944	7
4.74752	5
11.400191999999999	12
1.9010559999999999	2
3.80416	4
3.806208	4
4.76032	5
5.715456	6
4.76544	5
7.6288	8
5.724672	6
5.7277439999999995	6
5.730816	6
3.8225919999999998	4
9.5616	10
10.523392	11
5.743104	6
4.78848	5
5.749248	6
7.669759999999999	8
9.592319999999999	10
5.758464	6
2.8807679999999998	3
2.882304	3
5.7676799999999995	6
4.80896	5
3.8492159999999997	4
1.926656	2
5.78304	6
5.786112	6
6.754048	7
4.82688	5
6.761216	7
4.832	5
3.867648	4
1.934848	2
2.9038079999999997	3
6.779135999999999	7
6.782719999999999	7
3.877888	4
6.7898879999999995	7
3.8819839999999997	4
4.85504	5
1.9430399999999999	2
2.916096	3
6.807808	7
4.865279999999999	5
2.9207039999999997	3
6.81856	7
4.87296	5
1.950208	2
3.9024639999999997	4
2.928384	3
6.83648	7
6.840064	7
0.977664	1
2.934528	3
5.872128	6
7.8336	8
2.939136	3
3.920896	4
3.9229439999999998	4
8.831232	9
1.96352	2
5.893631999999999	6
1.965568	2
4.91648	5
2.951424	3
0.98432	1
3.9393279999999997	4
3.941376	4
3.943424	4
7.890943999999999	8
3.94752	4
7.8991359999999995	8
1.975808	2
3.953664	4
0.9889279999999999	1
4.9472	5
3.9598079999999998	4
4.952319999999999	5
6.936832	7
4.95744	5
4.96	5
6.947584	7
3.9720959999999996	4
3.9761919999999997	4
0.99456	1
5.970432	6
1.9911679999999998	2
1.992192	2
5.979648	6
3.98848	4
1.995264	2
2.9944319999999998	3
4.9932799999999995	5
6.9941759999999995	7
7.997439999999999	8
3.0005759999999997	3
4.002816	4
3.0036479999999997	3
4.006912	4
6.01344	6
6.016512	6
5.0163199999999994	5
2.007552	2
1.0042879999999998	1
8.0384	8
6.031872	6
2.011648	2
1.006336	1
3.0205439999999997	3
6.04416	6
4.0314879999999995	4
3.025152	3
5.04448	5
6.056448	6
1.00992	1
3.0312959999999998	3
4.043776	4
2.022912	2
2.023936	2
4.04992	4
6.077952	6
2.027008	2
5.07008	5
3.043584	3
1.01504	1
4.062208	4
7.112448	7
6.099456	6
1.017088	1
3.0528	3
2.036224	2
6.111744	6
1.019136	1
5.09824	5
4.08064	4
5.1033599999999995	5
2.0423679999999997	2
4.086784	4
4.088832	4
1.0227199999999999	1
5.11616	5
3.0712319999999997	3
4.097024	4
3.0743039999999997	3
3.07584	3
5.12896	5
3.078912	3
2.054656	2
5.1392	5
3.085056	3
4.115456	4
2.0587519999999997	2
3.089664	3
3.0911999999999997	3
2.061824	2
4.125696	4
2.063872	2
3.0973439999999997	3
3.09888	3
6.200832	6
6.203904	6
1.0344959999999999	1
2.070016	2
2.07104	2
6.2161919999999995	6
4.148224	4
5.18784	5
1.038592	1
4.1584639999999995	4
5.20064	5
4.16256	4
2.083328	2
1.042176	1
1.042688	1
3.1296	3
4.174848	4
3.132672	3
3.1342079999999997	3
2.090496	2
2.0925439999999997	2
3.140352	3
1.047296	1
2.0956159999999997	2
2.09664	2
2.098176	2
2.100224	2
7.357952	7
6.3129599999999995	6
4.212736	4
2.108416	2
3.165696	3
3.168768	3
5.2863999999999995	5
5.291519999999999	5
9.533952	9
2.120704	2
5.30688	5
5.311999999999999	5
5.31712	5
3.1933439999999997	3
8.523776	8
7.465471999999999	7
3.20256	3
6.411264	6
3.208704	3
3.211776	3
3.214848	3
3.21792	3
2.147328	2
4.2987519999999995	4
1.075712	1
3.2302079999999997	3
4.31104	4
5.39392	5
4.3192319999999995	4
5.40416	5
4.327424	4
1.0828799999999998	1
2.167808	2
3.254784	3
6.515712	6
3.260928	3
4.351999999999999	4
3.2670719999999998	3
6.540287999999999	6
2.182144	2
3.27936	3
1.094144	1
3.285504	3
8.769536	8
1.097216	1
1.0982399999999999	1
7.7020159999999995	7
3.3039359999999998	3
3.3070079999999997	3
3.3100799999999997	3
2.208768	2
1.105408	1
2.2128639999999997	2
3.32544	3
3.328512	3
3.331584	3
3.334656	3
2.225152	2
1.1136	1
2.229248	2
3.3469439999999997	3
7.816704	7
1.117696	1
6.71232	6
3.359232	3
4.483072	4
1.121792	1
1.122816	1
4.4994559999999995	4
2.251776	2
1.126912	1
1.127936	1
3.3868799999999997	3
4.5199359999999995	4
1.131008	1
1.132032	1
3.399168	3
3.405312	3
2.272256	2
1.137152	1
2.2763519999999997	2
2.2784	2
3.4206719999999997	3
2.282496	2
3.4268159999999996	3
1.1432959999999999	1
1.14432	1
4.585472	4
1.147392	1
1.1484159999999999	1
2.29888	2
1.150464	1
1.1514879999999998	1
1.152512	1
2.307072	2
5.7728	5
3.466752	3
1.1566079999999999	1
1.158656	1
2.31936	2
2.321408	2
2.3234559999999997	2
3.488256	3
1.1648	1
4.671488	4
4.675584	4
3.50976	3
2.341888	2
2.343936	2
1.174016	1
2.3500799999999997	2
2.352128	2
1.177088	1
3.5343359999999997	3
2.3603199999999998	2
3.543552	3
3.546624	3
1.1832319999999998	1
2.368512	2
1.18528	1
2.374656	2
1.1883519999999999	1
1.1904	1
1.191424	1
1.192448	1
1.194496	1
2.39104	2
1.196544	1
2.395136	2
3.595776	3
1.199616	1
1.20064	1
2.4033279999999997	2
2.405376	2
2.407424	2
3.6142079999999996	3
1.20576	1
1.2067839999999999	1
1.207808	1
2.417664	2
1.209856	1
1.21088	1
2.4238079999999997	2
2.425856	2
1.213952	1
2.429952	2
1.216	1
2.4340479999999998	2
2.438144	2
2.4401919999999997	2
2.44224	2
1.222144	1
1.223168	1
1.224192	1
1.2252159999999999	1
1.22624	1
2.454528	2
2.456576	2
1.229312	1
1.2303359999999999	1
1.232384	1
1.2334079999999998	1
2.468864	2
1.2354559999999999	1
1.23648	1
2.475008	2
1.2385279999999999	1
2.481152	2
1.2416	1
1.242624	1
2.4872959999999997	2
1.245696	1
1.24672	1
1.247744	1
1.249792	1
1.250816	1
1.2518399999999998	1
2.505728	2
1.253888	1
1.255936	1
1.257984	1
2.518016	2
2.528256	2
1.266176	1
2.5343999999999998	2
1.271296	1
1.273344	1
2.552832	2
1.27744	1
2.5610239999999997	2
2.5712639999999998	2
1.28768	1
1.2887039999999998	1
1.291776	1
1.2928	1
2.589696	2
2.5978879999999998	2
1.300992	1
1.30304	1
1.305088	1
2.6142719999999997	2
1.30816	1
1.310208	1
3.93984	3
1.314304	1
1.316352	1
1.3204479999999998	1
1.321472	1
1.324544	1
1.32864	1
1.3306879999999999	1
1.3337599999999998	1
1.339904	1
2.685952	2
1.345024	1
1.36448	1
1.3655039999999998	1
1.366528	1
1.3706239999999998	1
1.371648	1
1.376768	1
1.38496	1
1.388032	1
1.39008	1
1.392128	1
2.7883519999999997	2
1.398272	1
1.40032	1
1.40544	1
1.406464	1
1.409536	1
1.41056	1
1.419776	1
2.8518399999999997	2
1.426944	1
1.4310399999999999	1
1.443328	1
1.4443519999999999	1
1.445376	1
1.4494719999999999	1
2.911232	2
1.458688	1
1.460736	1
1.46176	1
1.463808	1
1.4658559999999998	1
2.9358079999999998	2
1.474048	1
1.4812159999999999	1
1.4842879999999998	1
1.49248	1
1.4996479999999999	1
1.509888	1
1.5160319999999998	1
1.5488	1
1.551872	1
1.5528959999999998	1
1.55392	1
1.561088	1
1.5662079999999998	1
1.6030719999999998	1
1.61024	1
1.62048	1
1.624576	1
1.6256	1
1.6317439999999999	1
1.63584	1
1.647104	1
1.6552959999999999	1
1.6686079999999999	1
1.669632	1
1.672704	1
1.680896	1
1.682944	1
1.694208	1
1.710592	1
1.711616	1
1.7505279999999999	1
1.751552	1
3.5174399999999997	2
1.762816	1
1.771008	1
1.791488	1
1.843712	1
1.852928	1
1.854976	1
1.8559999999999999	1
1.863168	1
1.918464	1
1.926656	1
2.023936	1
2.048512	1
2.0659199999999998	1
4.135936	2
2.10432	1
2.110464	1
2.151424	1
2.311168	1
2.315264	1
2.331648	1
2.3869439999999997	1
2.4238079999999997	1
2.45248	1
2.4668159999999997	1
2.499584	1
2.583552	1
2.690048	1
2.7084799999999998	1
2.720768	1
2.845696	1
2.939904	1
3.0730239999999998	1
3.15904	1
3.2061439999999997	1
3.228672	1
3.419136	1
3.460096	1
3.513344	1
3.5379199999999997	1
3.5481599999999998	1
3.9761919999999997	1
3.9823359999999997	1
3.996672	1
4.125696	1
4.274176	1
4.368384	1
4.376576	1
4.429824	1
4.569088	1
4.610048	1
4.6673919999999995	1
9.629696	2
4.818944	1
5.085184	1
5.236736	1
5.982208	1
6.1255679999999995	1
6.166528	1
6.3262719999999995	1
6.469632	1
6.559743999999999	1
6.772736	1
7.092224	1
7.120896	1
7.133184	1
7.817215999999999	1
8.026112	1
8.744959999999999	1
8.925184	1
20.635648	1
23.781375999999998	1
24.223744	1
25.878528	1
26.271743999999998	1
26.320895999999998	1
27.172863999999997	1
27.451392	1
27.89376	1
28.762112	1
28.844032	1
28.860415999999997	1
28.925952	1
29.417472	1
29.581311999999997	1
29.85984	1
29.876223999999997	1
29.892608	1
30.138368	1
30.613504	1
30.646272	1
31.023104	1
31.039488	1
31.17056	1
31.956992	1
55.558144	1
56.639488	1
58.703872	1
59.260928	1
60.178432	1
60.342271999999994	1
60.37504	1
60.473344	1
60.637184	1
60.899328	1
60.964864	1
61.095935999999995	1
61.423615999999996	1
61.489152	1
63.029247999999995	1
65.552384	1
68.583424	1
75.792384	1
0.386432	1
0.7790079999999999	2
0.39104	1
0.392576	1
0.39334399999999997	1
0.397184	1
0.39743999999999996	1
0.397696	1
0.398976	1
0.400512	1
0.40076799999999996	1
0.401024	1
0.40256	1
0.402816	1
0.806144	2
0.40384	1
0.404352	1
0.40537599999999996	1
0.405632	1
0.40588799999999997	1
0.40665599999999996	1
1.220736	3
0.407168	1
0.40768	1
0.81792	2
0.41126399999999996	1
0.41152	1
0.41203199999999995	1
0.415104	1
0.83072	2
0.41663999999999995	1
0.416896	1
0.41715199999999997	1
0.417664	1
0.8358399999999999	2
0.418944	1
1.2576	3
0.419456	1
0.419712	1
0.419968	1
0.420224	1
0.42047999999999996	1
1.6849919999999998	4
1.2645119999999999	3
0.42175999999999997	1
1.2660479999999998	3
0.42252799999999996	1
0.845568	2
0.42303999999999997	1
0.846592	2
0.424064	1
1.2729599999999999	3
0.42457599999999995	1
0.424832	1
0.8501759999999999	2
0.850688	2
0.8512	2
1.7034239999999998	4
1.279872	3
0.42713599999999996	1
0.427392	1
1.285248	3
0.428672	1
0.428928	1
1.287552	3
0.42944	1
0.42969599999999997	1
0.860416	2
0.43072	1
0.8619519999999999	2
0.431232	1
0.431488	1
0.43174399999999996	1
1.296768	3
0.432512	1
1.731072	4
0.8660479999999999	2
0.86656	2
1.734144	4
0.868096	2
0.869632	2
0.8701439999999999	2
0.435328	1
1.7423359999999999	4
1.30752	3
1.744384	4
0.8727039999999999	2
1.3098239999999999	3
0.8752639999999999	2
1.751552	4
0.438144	1
0.438656	1
0.43891199999999997	1
0.878336	2
0.878848	2
0.43967999999999996	1
1.759744	4
0.880896	2
0.882432	2
1.324416	3
0.441984	1
1.7689599999999999	4
0.884992	2
0.885504	2
1.329024	3
1.773056	4
0.8870399999999999	2
1.3313279999999998	3
0.888064	2
0.44428799999999996	1
0.444544	1
1.3344	3
0.890112	2
0.890624	2
0.891648	2
0.89216	2
2.23168	5
1.3397759999999999	3
0.447104	1
0.89472	2
0.8952319999999999	2
0.447872	1
0.8962559999999999	2
0.448384	1
1.34592	3
1.7955839999999998	4
1.796608	4
0.898816	2
1.348992	3
2.701056	6
0.900864	2
0.901376	2
0.45094399999999996	1
1.8048	4
0.45145599999999997	1
0.903424	2
1.355904	3
2.26112	5
1.80992	4
0.9054719999999999	2
0.905984	2
0.453248	1
0.9070079999999999	2
0.90752	2
1.816064	4
0.9085439999999999	2
1.818112	4
1.364352	3
0.45504	1
1.3666559999999999	3
0.455808	1
0.9121279999999999	2
0.45632	1
1.3697279999999998	3
0.45683199999999996	1
0.457088	1
1.372032	3
0.9152	2
1.831424	4
0.45811199999999996	1
0.916736	2
4.58624	10
1.3766399999999999	3
0.918272	2
1.3781759999999998	3
1.838592	4
0.919808	2
0.46015999999999996	1
2.3020799999999997	5
3.224704	7
2.765568	6
2.30592	5
1.38432	3
1.3850879999999999	3
2.30976	5
1.8488319999999998	4
0.462464	1
1.8508799999999999	4
1.851904	4
1.389696	3
1.8539519999999998	4
2.31872	5
1.392	3
1.857024	4
0.464512	1
2.788608	6
1.3950719999999999	3
0.465536	1
0.931584	2
3.262336	7
1.865216	4
1.86624	4
3.7345279999999996	8
2.33536	5
1.401984	3
0.467584	1
1.4035199999999999	3
0.9361919999999999	2
1.873408	4
3.7488639999999998	8
0.937728	2
3.2838399999999996	7
0.46937599999999996	1
0.469632	1
1.879552	4
2.35072	5
0.4704	1
2.823936	6
1.412736	3
0.942336	2
1.8856959999999998	4
1.88672	4
4.247424	9
1.888768	4
2.36224	5
0.9454079999999999	2
1.89184	4
2.3660799999999997	5
1.420416	3
1.894912	4
2.36992	5
1.42272	3
1.897984	4
3.323264	7
0.475008	1
0.47526399999999996	1
1.4265599999999998	3
1.427328	3
2.856192	6
0.952576	2
1.429632	3
1.4304	3
0.954112	2
1.9092479999999998	4
1.910272	4
3.8225919999999998	8
3.3465599999999998	7
1.913344	4
0.47859199999999996	1
0.478848	1
3.353728	7
2.87616	6
1.438848	3
3.8389759999999997	8
2.40064	5
0.960768	2
1.9225599999999998	4
3.366272	7
2.40576	5
1.444224	3
1.926656	4
1.44576	3
2.4108799999999997	5
1.9297279999999999	4
0.9653759999999999	2
1.448832	3
3.8655999999999997	8
1.933824	4
1.934848	4
2.4198399999999998	5
1.936896	4
5.32928	11
1.454208	3
0.969984	2
0.9704959999999999	2
2.42752	5
2.4288	5
3.402112	7
1.458816	3
0.9730559999999999	2
1.4603519999999999	3
1.94816	4
3.8983679999999996	8
3.412864	7
2.928384	6
0.48832	1
2.931456	6
1.466496	3
0.9781759999999999	2
2.936064	6
1.9584	4
1.469568	3
1.4703359999999999	3
4.4133119999999995	9
1.4718719999999998	3
1.96352	4
1.9645439999999998	4
1.965568	4
1.474944	3
1.9676159999999998	4
3.4451199999999997	7
1.9696639999999999	4
0.985344	2
1.971712	4
3.9454719999999996	8
3.94752	8
0.49369599999999997	1
2.46976	5
3.459456	7
2.47232	5
2.96832	6
1.9799039999999999	4
2.4761599999999997	5
4.95488	10
1.9829759999999998	4
3.472	7
1.985024	4
0.9930239999999999	2
2.48384	5
2.4851199999999998	5
4.972799999999999	10
2.985216	6
3.9823359999999997	8
0.996096	2
3.9864319999999998	8
2.99136	6
2.49408	5
0.9981439999999999	2
1.497984	3
3.996672	8
0.9996799999999999	2
2.50048	5
5.00352	10
1.0012159999999999	2
2.003456	4
2.5056	5
4.512384	9
1.003264	2
3.011328	6
2.51072	5
3.0143999999999997	6
1.507968	3
3.0174719999999997	6
0.503168	1
2.51712	5
3.02208	6
2.0157439999999998	4
1.008384	2
3.026688	6
3.028224	6
2.5248	5
2.52608	5
5.560192	11
0.505728	1
1.011968	2
1.01248	2
2.025984	4
4.054016	8
3.5490559999999998	7
3.043584	6
4.56768	9
5.07776	10
3.048192	6
1.016576	2
2.54272	5
3.0528	6
2.54528	5
2.54656	5
1.019136	2
2.54912	5
3.57056	7
3.062016	6
3.574144	7
1.021696	2
3.066624	6
3.57952	7
4.092928	8
2.55936	5
2.048512	4
3.0743039999999997	6
3.5884799999999997	7
5.12896	10
2.56576	5
5.13408	10
3.5956479999999997	7
1.0278399999999999	2
2.056704	4
2.057728	4
3.602816	7
5.149439999999999	10
1.0304	2
3.608192	7
2.57856	5
1.031936	2
1.5486719999999998	3
4.1318399999999995	8
2.5836799999999998	5
4.135936	8
2.0689919999999997	4
3.622528	7
1.03552	2
2.072064	4
1.554816	3
2.59264	5
2.075136	4
3.6332799999999996	7
4.154368	8
4.156416	8
4.1584639999999995	8
5.20064	10
2.08128	4
1.0411519999999999	2
3.6458239999999997	7
3.126528	6
4.692095999999999	9
3.6512	7
3.652992	7
2.088448	4
2.0894719999999998	4
1.567872	3
3.13728	6
2.0925439999999997	4
2.093568	4
4.189184	8
4.191231999999999	8
2.6208	5
5.769984	11
8.925951999999999	17
3.678976	7
4.20864	8
3.1595519999999997	6
6.852352	13
6.859007999999999	13
5.8094079999999995	11
5.81504	11
4.7623679999999995	9
6.355968	12
6.362112	12
5.30688	10
9.0304	17
6.912255999999999	13
4.257792	8
4.261888	8
4.2659839999999996	8
4.27008	8
6.411264	12
8.556543999999999	16
3.211776	6
6.965503999999999	13
7.50848	14
8.589312	16
4.2987519999999995	8
5.916416	11
6.4604159999999995	12
4.84992	9
5.933312	11
5.399039999999999	10
2.70208	5
8.11392	15
7.580159999999999	14
5.4195199999999994	10
7.5944959999999995	14
5.972735999999999	11
11.956736	22
6.528	12
8.712192	16
8.17536	15
4.364288	8
4.368384	8
2.7327999999999997	5
4.923648	9
8.213759999999999	15
6.577152	12
6.583296	12
8.785919999999999	16
3.8474239999999997	7
6.601728	12
8.259839999999999	15
8.26752	15
5.5168	10
6.0741119999999995	11
8.843264	16
6.638592	12
6.644736	12
5.5424	10
5.54752	10
9.994752	18
8.33664	15
6.119168	11
5.568	10
10.031616	18
3.904768	7
10.050048	18
5.029631999999999	9
9.50912	17
8.39808	15
10.647295999999999	19
7.2916479999999995	13
6.736896	12
6.74304	12
7.874047999999999	14
7.881215999999999	14
3.3807359999999997	6
5.639679999999999	10
7.33824	13
10.169856	18
4.524032	8
8.49024	15
6.798336	12
7.371519999999999	13
7.945728	14
8.520959999999999	15
8.52864	15
11.38176	20
7.4048	13
7.981567999999999	14
4.564992	8
5.140224	9
6.2881279999999995	11
9.15456	16
11.453439999999999	20
5.73184	10
4.589568	8
5.74208	10
11.494399999999999	20
6.902784	12
7.484672	13
6.338816	11
8.074752	14
6.350079999999999	11
4.622336	8
7.517951999999999	13
2.315264	4
5.793279999999999	10
4.63872	8
7.544575999999999	13
4.066047999999999	7
9.302016	16
5.81888	10
8.153599999999999	14
8.74368	15
5.834239999999999	10
5.255424	9
5.84448	10
4.679679999999999	8
9.953024	17
9.375744	16
6.451455999999999	11
15.262208	26
10.57536	18
7.0563839999999995	12
9.416704	16
7.657728	13
12.970495999999999	22
7.080959999999999	12
8.268288	14
5.319935999999999	9
3.549696	6
4.144896	7
5.9264	10
5.338368	9
8.904959999999999	15
9.506815999999999	16
8.325631999999999	14
5.952	10
5.361408	9
9.539584	16
6.564095999999999	11
7.764224	13
7.17312	12
5.384448	9
6.586624	11
5.99296	10
6.597887999999999	11
1.80096	3
10.814976	18
5.412096	9
6.01856	10
9.03552	15
8.44032	14
6.637312	11
6.03904	10
2.417664	4
6.0492799999999995	10
6.054399999999999	10
7.271424	12
3.03232	5
6.06976	10
9.11232	15
9.12	15
9.736191999999999	16
4.263167999999999	7
4.876288	8
7.320576	12
7.9372799999999994	13
4.2775039999999995	7
6.1158399999999995	10
9.18144	15
4.288256	7
7.3574399999999995	12
7.977215999999999	13
5.527296	9
7.990527999999999	13
4.306176	7
5.541119999999999	9
6.161919999999999	10
4.933631999999999	8
9.258239999999999	15
6.17728	10
9.89184	16
4.950016	8
6.19264	10
4.338432	7
2.481152	4
4.3456	7
7.455743999999999	12
3.730944	6
5.601024	9
6.851328	11
3.1168	5
7.486464	12
4.9950719999999995	8
4.999168	8
6.25408	10
3.7555199999999997	6
10.022912	16
6.2694399999999995	10
5.019648	8
5.651712	9
3.77088	6
2.515968	4
6.295039999999999	10
3.15008	5
5.674752	9
2.5241599999999997	4
5.683968	9
5.056512	8
8.223488	13
6.33088	10
5.7024	9
7.609343999999999	12
6.9808639999999995	11
5.081087999999999	8
3.813888	6
6.9977599999999995	11
3.18336	5
2.548736	4
3.1884799999999998	5
7.020288	11
4.4710399999999995	7
3.19616	5
5.117952	8
3.8415359999999996	6
0.640768	1
4.48896	7
7.059711999999999	11
5.780736	9
7.070976	11
4.503296	7
4.50688	7
1.2887039999999998	2
8.383232	13
5.163008	8
2.583552	4
3.8783999999999996	6
5.1752959999999995	8
3.884544	6
3.23968	5
5.836031999999999	9
8.43648	13
5.845248	9
6.49984	10
5.203968	8
4.557056	7
1.9545599999999999	3
2.608128	4
1.9576319999999998	3
3.2652799999999997	5
4.5749759999999995	7
4.5785599999999995	7
3.927552	6
2.620416	4
4.589312	7
3.936768	6
2.62656	4
5.257216	8
3.2883199999999997	5
3.29088	5
5.928192	9
4.6144	7
5.277696	8
3.30112	5
3.964416	6
3.30624	5
1.98528	3
2.649088	4
3.31392	5
1.9898879999999999	3
5.310464	8
3.3215999999999997	5
3.9889919999999996	6
3.9920639999999996	6
3.995136	6
3.998208	6
3.3344	5
4.004352	6
0.6679039999999999	1
2.673664	4
4.013568	6
3.3472	5
6.69952	10
6.0341759999999995	9
5.367808	8
4.700416	7
4.032	6
2.0175359999999998	3
4.711168	7
4.714752	7
6.066432	9
5.3964799999999995	8
4.050432	6
4.729088	7
2.7043839999999997	4
2.029824	3
4.06272	6
2.032896	3
6.103295999999999	9
5.429247999999999	8
2.0375039999999998	3
2.71872	4
3.40096	5
2.722816	4
0.6812159999999999	1
2.726912	4
4.7756799999999995	7
5.462015999999999	8
2.733056	4
2.051328	3
2.052864	3
3.424	5
3.42656	5
4.800768	7
3.43168	5
3.43424	5
3.4368	5
4.815104	7
2.753536	4
6.88896	10
2.757632	4
2.75968	4
4.142592	6
4.145664	6
6.223103999999999	9
4.151808	6
4.1548799999999995	6
5.5439359999999995	8
4.854528	7
2.776064	4
4.861695999999999	7
6.25536	9
5.564416	8
4.176384	6
5.572608	8
2.091264	3
5.5808	8
2.0943359999999998	3
2.095872	3
4.893952	7
3.49824	5
2.80064	4
7.00672	10
6.310656	9
0.701696	1
3.51104	5
2.81088	4
4.922624	7
4.2224639999999996	6
6.338304	9
3.52384	5
8.46336	12
8.469503999999999	12
4.237824	6
5.654528	8
3.53664	5
2.12352	3
4.250112	6
2.126592	3
3.54688	5
7.098879999999999	10
5.683199999999999	8
3.55456	5
3.55712	5
6.407424	9
4.274687999999999	6
1.4259199999999999	2
4.280832	6
2.141952	3
4.286976	6
10.010112	14
6.43968	9
3.58016	5
6.4488959999999995	9
5.019392	7
6.458112	9
7.1808	10
5.030144	7
4.314624	6
5.756927999999999	8
5.040896	7
4.32384	6
6.490368	9
2.886656	4
3.61088	5
3.6134399999999998	5
1.4464	2
3.61856	5
2.896896	4
3.62368	5
3.6262399999999997	5
5.80608	8
4.357632	6
5.087488	7
4.363776	6
1.455616	2
8.011519999999999	11
2.186496	3
5.105408	7
6.568703999999999	9
3.65184	5
2.92352	4
4.388351999999999	6
6.587136	9
2.929664	4
2.198784	3
2.20032	3
2.201856	3
4.406784	6
1.469952	2
4.412928	6
5.152	7
4.419072	6
4.422143999999999	6
3.68768	5
4.428288	6
4.43136	6
6.651648	9
2.958336	4
5.1806719999999995	7
5.9248639999999995	8
5.92896	8
2.2248959999999998	3
7.42144	10
6.683904	9
2.9726719999999998	4
4.462079999999999	6
2.976768	4
5.212928	7
2.235648	3
6.711551999999999	9
2.23872	3
5.974016	8
5.230848	7
4.486656	6
4.4897279999999995	6
5.9904	8
5.994496	8
3.74912	5
3.75168	5
6.006784	8
6.010879999999999	8
6.014976	8
2.257152	3
6.776064	9
6.027264	8
9.80096	13
7.54432	10
1.509888	2
3.7772799999999997	5
9.071615999999999	12
8.32128	11
5.298944	7
3.030016	4
4.548096	6
4.551168	6
8.34944	11
5.316864	7
7.600639999999999	10
3.0423039999999997	4
4.566528	6
7.616	10
7.6211199999999995	10
1.525248	2
6.105087999999999	8
4.581888	6
5.34912	7
3.8233599999999996	5
5.356288	7
4.594176	6
5.363455999999999	7
3.8335999999999997	5
8.439551999999999	11
6.909695999999999	9
4.609535999999999	6
5.3813759999999995	7
3.8464	5
5.388544	7
7.70304	10
7.7081599999999995	10
5.399296	7
6.17472	8
5.406464	7
2.3185919999999998	3
7.733759999999999	10
3.095552	4
6.1952	8
3.0996479999999997	4
6.978815999999999	9
7.75936	10
3.88224	5
6.99264	9
3.8873599999999997	5
3.88992	5
2.335488	3
4.674048	6
6.23616	8
7.020288	9
7.80544	10
7.029503999999999	9
2.3447039999999997	3
7.03872	9
3.130368	4
9.397248	12
3.91808	5
4.704768	6
5.49248	7
5.496064	7
6.285311999999999	8
3.9308799999999997	5
10.226944	13
2.3615999999999997	3
7.87712	10
3.9411199999999997	5
7.887359999999999	10
3.156992	4
7.1078399999999995	9
3.161088	4
4.744704	6
11.078144	14
3.167232	4
5.54624	7
5.549824	7
7.93344	10
6.350848	8
7.94368	10
3.1795199999999997	4
3.181568	4
4.775424	6
5.574911999999999	7
4.781568	6
10.366719999999999	13
5.5856639999999995	7
3.99232	5
8.788736	11
7.195392	9
8.0	10
7.2046079999999995	9
6.408192	8
4.00768	5
3.208192	4
5.61792	7
3.212288	4
5.625088	7
9.649151999999999	12
5.632256	7
7.24608	9
6.445056	8
8.06144	10
5.646592	7
4.843008	6
12.1152	15
6.465535999999999	8
11.321856	14
5.664511999999999	7
4.858368	6
6.48192	8
5.675263999999999	7
6.490112	8
8.117759999999999	10
2.436864	3
6.5024	8
6.506495999999999	8
7.324415999999999	9
10.586368	13
7.333632	9
10.59968	13
8.974592	11
4.08192	5
4.901376	6
6.539263999999999	8
8.1792	10
5.729024	7
5.732608	7
10.652928	13
8.199679999999999	10
2.46144	3
7.388928	9
4.929024	6
8.22016	10
4.935168	6
11.52256	14
9.882624	12
4.9443839999999994	6
11.544063999999999	14
4.12544	5
9.0816	11
8.26112	10
9.092863999999999	11
11.579903999999999	14
8.27648	10
3.31264	4
6.629376	8
4.145919999999999	5
4.9781759999999995	6
8.30208	10
7.47648	9
8.31232	10
2.4952319999999997	3
8.32256	10
9.160447999999999	11
6.666239999999999	8
6.670336	8
11.680256	14
5.843712	7
9.188608	11
12.5376	15
10.036223999999999	12
4.18432	5
9.211136	11
7.540991999999999	9
5.868799999999999	7
5.033472	6
8.39424	10
7.559424	9
5.8831359999999995	7
8.4096	10
5.048832	6
6.735872	8
10.109952	12
5.901056	7
7.591679999999999	9
12.66048	15
9.289984	11
5.070336	6
7.610112	9
9.30688	11
11.852288	14
5.082624	6
9.323775999999999	11
5.088768	6
9.33504	11
10.189824	12
5.947648	7
5.951232	7
9.357567999999999	11
5.9584	7
5.961984	7
9.374464	11
12.791039999999999	15
6.825984	8
6.83008	8
7.688447999999999	9
5.9834879999999995	7
11.118848	13
8.55808	10
8.5632	10
6.854655999999999	8
6.001408	7
12.009984	14
7.725312	9
7.72992	9
14.609663999999999	17
5.159424	6
11.185407999999999	13
8.60928	10
3.44576	4
8.61952	10
7.762175999999999	9
8.62976	10
12.088832	14
5.184	6
6.051584	7
5.190144	6
10.386432	12
8.66048	10
6.065919999999999	7
9.537792	11
7.808256	9
6.076671999999999	7
4.34304	5
6.0838399999999995	7
11.305216	13
7.831296	9
12.189184	14
12.196352	14
6.97344	8
6.105344	7
6.108928	7
7.858943999999999	9
7.863551999999999	9
9.61664	11
12.246528	14
7.877376	9
8.75776	10
6.134016	7
12.2752	14
8.77312	10
6.144768	7
7.905024	9
7.030784	8
10.55232	12
2.6396159999999997	3
12.325375999999999	14
10.570751999999999	12
7.932671999999999	9
7.9372799999999994	9
13.23648	15
7.063552	8
7.067647999999999	8
12.375551999999999	14
14.151679999999999	16
7.079936	8
7.969536	9
5.316096	6
7.092224	8
10.64448	12
7.100416	8
8.88064	10
4.44288	5
5.334528	6
12.4544	14
8.901119999999999	10
8.90624	10
8.91136	10
7.133184	8
8.9216	10
8.034048	9
7.145472	8
8.043263999999999	9
7.153664	8
8.05248	9
2.685696	3
1.791488	2
8.066303999999999	9
7.174144	8
8.9728	10
5.3867519999999995	6
7.186432	8
9.886975999999999	11
14.389247999999998	16
6.29888	7
5.402112	6
9.00864	10
7.211008	8
9.920767999999999	11
8.121599999999999	9
8.126208	9
14.454784	16
10.847232	12
9.04448	10
6.33472	7
7.2437759999999995	8
5.435904	6
5.438975999999999	6
6.349056	7
10.89024	12
7.264256	8
7.268351999999999	8
8.181504	9
9.09568	10
7.28064	8
10.927104	12
9.11104	10
10.027776	11
0.9121279999999999	1
15.51488	17
10.957823999999999	12
6.3956479999999996	7
10.055935999999999	11
9.14688	10
5.4912	6
4.5785599999999995	5
1.8324479999999999	2
7.333888	8
8.255232	9
8.259839999999999	9
4.59136	5
9.18784	10
8.273664	9
10.117887999999999	11
7.362559999999999	8
11.049984	12
14.741503999999999	16
2.765568	3
7.378944	8
5.53728	6
1.846784	2
6.467327999999999	7
5.546495999999999	6
7.399424	8
4.6272	5
7.407616	8
6.4852479999999995	7
4.63488	5
8.347392	9
10.208	11
5.571072	6
3.716096	4
4.647679999999999	5
6.510336	7
3.7222399999999998	4
6.517504	7
11.179008	12
2.7962879999999997	3
4.66304	5
3.73248	4
5.601792	6
10.275584	11
4.67328	5
8.416511999999999	9
9.3568	10
4.68096	5
2.8101119999999997	3
4.68608	5
8.439551999999999	9
3.75296	4
4.69376	5
4.69632	5
7.518208	8
6.582015999999999	7
3.7632	4
2.823936	3
9.418239999999999	10
6.5963519999999995	7
5.657088	6
4.7168	5
2.831616	3
9.44384	10
6.614272	7
4.72704	5
4.7296	5
4.7321599999999995	5
9.469439999999999	10
4.73728	5
4.73984	5
7.58784	8
0.948992	1
2.848512	3
6.650112	7
5.703168	6
6.65728	7
8.563968	9
1.9041279999999998	2
5.715456	6
4.76544	5
5.7216	6
6.678783999999999	7
2.8638719999999998	3
5.730816	6
6.6895359999999995	7
4.7808	5
2.8700159999999997	3
6.700288	7
0.957696	1
6.707456	7
8.62848	9
9.592319999999999	10
3.8389759999999997	4
6.721792	7
3.843072	4
4.8064	5
1.923584	2
7.6984319999999995	8
3.851264	4
4.81664	5
4.8191999999999995	5
4.821759999999999	5
8.683776	9
5.792256	6
5.795328	6
3.8655999999999997	4
4.83456	5
5.804544	6
8.711424	9
5.810688	6
6.782719999999999	7
4.84736	5
4.84992	5
2.911488	3
2.913024	3
6.80064	7
3.888128	4
8.752896	9
3.8922239999999997	4
6.814976	7
11.68896	12
6.822144	7
3.900416	4
4.87808	5
3.904512	4
6.83648	7
6.840064	7
3.910656	4
2.934528	3
1.957376	2
7.8336	8
4.89856	5
5.8813439999999995	6
4.90368	5
7.849984	8
2.94528	3
4.91136	5
2.948352	3
4.91648	5
3.9352319999999996	4
3.93728	4
3.9393279999999997	4
2.956032	3
4.929279999999999	5
2.959104	3
1.97376	2
4.93696	5
4.93952	5
4.94208	5
1.9778559999999998	2
3.95776	4
2.969856	3
2.971392	3
4.95488	5
6.940416	7
1.984	2
3.970048	4
4.96512	5
0.993536	1
3.9761919999999997	4
3.980288	4
2.986752	3
6.972671999999999	7
2.989824	3
1.99424	2
3.990528	4
0.9981439999999999	1
3.994624	4
3.996672	4
4.9984	5
3.0005759999999997	3
4.002816	4
3.0036479999999997	3
4.006912	4
6.01344	6
3.008256	3
3.009792	3
2.007552	2
5.02144	5
3.0143999999999997	3
1.005312	1
2.011648	2
5.03168	5
5.03424	5
4.02944	4
2.0157439999999998	2
4.033536	4
4.035584	4
2.0188159999999997	2
1.00992	1
1.010432	1
5.05472	5
5.0572799999999996	5
4.047872	4
4.04992	4
2.025984	2
1.013504	1
6.084096	6
5.07264	5
4.062208	4
6.096384	6
1.016576	1
4.068352	4
2.0352	2
4.072448	4
7.130368	7
2.038272	2
2.0392959999999998	2
2.04032	2
3.062016	3
5.105919999999999	5
2.043392	2
3.066624	3
3.0681599999999998	3
2.046464	2
3.0712319999999997	3
2.048512	2
3.0743039999999997	3
2.05056	2
2.051584	2
4.107264	4
1.027328	1
2.0556799999999997	2
2.056704	2
5.14432	5
2.0587519999999997	2
3.089664	3
3.0911999999999997	3
3.092736	3
3.0942719999999997	3
4.127744	4
2.064896	2
3.09888	3
2.067968	2
1.0344959999999999	1
2.070016	2
2.07104	2
1.036032	1
2.073088	2
5.18528	5
2.075136	2
1.03808	1
4.154368	4
2.0792319999999997	2
3.12192	3
2.0823039999999997	2
1.041664	1
2.084352	2
1.042688	1
1.0432	1
3.132672	3
1.0447359999999999	1
1.04576	1
3.138816	3
4.187136	4
1.047296	1
2.0956159999999997	2
4.19328	4
9.441792	9
3.150336	3
4.204543999999999	4
4.20864	4
6.319103999999999	6
4.216832	4
4.220928	4
5.28128	5
3.17184	3
2.116608	2
3.177984	3
4.241408	4
4.2455039999999995	4
3.1872	3
5.31712	5
4.257792	4
2.130944	2
2.1329919999999998	2
3.20256	3
4.274176	4
2.1391359999999997	2
5.3529599999999995	5
2.143232	2
6.43584	6
7.515648	7
4.2987519999999995	4
4.302848	4
3.2302079999999997	3
2.15552	2
1.078784	1
3.2394239999999996	3
3.242496	3
7.572991999999999	7
2.1657599999999997	2
5.4195199999999994	5
6.509568	6
5.42976	5
3.260928	3
4.351999999999999	4
4.356096	4
4.360192	4
4.364288	4
2.184192	2
5.465599999999999	5
4.376576	4
5.47584	5
1.096192	1
6.583296	6
4.3929599999999995	4
7.6948479999999995	7
3.300864	3
4.405247999999999	4
6.6140159999999995	6
2.20672	2
2.210816	2
4.425727999999999	4
5.53728	5
3.32544	3
2.219008	2
5.552639999999999	5
3.334656	3
2.225152	2
4.458496	4
3.3469439999999997	3
3.3500159999999997	3
2.235392	2
2.23744	2
6.718464	6
3.362304	3
3.365376	3
3.368448	3
5.619199999999999	5
2.2497279999999997	2
1.125888	1
3.3807359999999997	3
5.639679999999999	5
2.25792	2
1.1299839999999999	1
2.262016	2
1.132032	1
1.1330559999999998	1
2.270208	2
2.272256	2
4.548608	4
4.552703999999999	4
3.4175999999999997	3
3.4206719999999997	3
1.141248	1
2.2865919999999997	2
1.14432	1
2.290688	2
4.585472	4
2.29888	2
3.4544639999999998	3
4.610048	4
1.153536	1
2.311168	2
3.469824	3
2.317312	2
4.63872	4
2.321408	2
3.485184	3
2.325504	2
2.327552	2
1.1648	1
1.165824	1
1.1668479999999999	1
1.168896	1
3.50976	3
2.341888	2
1.171968	1
3.522048	3
1.1750399999999999	1
2.352128	2
1.177088	1
1.178112	1
2.358272	2
3.543552	3
2.364416	2
3.549696	3
5.921279999999999	5
4.745216	4
1.187328	1
2.3767039999999997	2
2.378752	2
3.5711999999999997	3
2.382848	2
1.194496	1
1.19552	1
2.395136	2
1.199616	1
2.40128	2
2.405376	2
1.203712	1
2.409472	2
2.41152	2
2.4135679999999997	2
1.209856	1
1.21088	1
3.635712	3
3.638784	3
2.427904	2
1.2170239999999999	1
1.219072	1
1.2200959999999998	1
1.22112	1
1.222144	1
1.223168	1
1.224192	1
2.454528	2
1.228288	1
1.229312	1
1.2303359999999999	1
2.46272	2
1.232384	1
2.4668159999999997	2
1.234432	1
3.706368	3
1.240576	1
1.2416	1
1.242624	1
1.244672	1
2.491392	2
2.49344	2
1.2487679999999999	1
2.5036799999999997	2
1.252864	1
1.254912	1
1.2569599999999999	1
1.257984	1
1.260032	1
2.5241599999999997	2
1.264128	1
1.266176	1
1.268224	1
1.269248	1
2.546688	2
1.274368	1
1.27744	1
1.2938239999999999	1
2.591744	2
2.593792	2
2.59584	2
1.3020159999999998	1
1.3071359999999999	1
1.30816	1
1.309184	1
1.310208	1
3.936768	3
1.31328	1
1.3204479999999998	1
1.321472	1
1.327616	1
1.334784	1
1.337856	1
1.346048	1
1.347072	1
1.348096	1
1.350144	1
1.3573119999999999	1
1.361408	1
1.363456	1
1.36448	1
1.3655039999999998	1
1.3675519999999999	1
1.3706239999999998	1
2.743296	2
1.37472	1
1.37984	1
1.3808639999999999	1
1.381888	1
2.765824	2
1.3859839999999999	1
1.39008	1
1.396224	1
2.7985919999999997	2
1.40544	1
1.406464	1
1.4207999999999998	1
1.421824	1
2.845696	2
1.4259199999999999	1
1.427968	1
1.4341119999999998	1
1.435136	1
1.4361599999999999	1
1.44128	1
1.443328	1
1.4525439999999998	1
1.4576639999999998	1
1.4627839999999999	1
1.463808	1
1.46688	1
1.473024	1
1.475072	1
1.4863359999999999	1
1.491456	1
1.49248	1
1.493504	1
1.5027199999999998	1
1.503744	1
1.5047679999999999	1
1.508864	1
1.513984	1
1.54368	1
1.5580159999999998	1
1.561088	1
1.5631359999999999	1
1.5662079999999998	1
1.5682559999999999	1
1.56928	1
1.5713279999999998	1
3.1488	2
1.5764479999999998	1
1.5815679999999999	1
1.585664	1
1.588736	1
1.592832	1
1.598976	1
1.606144	1
1.622528	1
1.660416	1
1.683968	1
1.715712	1
1.7239039999999999	1
1.729024	1
1.767936	1
1.773056	1
1.807872	1
1.846784	1
3.7283839999999997	2
1.87136	1
1.8908159999999998	1
1.897984	1
1.950208	1
1.965568	1
2.000384	1
4.076544	2
4.196352	2
2.108416	1
2.153472	1
2.173952	1
2.219008	1
2.231296	1
2.23744	1
2.3336959999999998	1
2.3664639999999997	1
2.507776	1
2.5405439999999997	1
2.593792	1
2.618368	1
2.92352	1
3.1057919999999997	1
3.3003519999999997	1
3.429376	1
3.441664	1
3.4846719999999998	1
3.523584	1
3.595264	1
3.6096	1
3.705856	1
3.8717439999999996	1
4.092928	1
4.103168	1
4.129792	1
4.397056	1
8.974336	2
4.57728	1
4.683776	1
4.691968	1
4.929536	1
4.982784	1
5.052416	1
5.056512	1
5.445632	1
5.912576	1
6.035456	1
6.23616	1
7.968768	1
8.267776	1
8.556543999999999	1
8.564736	1
8.818688	1
9.105407999999999	1
9.400319999999999	1
10.530816	1
15.814656	1
15.888383999999999	1
23.011328	1
23.699455999999998	1
25.468928	1
26.763264	1
27.107328	1
28.090367999999998	1
28.385279999999998	1
28.729343999999998	1
29.188095999999998	1
29.302784	1
29.466624	1
59.228159999999995	2
29.679616	1
29.761536	1
29.892608	1
30.089216	1
30.220288	1
30.613504	1
30.662656	1
30.908416	1
31.318016	1
45.629439999999995	1
52.543487999999996	1
54.509567999999994	1
55.197696	1
55.361536	1
56.311808	1
57.360383999999996	1
57.556991999999994	1
57.622527999999996	1
58.015744	1
58.048511999999995	1
58.179584	1
59.129856	1
59.391999999999996	1
59.981823999999996	1
60.080127999999995	1
60.243967999999995	1
60.342271999999994	1
60.407807999999996	1
60.506111999999995	1
60.604416	1
121.40544	2
60.768255999999994	1
60.801024	1
60.86656	1
60.964864	1
121.99526399999999	2
61.063168	1
122.19187199999999	2
61.161471999999996	1
61.849599999999995	1
0.39232	1
0.40076799999999996	1
0.402304	1
0.40256	1
0.40409599999999996	1
0.40460799999999997	1
0.4064	1
0.40793599999999997	1
0.40998399999999996	1
0.8225279999999999	2
0.411776	1
0.413056	1
0.827136	2
0.41382399999999997	1
0.414336	1
0.8291839999999999	2
0.415104	1
0.41715199999999997	1
0.835328	2
0.41791999999999996	1
0.418688	1
0.418944	1
0.419712	1
0.420992	1
0.421504	1
0.42175999999999997	1
0.423296	1
1.270656	3
0.848128	2
0.8491519999999999	2
1.2744959999999999	3
0.4256	1
0.42585599999999996	1
0.426112	1
1.283712	3
0.428672	1
0.42969599999999997	1
0.429952	1
0.430208	1
0.43046399999999996	1
0.862464	2
0.43174399999999996	1
1.296	3
0.864512	2
0.432512	1
0.43302399999999996	1
0.43328	1
0.8675839999999999	2
1.302144	3
0.8686079999999999	2
0.43456	1
0.8711679999999999	2
0.43584	1
0.436096	1
1.309056	3
1.3098239999999999	3
0.436864	1
0.874752	2
0.438144	1
1.7535999999999998	4
0.438656	1
0.43891199999999997	1
0.439168	1
0.439424	1
1.7587199999999998	4
1.3198079999999999	3
1.7607679999999999	4
1.3213439999999999	3
0.440704	1
0.882944	2
0.8834559999999999	2
1.767936	4
0.884992	2
0.885504	2
0.44300799999999996	1
0.443264	1
0.44351999999999997	1
0.443776	1
1.332096	3
0.44428799999999996	1
1.778176	4
0.8896	2
0.8911359999999999	2
0.891648	2
1.7853439999999998	4
0.893184	2
0.44684799999999997	1
1.3413119999999998	3
0.44736	1
0.8952319999999999	2
1.343616	3
1.344384	3
0.896768	2
1.34592	3
0.8977919999999999	2
0.898304	2
1.797632	4
0.8993279999999999	2
0.44992	1
1.350528	3
0.900864	2
0.901376	2
1.354368	3
0.903424	2
0.451968	1
0.9044479999999999	2
0.45248	1
1.3582079999999999	3
0.45350399999999996	1
0.45376	1
0.908032	2
0.9085439999999999	2
0.909056	2
1.8191359999999999	4
1.36512	3
0.45555199999999996	1
1.8242559999999999	4
0.91264	2
1.370496	3
0.914176	2
0.457344	1
1.3728	3
1.831424	4
1.3751039999999999	3
2.29312	5
1.3766399999999999	3
1.377408	3
1.3781759999999998	3
0.459648	1
0.919808	2
0.9203199999999999	2
0.460416	1
1.382016	3
0.921856	2
0.922368	2
0.9228799999999999	2
0.461696	1
0.923904	2
1.3866239999999999	3
1.387392	3
0.9254399999999999	2
2.31488	5
0.463232	1
2.31744	5
1.854976	4
1.8559999999999999	4
1.392768	3
1.3935359999999999	3
0.9295359999999999	2
1.3950719999999999	3
0.46527999999999997	1
0.465536	1
0.931584	2
0.9320959999999999	2
1.398912	3
1.86624	4
2.3340799999999997	5
2.33536	5
1.401984	3
0.935168	2
1.4035199999999999	3
1.404288	3
0.9372159999999999	2
0.468864	1
0.46912	1
2.34688	5
0.939264	2
0.940288	2
2.8224	6
1.411968	3
2.3545599999999998	5
0.471168	1
1.8856959999999998	4
0.472192	1
3.779584	8
0.47270399999999996	1
3.78368	8
0.9464319999999999	2
0.473472	1
0.473728	1
1.8959359999999998	4
1.89696	4
0.948992	2
0.9495039999999999	2
0.475008	1
0.9505279999999999	2
1.4265599999999998	3
2.37888	5
0.47603199999999996	1
1.428864	3
0.9530879999999999	2
0.4768	1
0.477056	1
1.9092479999999998	4
2.3878399999999997	5
1.4334719999999999	3
0.95616	2
1.913344	4
3.350144	7
2.873088	6
3.35552	7
0.959232	2
0.9597439999999999	2
1.4403839999999999	3
3.362688	7
1.4419199999999999	3
1.923584	4
1.9246079999999999	4
2.888448	6
0.481664	1
1.928704	4
0.9648639999999999	2
1.9307519999999998	4
2.897664	6
1.4496	3
1.4503679999999999	3
0.483712	1
3.3877759999999997	7
1.452672	3
4.36032	9
1.938944	4
1.939968	4
1.455744	3
2.913024	6
1.9430399999999999	4
2.43008	5
1.945088	4
1.459584	3
0.486784	1
1.46112	3
0.9745919999999999	2
0.487552	1
3.414656	7
0.976128	2
0.97664	2
0.48857599999999995	1
2.44416	5
1.467264	3
1.957376	4
0.4896	1
1.469568	3
1.960448	4
2.45184	5
1.4718719999999998	3
1.96352	4
2.9468159999999997	6
4.422528	9
2.45824	5
1.9676159999999998	4
0.98432	2
1.477248	3
2.4633599999999998	5
2.9575679999999998	6
0.49318399999999996	1
1.4803199999999999	3
0.9873919999999999	2
3.951616	8
0.988416	2
2.966784	6
2.96832	6
2.4748799999999997	5
1.485696	3
1.981952	4
1.4872319999999999	3
0.496	1
1.985024	4
0.9930239999999999	2
4.470912	9
0.9940479999999999	2
1.4918399999999998	3
1.990144	4
1.493376	3
2.49024	5
1.9932159999999999	4
1.49568	3
3.990528	8
0.9981439999999999	2
1.497984	3
0.499584	1
1.49952	3
1.5002879999999998	3
1.000704	2
2.0024319999999998	4
2.50432	5
1.50336	3
2.0055039999999997	4
1.504896	3
2.007552	4
2.51072	5
2.0096	4
2.010624	4
3.0174719999999997	6
4.025344	8
4.027392	8
1.51104	3
0.5039359999999999	1
1.512576	3
2.52224	5
2.0188159999999997	4
1.51488	3
1.5156479999999999	3
0.505472	1
1.5171839999999999	3
2.5299199999999997	5
1.5187199999999998	3
5.06496	10
5.06752	10
1.521024	3
2.0290559999999997	4
3.04512	6
3.046656	6
1.524096	3
3.049728	6
2.034176	4
2.544	5
1.5271679999999999	3
1.527936	3
1.019136	2
2.54912	5
4.08064	8
1.020672	2
2.0423679999999997	4
2.043392	4
2.55552	5
0.5113599999999999	1
1.534848	3
1.5356159999999999	3
2.048512	4
4.099072	8
2.05056	4
1.025792	2
3.5920639999999997	7
3.080448	6
0.513664	1
2.0556799999999997	4
0.514176	1
2.057728	4
0.5146879999999999	1
3.089664	6
2.576	5
3.092736	6
3.609984	7
2.063872	4
2.064896	4
2.0659199999999998	4
5.1673599999999995	10
3.618944	7
2.58624	5
1.552512	3
2.5888	5
1.5540479999999999	3
2.073088	4
3.1111679999999997	6
2.075136	4
1.5571199999999998	3
2.077184	4
3.1173119999999996	6
2.59904	5
1.560192	3
1.04064	2
2.60288	5
3.1249919999999998	6
1.042176	2
2.6067199999999997	5
2.608	5
2.60928	5
2.61056	5
1.5671039999999998	3
2.090496	4
2.09152	4
3.661952	7
3.140352	6
5.760128	11
1.571712	3
2.09664	4
4.196352	8
4.725504	9
5.25568	10
5.2608	10
6.845695999999999	13
5.27104	10
7.9142399999999995	15
7.3937919999999995	14
6.34368	12
5.820672	11
8.474624	16
4.241408	8
4.2455039999999995	8
7.968	15
5.848832	11
5.854464	11
6.392831999999999	12
5.332479999999999	10
4.27008	8
4.808447999999999	9
4.813056	9
9.100031999999999	17
6.965503999999999	13
6.43584	12
6.978815999999999	13
3.761408	7
6.454272	12
10.76736	20
4.84992	9
8.630272	16
1.6197119999999998	3
9.187071999999999	17
4.868352	9
4.87296	9
4.877568	9
6.509568	12
5.972735999999999	11
7.608832	14
4.896	9
6.5341439999999995	12
7.630336	14
7.637504	14
9.828864	18
3.82592	7
6.564864	12
8.213759999999999	15
6.577152	12
4.388864	8
11.531519999999999	21
4.397056	8
3.8510079999999998	7
6.6078719999999995	12
5.51168	10
9.37856	17
6.626303999999999	12
6.079744	11
2.76608	5
6.644736	12
6.09664	11
8.876032	16
4.997376	9
5.001984	9
7.788031999999999	14
3.8975999999999997	7
7.8023679999999995	14
4.462592	8
6.700031999999999	12
3.353088	6
7.27168	13
5.59872	10
9.526527999999999	17
8.974336	16
2.8070399999999998	5
7.866879999999999	14
7.874047999999999	14
5.066496	9
5.63456	10
10.151423999999999	18
4.51584	8
3.3899519999999996	6
5.089536	9
6.226176	11
7.931392	14
7.371519999999999	13
5.67552	10
7.952896	14
10.802944	19
7.398143999999999	13
6.2656	11
6.2712319999999995	11
7.988735999999999	14
6.282496	11
8.57472	15
6.29376	11
9.162752	16
4.585472	8
4.589568	8
8.038912	14
4.59776	8
9.203712	16
5.75744	10
6.338816	11
8.074752	14
4.04096	7
9.822464	17
4.626431999999999	8
4.630528	8
8.110592	14
6.37824	11
9.285632	16
6.389504	11
3.488256	6
8.72832	15
8.735999999999999	15
6.994943999999999	12
7.584511999999999	13
5.83936	10
7.597823999999999	13
2.9248	5
5.8547199999999995	10
4.687872	8
9.970431999999999	17
6.457088	11
2.3500799999999997	4
7.644416	13
7.0625279999999995	12
8.83584	15
4.126976	7
7.080959999999999	12
10.040064	17
6.5021439999999995	11
5.91616	10
7.105536	12
4.14848	7
6.524672	11
8.311296	14
5.9417599999999995	10
6.541568	11
7.142399999999999	12
7.148543999999999	12
6.558464	11
7.160832	12
6.569728	11
7.77088	13
8.974079999999999	15
8.382976	14
9.588735999999999	16
5.99808	10
9.0048	15
7.2099839999999995	12
6.01344	10
5.416704	9
4.216576	7
9.64608	16
9.654271999999999	16
5.435136	9
7.252992	12
9.07392	15
4.23808	7
6.05952	10
6.671104	11
5.462784	9
4.252416	7
4.864	8
9.736191999999999	16
1.8270719999999998	3
4.876288	8
3.660288	6
4.88448	8
7.943936	13
6.1158399999999995	10
3.0604799999999996	5
7.963903999999999	13
7.97056	13
4.909056	8
4.913152	8
5.531904	9
7.382015999999999	12
8.61952	14
7.394304	12
4.933631999999999	8
13.578752	22
7.412736	12
8.03712	13
11.137535999999999	18
3.09632	5
6.19776	10
5.582592	9
4.9664	8
8.698368	14
6.21824	10
5.601024	9
3.737088	6
5.61024	9
3.11936	5
4.3706879999999995	7
9.998336	16
5.003264	8
9.3888	15
5.637887999999999	9
6.2694399999999995	10
5.019648	8
5.023744	8
7.54176	12
5.660928	9
4.406528	7
5.040128	8
8.196864	13
4.41728	7
6.9470719999999995	11
2.528256	4
8.856064	14
6.9639679999999995	11
10.137599999999999	16
6.975232	11
6.9808639999999995	11
5.7162239999999995	9
6.3564799999999995	10
4.45312	7
8.913408	14
9.55776	15
4.463871999999999	7
5.105664	8
7.6646399999999995	12
3.8353919999999997	6
5.757696	9
7.042815999999999	11
3.20384	5
2.56512	4
2.5671679999999997	4
3.853824	6
3.856896	6
5.146624	8
8.36992	13
3.2217599999999997	5
3.8691839999999997	6
2.581504	4
5.167104	8
3.8783999999999996	6
3.2345599999999997	5
3.23712	5
4.535552	7
5.836031999999999	9
1.94688	3
3.896832	6
3.24992	5
4.553472	7
4.557056	7
5.86368	9
7.824383999999999	12
5.220352	8
2.612224	4
3.921408	6
3.2704	5
6.54592	10
8.516352	13
3.933696	6
2.6245119999999997	4
3.2832	5
8.542976	13
7.234304	11
5.265408	8
5.928192	9
3.9551999999999996	6
6.597119999999999	10
4.621568	7
3.30368	5
2.644992	4
3.97056	6
5.298176	8
7.953408	12
5.969664	9
3.9828479999999997	6
3.3215999999999997	5
3.9889919999999996	6
6.65344	10
5.326848	8
3.998208	6
3.3344	5
2.002176	3
6.011136	9
6.684159999999999	10
3.34464	5
4.01664	6
9.379328	14
6.0341759999999995	9
2.683904	4
4.700416	7
6.72	10
5.380096	8
4.038144	6
6.061824	9
8.088576	12
2.6982399999999997	4
3.3753599999999997	5
3.37792	5
4.056576	6
2.706432	4
2.03136	3
2.710528	4
3.39072	5
2.7146239999999997	4
8.829184	13
2.71872	4
4.0811519999999994	6
4.764927999999999	7
3.4060799999999998	5
7.499008	11
4.7756799999999995	7
4.7792639999999995	7
7.515904	11
7.521535999999999	11
2.052864	3
3.424	5
4.111872	6
6.172416	9
4.118016	6
5.494784	8
5.49888	8
8.254464	12
6.883839999999999	10
4.133376	6
6.89408	10
2.75968	4
4.833024	7
4.145664	6
2.765824	4
1.3839359999999998	2
2.76992	4
4.157952	6
4.854528	7
8.328192	12
4.167168	6
3.4751999999999996	5
6.259968	9
8.358912	12
3.4854399999999996	5
3.488	5
2.0943359999999998	3
4.890368	7
4.194815999999999	6
2.7985919999999997	4
2.80064	4
4.204032	6
4.207104	6
5.613568	8
1.4044159999999999	2
7.72992	11
2.109696	3
4.926208	7
2.112768	3
5.638144	8
6.347519999999999	9
3.5289599999999997	5
4.944128	7
6.361344	9
2.829312	4
7.078399999999999	10
4.250112	6
7.08864	10
6.384384	9
4.259328	6
2.8415999999999997	4
3.55456	5
9.959935999999999	14
4.271616	6
4.274687999999999	6
4.99072	7
4.280832	6
2.855936	4
4.286976	6
5.005056	7
5.7241599999999995	8
2.864128	4
2.866176	4
3.58528	5
5.022976	7
2.8723199999999998	4
1.437184	2
2.876416	4
5.037312	7
5.040896	7
3.6031999999999997	5
5.048064	7
4.329984	6
4.333056	6
6.504192	9
5.062399999999999	7
5.789696	8
5.069567999999999	7
1.4494719999999999	2
6.527232	9
5.0803199999999995	7
2.9050879999999997	4
1.453568	2
5.8183679999999995	8
4.366848	6
2.18496	3
3.64416	5
2.1880319999999998	3
3.6492799999999996	5
3.65184	5
2.19264	3
5.119744	7
7.319039999999999	10
5.126912	7
3.66464	5
5.13408	7
2.9358079999999998	4
2.203392	3
3.67488	5
3.67744	5
4.4159999999999995	6
2.209536	3
4.422143999999999	6
2.950144	4
5.166335999999999	7
2.21568	3
2.956288	4
4.437504	6
5.920768	8
3.7030399999999997	5
3.7056	5
5.933056	8
3.71072	5
4.4559359999999995	6
5.202176	7
5.94944	8
4.465152	6
5.957631999999999	8
7.452159999999999	10
5.220096	7
5.22368	7
5.227264	7
4.483584	6
4.486656	6
5.986304	8
7.4879999999999995	10
5.994496	8
5.248768	7
1.500672	2
6.006784	8
5.25952	7
6.7668479999999995	9
3.76192	5
3.76448	5
3.7670399999999997	5
4.5235199999999995	6
4.526592	6
6.039552	8
5.288192	7
10.583552	14
6.051839999999999	8
5.298944	7
2.272512	3
3.7900799999999997	5
9.102336	12
3.0361599999999997	4
5.316864	7
5.320448	7
10.648064	14
5.327616	7
5.3312	7
2.286336	3
3.050496	4
5.341952	7
2.290944	3
2.29248	3
2.294016	3
3.82592	5
2.297088	3
5.363455999999999	7
3.06688	4
3.0689279999999997	4
1.535488	2
5.3777919999999995	7
3.075072	4
5.3849599999999995	7
6.158335999999999	8
4.621824	6
7.7081599999999995	10
5.399296	7
3.8592	5
6.951168	9
2.3185919999999998	3
3.8668799999999997	5
5.417216	7
3.0976	4
3.87456	5
3.8771199999999997	5
5.431552	7
2.329344	3
6.21568	8
7.774719999999999	10
3.111936	4
3.113984	4
8.569087999999999	11
6.23616	8
5.460224	7
6.244352	8
7.029503999999999	9
4.689407999999999	6
3.12832	4
5.4781439999999995	7
5.4817279999999995	7
5.4853119999999995	7
5.4888959999999996	7
5.49248	7
3.140608	4
3.92832	5
9.434111999999999	12
9.440256	12
4.723199999999999	6
2.363136	3
3.1528959999999997	4
2.366208	3
4.735488	6
6.31808	8
3.161088	4
4.744704	6
6.330368	8
3.167232	4
4.75392	6
7.928319999999999	10
7.140096	9
3.175424	4
3.177472	4
4.76928	6
3.181568	4
6.367232	8
5.574911999999999	7
4.781568	6
7.974399999999999	10
4.787712	6
7.186176	9
5.592832	7
4.796927999999999	6
8.799999999999999	11
1.601024	2
4.00512	5
3.2061439999999997	4
2.406144	3
4.81536	6
5.621504	7
2.410752	3
5.628672	7
7.241472	9
7.24608	9
7.250687999999999	9
4.03072	5
7.259904	9
5.650176	7
4.0384	5
8.08192	10
2.426112	3
5.664511999999999	7
5.668095999999999	7
5.671679999999999	7
4.8645119999999995	6
8.112639999999999	10
8.929535999999999	11
4.873728	6
3.2512	4
6.506495999999999	8
1.627648	2
8.14336	10
7.333632	9
2.44608	3
7.342848	9
4.08192	5
4.08448	5
4.9044479999999995	6
1.63584	2
7.365888	9
4.913664	6
4.09728	5
9.019648	11
4.92288	6
8.20992	10
2.464512	3
4.11008	5
4.11264	5
8.2304	10
6.588416	8
3.2962559999999996	4
5.772031999999999	7
10.726144	13
6.6048	8
6.608896	8
4.959744	6
6.617088	8
5.793536	7
8.2816	10
9.115392	11
4.145919999999999	5
9.956351999999999	12
4.15104	5
8.3072	10
12.46848	15
4.15872	5
4.993536	6
9.160447999999999	11
10.83264	13
9.171712	11
5.005824	6
10.852608	13
0.835328	1
8.3584	10
8.36352	10
4.18432	5
4.1868799999999995	5
8.378879999999999	10
5.868799999999999	7
6.711296	8
7.554816	9
8.39936	10
4.20224	5
7.568639999999999	9
6.731776	8
9.261823999999999	11
4.21248	5
10.116095999999999	12
8.4352	10
7.5962879999999995	9
8.44544	10
4.22528	5
4.22784	5
9.30688	11
7.619327999999999	9
5.929728	7
7.628544	9
6.785024	8
3.39456	4
7.642367999999999	9
9.346304	11
5.951232	7
10.208255999999999	12
5.1072	6
7.665407999999999	9
7.6700159999999995	9
8.52736	10
7.679232	9
4.2688	5
4.27136	5
4.2739199999999995	5
5.1317759999999994	6
5.9906559999999995	7
11.132159999999999	13
13.709311999999999	16
8.57344	10
6.004992	7
12.017152	14
5.15328	6
6.015744	7
9.458943999999999	11
11.185407999999999	13
7.748352	9
11.19872	13
6.8956159999999995	8
10.349568	12
10.355711999999999	12
6.907903999999999	8
3.456	4
8.64512	10
8.65024	10
8.65536	10
5.196288	6
9.53216	11
7.803648	9
11.278592	13
11.285248	13
7.8174719999999995	9
9.560319999999999	11
5.217792	6
13.052159999999999	15
7.835903999999999	9
6.9693439999999995	8
9.588479999999999	11
2.616576	3
5.236224	6
9.605376	11
10.484736	12
10.490879999999999	12
5.248512	6
8.75264	10
8.75776	10
7.010304	8
7.014399999999999	8
13.15968	15
7.0225919999999995	8
10.540032	12
5.2730879999999996	6
14.069759999999999	16
7.918848	9
6.162687999999999	7
6.166271999999999	7
5.288448	6
13.2288	15
10.589184	12
7.946496	9
9.718016	11
14.143488	16
11.49824	13
12.389888	14
15.053567999999999	17
6.202112	7
3.546112	4
15.07968	17
11.538176	13
6.216448	7
10.662912	12
9.779968	11
5.3376	6
7.120896	8
8.90624	10
8.91136	10
6.241536	7
9.81376	11
8.034048	9
8.93184	10
9.830656	11
4.4710399999999995	5
6.263039999999999	7
15.218943999999999	17
9.853183999999999	11
3.5850239999999998	4
9.864448	11
14.35648	16
8.97792	10
11.677952	13
13.48224	15
6.295296	7
5.399039999999999	6
8.103168	9
9.909504	11
7.211008	8
9.920767999999999	11
5.4144	6
8.126208	9
5.420544	6
10.847232	12
13.56672	15
9.0496	10
9.960192	11
14.495744	16
9.06496	10
7.256063999999999	8
9.075199999999999	10
8.172288	9
13.62816	15
4.54528	5
6.366975999999999	7
4.5504	5
6.374143999999999	7
11.844351999999999	13
10.027776	11
9.121279999999999	10
11.86432	13
10.957823999999999	12
10.963968	12
6.399232	7
7.317504	8
10.9824	12
9.157119999999999	10
9.162239999999999	10
8.250624	9
6.420736	7
11.93088	13
9.18272	10
9.18784	10
7.354368	8
9.19808	10
13.8048	15
9.208319999999999	10
10.134784	11
9.21856	10
8.301312	9
9.2288	10
11.080703999999999	12
5.543424	6
9.244159999999999	10
7.399424	8
8.32896	9
10.185471999999999	11
6.4852479999999995	7
2.780928	3
6.4924159999999995	7
8.352	9
4.64256	5
12.077312	13
10.224896	11
8.370432	9
7.4444799999999995	8
8.379648	9
6.521088	7
6.524672	7
7.460864	8
11.19744	12
12.137215999999999	13
2.802432	3
4.67328	5
11.222016	12
8.42112	9
4.68096	5
4.68352	5
14.995455999999999	16
18.754559999999998	20
7.50592	8
4.69376	5
9.39264	10
4.69888	5
8.462591999999999	9
11.2896	12
7.530495999999999	8
6.5927679999999995	7
7.538688	8
12.257024	13
9.4336	10
6.607104	7
9.44384	10
8.504064	9
10.399488	11
7.56736	8
4.7321599999999995	5
9.469439999999999	10
2.842368	3
6.635776	7
13.27872	14
11.387903999999999	12
9.49504	10
4.75008	5
3.8021119999999997	4
9.510399999999999	10
8.563968	9
7.616511999999999	8
4.76288	5
7.6247039999999995	8
9.536	10
12.403456	13
7.636991999999999	8
6.6859519999999995	7
3.8225919999999998	4
7.64928	8
7.653376	8
9.57184	10
6.703872	7
3.832832	4
4.7936	5
5.755392	6
6.718208	7
6.721792	7
4.80384	5
4.8064	5
2.885376	3
10.585344	11
7.702528	8
2.8899839999999997	3
4.8191999999999995	5
1.928704	2
3.8594559999999998	4
2.896128	3
5.795328	6
2.8992	3
6.768383999999999	7
7.739392	8
6.775551999999999	7
5.810688	6
10.65856	11
5.816832	6
3.879936	4
5.822976	6
2.913024	3
3.8860799999999998	4
6.804224	7
5.835264	6
2.919168	3
4.86784	5
3.89632	4
6.822144	7
5.850624	6
5.853695999999999	6
3.904512	4
7.81312	8
4.885759999999999	5
2.932992	3
6.847232	7
6.850816	7
3.9168	4
1.9594239999999998	2
4.90112	5
5.884416	6
7.849984	8
4.908799999999999	5
7.858175999999999	8
8.845056	9
3.933184	4
1.9676159999999998	2
1.96864	2
7.878655999999999	8
1.970688	2
5.9151359999999995	6
7.890943999999999	8
2.9606399999999997	3
1.9747839999999999	2
0.987904	1
4.94208	5
3.9557119999999997	4
1.97888	2
5.939712	6
2.971392	3
5.945856	6
5.9489279999999995	6
8.927999999999999	9
5.9550719999999995	6
1.9860479999999998	2
6.954752	7
6.958336	7
9.945599999999999	10
2.985216	3
0.9955839999999999	1
5.976576	6
4.98304	5
2.99136	3
4.98816	5
3.9925759999999997	4
4.9932799999999995	5
3.996672	4
4.9984	5
2.000384	2
5.00352	5
4.0048639999999995	4
5.00864	5
3.00672	3
2.0055039999999997	2
7.022848	7
8.030208	8
4.017151999999999	4
6.0287999999999995	6
5.02656	5
2.011648	2
6.038016	6
5.03424	5
6.04416	6
7.055104	7
3.025152	3
4.035584	4
2.0188159999999997	2
3.02976	3
4.041728	4
6.065664	6
7.080191999999999	7
4.047872	4
3.038976	3
2.027008	2
3.042048	3
5.07264	5
4.062208	4
4.064255999999999	4
4.066304	4
3.0512639999999998	3
3.0528	3
4.072448	4
6.111744	6
9.172224	9
3.058944	3
5.1008	5
6.124032	6
1.0211839999999999	1
5.10848	5
7.155456	7
4.090879999999999	4
3.069696	3
7.166207999999999	7
2.048512	2
6.148607999999999	6
5.126399999999999	5
1.025792	1
2.0526079999999998	2
2.053632	2
4.109312	4
6.173184	6
7.205632	7
2.059776	2
3.0911999999999997	3
2.061824	2
4.125696	4
5.15968	5
3.0973439999999997	3
3.09888	3
4.133888	4
3.101952	3
1.0344959999999999	1
5.17504	5
2.07104	2
3.1080959999999997	3
4.146176	4
5.18528	5
2.075136	2
4.15232	4
2.077184	2
3.1173119999999996	3
2.0792319999999997	2
1.040128	1
3.12192	3
1.0411519999999999	1
2.084352	2
2.085376	2
3.1296	3
3.1311359999999997	3
2.088448	2
4.1789439999999995	4
3.135744	3
2.09152	2
5.23136	5
3.140352	3
4.189184	4
6.286848	6
3.1449599999999998	3
9.441792	9
8.400896	8
1.0511359999999998	1
8.41728	8
8.425472	8
4.216832	4
4.220928	4
2.1125119999999997	2
3.17184	3
6.349824	6
4.237312	4
4.241408	4
8.491007999999999	8
9.5616	9
4.253696	4
4.257792	4
5.32736	5
7.465471999999999	7
5.3376	5
6.411264	6
9.626112	9
9.635328	9
3.214848	3
7.50848	7
7.515648	7
2.1493759999999997	2
3.227136	3
6.4604159999999995	6
4.31104	4
6.472703999999999	6
3.2394239999999996	3
3.242496	3
6.491136	6
5.4144	5
3.251712	3
5.42464	5
4.343808	4
2.173952	2
9.792	9
4.356096	4
4.360192	4
7.637504	7
5.46048	5
2.1862399999999997	2
2.188288	2
4.380672	4
5.48096	5
3.291648	3
3.29472	3
1.099264	1
5.50144	5
6.6078719999999995	6
4.409344	4
4.41344	4
5.52192	5
3.316224	3
4.425727999999999	4
1.107456	1
1.10848	1
5.54752	5
3.331584	3
5.55776	5
5.56288	5
7.7951999999999995	7
3.3438719999999997	3
4.462592	4
3.3500159999999997	3
1.117696	1
5.5935999999999995	5
3.359232	3
1.120768	1
1.121792	1
2.245632	2
2.24768	2
3.374592	3
4.503552	4
2.253824	2
1.127936	1
2.25792	2
2.2599679999999998	2
4.524032	4
1.132032	1
3.399168	3
3.40224	3
4.540416	4
2.272256	2
3.411456	3
1.1381759999999999	1
2.2784	2
4.564992	4
5.71648	5
1.14432	1
2.290688	2
1.146368	1
2.294784	2
2.2968319999999998	2
3.44832	3
4.601856	4
1.1514879999999998	1
2.305024	2
3.4606079999999997	3
3.4636799999999996	3
3.466752	3
1.1566079999999999	1
4.630528	4
3.475968	3
5.7984	5
1.160704	1
2.3234559999999997	2
2.325504	2
3.4913279999999998	3
1.1648	1
1.165824	1
1.1668479999999999	1
4.671488	4
4.675584	4
4.679679999999999	4
1.170944	1
2.343936	2
2.345984	2
3.52512	3
1.176064	1
1.177088	1
1.179136	1
3.5404799999999996	3
3.543552	3
2.364416	2
2.368512	2
7.11168	6
1.186304	1
4.749312	4
1.189376	1
2.3808	2
1.191424	1
1.192448	1
3.580416	3
3.583488	3
2.39104	2
2.393088	2
1.199616	1
2.40128	2
3.6080639999999997	3
2.409472	2
1.207808	1
1.208832	1
1.209856	1
1.21088	1
1.2119039999999999	1
3.638784	3
1.213952	1
2.429952	2
4.864	4
1.218048	1
3.657216	3
1.2200959999999998	1
1.222144	1
2.446336	2
1.224192	1
1.22624	1
2.456576	2
1.229312	1
1.2303359999999999	1
2.464768	2
1.234432	1
3.706368	3
1.23648	1
2.4770559999999997	2
1.2416	1
1.242624	1
1.2436479999999999	1
1.24672	1
4.999168	4
2.5036799999999997	2
1.252864	1
1.254912	1
2.511872	2
1.2569599999999999	1
1.257984	1
1.259008	1
2.522112	2
1.2620799999999999	1
1.2651519999999998	1
1.268224	1
2.5405439999999997	2
2.542592	2
3.820032	3
1.274368	1
1.2753919999999999	1
1.276416	1
2.556928	2
2.558976	2
1.28256	1
1.284608	1
1.286656	1
2.5774079999999997	2
1.289728	1
1.295872	1
1.299968	1
1.300992	1
1.3020159999999998	1
1.304064	1
1.310208	1
1.3122559999999999	1
1.3173759999999999	1
1.319424	1
1.321472	1
2.64704	2
2.6511359999999997	2
1.326592	1
2.655232	2
1.329664	1
1.3306879999999999	1
1.3358079999999999	1
4.01664	3
1.342976	1
1.345024	1
1.346048	1
1.347072	1
1.3491199999999999	1
4.050432	3
1.3521919999999998	1
1.355264	1
1.3573119999999999	1
1.360384	1
1.3655039999999998	1
1.368576	1
1.3696	1
1.372672	1
2.747392	2
1.37472	1
1.3757439999999999	1
1.381888	1
1.387008	1
1.39008	1
1.392128	1
1.3941759999999999	1
1.3992959999999999	1
1.4044159999999999	1
1.408512	1
1.41056	1
1.414656	1
1.4207999999999998	1
1.427968	1
1.433088	1
1.4361599999999999	1
1.442304	1
1.445376	1
1.453568	1
2.9153279999999997	2
1.459712	1
1.460736	1
1.464832	1
1.469952	1
2.9521919999999997	2
2.96448	2
1.485312	1
1.4863359999999999	1
1.490432	1
1.49248	1
1.4996479999999999	1
3.001344	2
1.501696	1
1.5027199999999998	1
1.5078399999999998	1
1.513984	1
1.519104	1
1.5365119999999999	1
1.54368	1
1.545728	1
1.550848	1
3.1057919999999997	2
1.5580159999999998	1
1.56416	1
1.580544	1
1.628672	1
1.633792	1
1.6583679999999998	1
1.662464	1
1.6634879999999999	1
1.6686079999999999	1
1.672704	1
1.678848	1
1.688064	1
1.689088	1
1.6952319999999999	1
1.696256	1
1.719808	1
1.741312	1
1.74336	1
1.7556479999999999	1
1.7607679999999999	1
1.78432	1
1.7955839999999998	1
1.839616	1
1.86624	1
1.87136	1
1.875456	1
1.888768	1
1.900032	1
1.9327999999999999	1
1.9543039999999998	1
1.9799039999999999	1
1.9860479999999998	1
2.007552	1
2.01984	1
2.038272	1
2.09664	1
2.118656	1
2.1493759999999997	1
2.225152	1
2.241536	1
2.243584	1
2.270208	1
2.2865919999999997	1
2.4238079999999997	1
2.917376	1
2.95424	1
2.982912	1
2.991104	1
3.064832	1
3.431424	1
3.4805759999999997	1
3.587072	1
4.017151999999999	1
4.360192	1
4.855808	1
4.88448	1
5.040128	1
5.306368	1
5.527552	1
5.961728	1
6.010879999999999	1
6.4942079999999995	1
6.559743999999999	1
6.662144	1
6.6744319999999995	1
6.690816	1
6.8096	1
7.071744	1
7.325696	1
7.366656	1
8.034303999999999	1
8.173568	1
8.210431999999999	1
8.214528	1
8.218624	1
8.374272	1
8.531967999999999	1
8.58112	1
8.654848	1
8.876032	1
9.244672	1
9.60512	1
10.170368	1
10.358784	1
11.538432	1
19.423232	1
20.963328	1
22.175743999999998	1
27.631615999999998	1
28.63104	1
28.79488	1
28.95872	1
29.368319999999997	1
30.154752	1
30.302208	1
30.318592	1
30.334975999999997	1
30.416895999999998	1
30.777344	1
30.826496	1
30.957568	1
31.055871999999997	1
48.676863999999995	1
49.201152	1
49.528832	1
49.5616	1
50.577408	1
55.164927999999996	1
56.016895999999996	1
56.868863999999995	1
58.08128	1
58.146815999999994	1
58.212351999999996	1
59.621376	1
60.342271999999994	1
60.37504	1
60.407807999999996	1
121.14329599999999	2
60.768255999999994	1
121.798656	2
60.964864	1
61.095935999999995	1
61.161471999999996	1
61.259775999999995	1
64.79872	1
76.644352	1
77.037568	1
82.214912	1
