0.41663999999999995	1
0.42457599999999995	1
0.42585599999999996	1
0.427648	1
0.435328	1
0.437888	1
0.442496	1
0.442752	1
0.44300799999999996	1
0.44428799999999996	1
0.444544	1
0.445312	1
0.446592	1
0.8977919999999999	2
0.449408	1
0.450432	1
0.45094399999999996	1
0.451968	1
0.45273599999999997	1
0.45350399999999996	1
0.908032	2
0.45478399999999997	1
0.455296	1
0.455808	1
0.457344	1
0.458368	1
0.9177599999999999	2
0.9187839999999999	2
0.461952	1
0.462464	1
0.463744	1
0.46399999999999997	1
0.465024	1
0.931584	2
0.467584	1
0.46784	1
0.46809599999999996	1
0.468352	1
0.46937599999999996	1
0.939264	2
0.469888	1
0.4704	1
0.942336	2
0.47193599999999997	1
0.944384	2
0.944896	2
1.418112	3
0.473472	1
0.9479679999999999	2
0.948992	2
0.475008	1
0.47552	1
1.429632	3
0.4768	1
0.477056	1
0.47731199999999996	1
0.477568	1
0.47782399999999997	1
0.47808	1
0.956672	2
0.478848	1
0.479104	1
0.9587199999999999	2
1.439616	3
0.960256	2
0.480384	1
0.9612799999999999	2
1.442688	3
0.9623039999999999	2
0.48243199999999997	1
0.9653759999999999	2
0.482944	1
1.4496	3
0.9679359999999999	2
0.968448	2
1.4534399999999998	3
0.484736	1
0.972032	2
0.486272	1
1.4603519999999999	3
0.48704	1
0.487552	1
1.9512319999999999	4
0.976128	2
0.977664	2
1.467264	3
0.4896	1
0.490112	1
1.471104	3
0.490624	1
1.96352	4
0.982784	2
0.491648	1
0.49190399999999995	1
0.49216	1
0.9848319999999999	2
0.492672	1
0.985856	2
0.9863679999999999	2
1.4803199999999999	3
0.49369599999999997	1
0.987904	2
0.988416	2
0.9889279999999999	2
0.9899519999999999	2
0.9904639999999999	2
0.990976	2
0.49574399999999996	1
0.496256	1
0.496768	1
0.49702399999999997	1
0.49728	1
0.497536	1
0.9955839999999999	2
1.494144	3
0.9966079999999999	2
0.99712	2
0.49907199999999996	1
0.998656	2
0.999168	2
1.501056	3
0.5006079999999999	1
0.500864	1
0.50112	1
0.5013759999999999	1
0.501632	1
0.5021439999999999	1
1.5087359999999999	3
1.509504	3
0.503424	1
0.50368	1
1.0078719999999999	2
1.008384	2
1.008896	2
1.0094079999999999	2
0.50496	1
1.010432	2
1.010944	2
0.505984	1
0.50624	1
1.012992	2
1.013504	2
1.014016	2
1.521792	3
1.01504	2
1.0160639999999999	2
0.508288	1
0.508544	1
1.0176	2
0.509056	1
1.018624	2
1.5287039999999998	3
1.0196479999999999	2
0.51008	1
1.531008	3
1.531776	3
1.532544	3
2.044416	4
0.511616	1
1.023744	2
0.512128	1
1.024768	2
0.51264	1
0.512896	1
1.0263039999999999	2
1.026816	2
1.540992	3
0.5139199999999999	1
2.056704	4
2.057728	4
1.0293759999999998	2
1.544832	3
1.5455999999999999	3
0.515456	1
2.062848	4
0.515968	1
2.066944	4
3.101952	6
1.552512	3
1.55328	3
2.59008	5
2.075136	4
1.03808	2
0.519296	1
2.0792319999999997	4
2.08128	4
0.520832	1
0.521088	1
2.085376	4
1.5648	3
1.043712	2
2.088448	4
1.5671039999999998	3
1.045248	2
1.569408	3
1.570176	3
2.094592	4
1.571712	3
1.04832	2
4.720896	9
1.050112	2
4.204543999999999	8
3.6825599999999996	7
2.6329599999999997	5
1.5813119999999998	3
3.165696	6
2.1125119999999997	4
2.6431999999999998	5
2.6457599999999997	5
2.118656	4
1.060352	2
3.714816	7
2.6559999999999997	5
4.253696	8
3.725568	7
2.130944	4
4.2659839999999996	8
1.60128	3
4.274176	8
3.208704	6
3.211776	6
3.214848	6
2.6816	5
0.536832	1
3.224064	6
3.227136	6
0.538368	1
1.07776	2
2.69696	5
2.1596159999999998	4
2.70208	5
2.70464	5
3.24864	6
3.251712	6
2.169856	4
3.8008319999999998	7
4.347904	8
2.1759999999999997	4
2.178048	4
2.180096	4
3.818752	7
2.184192	4
3.27936	6
3.829504	7
6.0234239999999994	11
1.644288	3
2.194432	4
3.29472	6
2.198528	4
3.300864	6
6.6078719999999995	12
3.3070079999999997	6
4.41344	8
2.208768	4
2.210816	4
1.1064319999999999	2
5.53728	10
2.21696	4
4.438016	8
5.552639999999999	10
4.4462079999999995	8
2.78144	5
3.3407999999999998	6
3.3438719999999997	6
2.231296	4
2.79168	5
4.470784	8
2.23744	4
4.478975999999999	8
4.483072	8
4.487168	8
6.175488	11
5.0572799999999996	9
3.9370239999999996	7
3.3776639999999998	6
3.3807359999999997	6
4.511744	8
7.33824	13
4.5199359999999995	8
2.82752	5
3.396096	6
4.532223999999999	8
3.96928	7
5.107968	9
5.6806399999999995	10
3.980032	7
3.414528	6
3.4175999999999997	6
2.8505599999999998	5
3.4237439999999997	6
5.140224	9
4.5731839999999995	8
2.8608	5
5.726719999999999	10
1.719552	3
5.163264	9
3.445248	6
5.17248	9
4.601856	8
8.060416	14
2.88128	5
3.4606079999999997	6
4.04096	7
2.88896	5
6.361344	11
5.209344	9
4.634624	8
5.7984	10
4.642816	8
6.389504	11
5.813759999999999	10
4.0732159999999995	7
2.912	5
7.577856	13
3.5005439999999997	6
7.591168	13
7.597823999999999	13
5.26464	9
4.683776	8
2.92992	5
4.691968	8
6.457088	11
6.46272	11
3.5281919999999998	6
4.119808	7
5.3015039999999996	9
0.589568	1
4.7206399999999995	8
9.449472	16
1.773312	3
4.141312	7
5.329152	9
4.74112	8
2.96576	5
4.749312	8
3.565056	6
5.352192	9
2.976	5
10.127104	17
3.5773439999999996	6
4.7738879999999995	8
5.97248	10
6.57536	11
2.99136	5
4.191488	7
3.595776	6
5.99808	10
6.0032	10
5.407488	9
6.01344	10
4.814848	8
7.8307839999999995	13
4.82304	8
5.430528	9
6.03904	10
3.02208	5
4.839424	8
4.84352	8
3.02976	5
5.458176	9
6.676736	11
6.074879999999999	10
4.864	8
4.8680959999999995	8
5.481216	9
3.0476799999999997	5
3.660288	6
4.2739199999999995	7
3.666432	6
6.727424	11
5.508864	9
6.12608	10
8.58368	14
2.454528	4
5.527296	9
3.6879359999999997	6
7.997184	13
7.38816	12
7.394304	12
4.316928	7
4.320512	7
4.324096	7
6.80064	11
4.331264	7
4.954111999999999	8
4.338432	7
8.063744	13
6.207999999999999	10
6.21312	10
3.730944	6
4.356352	7
3.1142399999999997	5
6.85696	11
2.495488	4
4.9950719999999995	8
3.749376	6
3.12704	5
2.5036799999999997	4
5.011456	8
5.015552	8
4.392192	7
5.651712	9
6.913279999999999	11
3.773952	6
5.036032	8
6.30016	10
5.674752	9
5.67936	9
3.1577599999999997	5
5.688575999999999	9
3.16288	5
3.7985279999999997	6
3.1679999999999997	5
1.9023359999999998	3
6.9808639999999995	11
3.810816	6
2.542592	4
3.81696	6
7.003392	11
4.460287999999999	7
6.3769599999999995	10
4.467455999999999	7
9.5808	15
6.39232	10
3.19872	5
3.2012799999999997	5
1.281536	2
5.13024	8
5.776128	9
5.780736	9
6.42816	10
4.503296	7
3.2192	5
2.5774079999999997	4
6.44864	10
5.163008	8
6.45888	10
5.8176	9
5.1752959999999995	8
3.884544	6
3.887616	6
7.132928	11
7.78752	12
5.1957759999999995	8
4.549888	7
5.203968	8
4.557056	7
3.2576	5
7.824383999999999	12
3.9152639999999996	6
2.612224	4
3.2678399999999996	5
5.8867199999999995	9
5.236736	8
3.930624	6
3.933696	6
4.592896	7
5.9097599999999995	9
1.9714559999999999	3
2.6306559999999997	4
2.632704	4
3.9521279999999996	6
5.2736	8
2.638848	4
4.621568	7
4.625152	7
5.289984	8
3.97056	6
9.271808	14
5.965056	9
5.969664	9
3.9828479999999997	6
5.31456	8
1.9944959999999998	3
7.318784	11
3.32928	5
3.998208	6
4.668159999999999	7
2.669568	4
8.682751999999999	13
5.347328	8
4.013568	6
4.01664	6
1.339904	2
2.681856	4
3.3548799999999996	5
2.014464	3
4.032	6
4.707584	7
4.038144	6
2.694144	4
6.066432	9
4.047359999999999	6
8.100864	12
4.729088	7
3.38048	5
4.059648	6
6.09408	9
8.131584	12
4.068864	6
4.071936	6
4.0750079999999995	6
4.75776	7
2.720768	4
6.126335999999999	9
4.768511999999999	7
4.7720959999999994	7
4.7756799999999995	7
5.462015999999999	8
2.733056	4
4.102656	6
4.105728	6
4.1088	6
8.223744	12
6.172416	9
5.490688	8
6.181632	9
4.81152	7
4.815104	7
5.507072	8
2.066688	3
0.689408	1
2.75968	4
4.833024	7
3.45472	5
6.223103999999999	9
3.45984	5
7.61728	11
9.008896	13
2.774016	4
3.47008	5
7.6398079999999995	11
4.865279999999999	7
4.173312	6
2.784256	4
4.8760319999999995	7
4.182528	6
1.3952	2
4.886784	7
2.794496	4
4.194815999999999	6
9.095424	13
6.3014399999999995	9
3.50336	5
2.8047359999999997	4
3.50848	5
4.213248	6
1.40544	2
2.109696	3
4.926208	7
4.225536	6
4.933376	7
4.23168	6
4.234751999999999	6
4.237824	6
1.413632	2
4.951296	7
4.24704	6
7.791872	11
1.4177279999999999	2
2.837504	4
3.5494399999999997	5
1.4207999999999998	2
4.9763839999999995	7
4.2685439999999994	6
7.1193599999999995	10
6.412032	9
3.5648	5
2.853888	4
7.1398399999999995	10
2.857984	4
5.720064	8
2.8620799999999997	4
2.864128	4
3.5827199999999997	5
3.58528	5
5.022976	7
6.46272	9
5.748736	8
2.876416	4
4.317696	6
3.60064	5
5.04448	7
5.048064	7
5.051648	7
7.22176	10
2.890752	4
4.3392	6
6.513408	9
3.62112	5
4.348415999999999	6
2.900992	4
6.53184	9
5.810175999999999	8
4.360704	6
4.363776	6
5.822464	8
5.82656	8
1.4576639999999998	2
5.105408	7
3.6492799999999996	5
1.460736	2
4.38528	6
3.6569599999999998	5
3.6595199999999997	5
5.859328	8
3.66464	5
5.86752	8
2.201856	3
5.875712	8
3.67488	5
5.148416	7
5.152	7
5.892096	8
8.107263999999999	11
3.68768	5
4.428288	6
5.90848	8
2.956288	4
6.656256	9
2.960384	4
2.221824	3
4.44672	6
5.191424	7
7.42144	10
4.4559359999999995	6
3.71584	5
2.2310399999999997	3
2.232576	3
2.9788159999999997	4
3.7260799999999996	5
2.982912	4
5.22368	7
5.227264	7
7.472639999999999	10
2.243328	3
5.238016	7
4.4928	6
2.997248	4
6.748416	9
6.002688	8
6.757632	9
5.25952	7
4.511232	6
6.771456	9
8.281856	11
5.273855999999999	7
9.047039999999999	12
6.035456	8
5.2846079999999995	7
3.7772799999999997	5
4.535807999999999	6
8.32128	11
3.78496	5
3.7875199999999998	5
3.0320639999999996	4
3.79264	5
4.55424	6
6.835967999999999	9
2.280192	3
3.0423039999999997	4
4.566528	6
6.8544	9
3.048448	4
6.100992	8
2.289408	3
3.054592	4
3.8207999999999998	5
8.411392	11
8.417024	11
2.297088	3
3.064832	4
4.60032	6
5.370623999999999	7
5.374207999999999	7
1.5365119999999999	2
4.612608	6
6.15424	8
3.84896	5
7.70304	10
5.395712	7
3.8566399999999996	5
2.31552	3
5.406464	7
2.3185919999999998	3
6.9603839999999995	9
7.73888	10
6.1952	8
3.87456	5
8.529664	11
2.327808	3
4.658688	6
3.10784	4
3.8873599999999997	5
4.667904	6
4.670976	6
4.674048	6
7.7951999999999995	10
4.680192	6
3.122176	4
4.686336	6
10.160383999999999	13
3.12832	4
6.260736	8
8.614144	11
7.052543999999999	9
5.4888959999999996	7
3.9232	5
6.281216	8
1.5713279999999998	2
3.9308799999999997	5
3.9334399999999996	5
5.5104	7
6.301696	8
5.517568	7
3.154944	4
2.367744	3
5.52832	7
3.9513599999999998	5
4.744704	6
2.373888	3
3.95904	5
0.7923199999999999	1
4.756991999999999	6
3.1733759999999998	4
4.763135999999999	6
2.383104	3
3.9743999999999997	5
2.386176	3
3.97952	5
3.185664	4
5.5784959999999995	7
3.1897599999999997	4
5.5856639999999995	7
4.7907839999999995	6
3.1959039999999996	4
2.3984639999999997	3
3.1999999999999997	4
6.404096	8
4.00512	5
5.610752	7
3.208192	4
5.61792	7
1.606144	2
8.03584	10
6.432767999999999	8
4.827648	6
5.63584	7
4.02816	5
4.03072	5
4.0332799999999995	5
3.228672	4
4.84608	6
2.424576	3
5.660928	7
5.664511999999999	7
4.858368	6
4.86144	6
2.4322559999999998	3
6.490112	8
1.6235519999999999	2
4.06144	5
2.4383999999999997	3
4.879872	6
3.255296	4
4.886016	6
4.0767999999999995	5
8.974592	11
4.8983039999999995	6
6.535168	8
7.356672	9
4.0896	5
4.09216	5
4.913664	6
12.291839999999999	15
5.739776	7
9.02528	11
2.462976	3
11.501056	14
4.932096	6
5.757696	7
2.4691199999999998	3
8.23552	10
6.592511999999999	8
1.649152	2
1.6501759999999999	2
4.9536	6
3.304448	4
5.7863679999999995	7
6.617088	8
4.965888	6
5.79712	7
7.458048	9
8.291839999999999	10
4.14848	5
6.641664	8
2.4921599999999997	3
4.15616	5
4.15872	5
3.329024	4
4.996608	6
9.99936	12
3.335168	4
4.17152	5
7.513344	9
2.5059839999999998	3
3.3433599999999997	4
1.672704	2
1.6737279999999999	2
2.5121279999999997	3
10.054656	12
4.192	5
7.550208	9
5.875967999999999	7
5.8795519999999994	7
5.042688	6
4.2048	5
8.414719999999999	10
3.367936	4
7.582464	9
8.43008	10
0.8435199999999999	1
6.752256	8
7.600896	9
5.915392	7
5.918976	7
4.2303999999999995	5
5.926144	7
5.082624	6
4.23808	5
5.088768	6
7.637759999999999	9
6.793215999999999	8
6.797312	8
6.8014079999999995	8
5.954816	7
6.8096	8
5.961984	7
8.52224	10
5.116416	6
5.972735999999999	7
7.68384	9
9.396992	11
1.709568	2
5.1317759999999994	6
1.711616	2
6.85056	8
6.854655999999999	8
7.716095999999999	9
1.715712	2
2.575104	3
2.57664	3
11.172096	13
5.159424	6
7.7437439999999995	9
5.1655679999999995	6
7.75296	9
7.757568	9
6.899712	8
3.451904	4
1.7269759999999998	2
9.504	11
4.32256	5
8.65024	10
6.924288	8
6.062336	7
8.6656	10
8.67072	10
5.2055039999999995	6
1.736192	2
6.9488639999999995	8
8.6912	10
4.34816	5
7.831296	9
6.094592	7
5.227008	6
8.7168	10
1.744384	2
6.108928	7
8.73216	10
4.36864	5
3.4969599999999996	4
9.622271999999999	11
4.37632	5
10.509312	12
3.505152	4
7.8911999999999995	9
8.77312	10
3.5112959999999998	4
4.39168	5
5.2730879999999996	6
7.9142399999999995	9
10.558463999999999	12
7.923456	9
8.808959999999999	10
3.525632	4
5.291519999999999	6
7.059456	8
7.946496	9
6.1841919999999995	7
6.1877759999999995	7
9.72928	11
4.42496	5
7.969536	9
10.632192	12
9.751807999999999	11
7.0963199999999995	8
7.100416	8
9.768704	11
6.220032	7
7.112704	8
10.6752	12
4.450559999999999	5
1.781248	2
8.020223999999999	9
8.91648	10
5.3529599999999995	6
7.141375999999999	8
8.038656	9
3.5747839999999997	4
5.365247999999999	6
7.15776	8
10.742784	12
8.95744	10
4.48128	5
6.277375999999999	7
8.9728	10
7.182335999999999	8
11.677952	13
10.785791999999999	12
4.49664	5
7.19872	8
9.00352	10
9.909504	11
9.01376	10
6.313216	7
5.4144	6
3.6116479999999997	4
5.420544	6
7.231488	8
8.140032	9
9.0496	10
3.6218879999999998	4
6.341888	7
8.158464	9
10.884096	12
7.26016	8
8.172288	9
8.176896	9
7.272448	8
5.457408	6
7.28064	8
10.016511999999999	11
10.933247999999999	12
13.67424	15
7.2970239999999995	8
8.213759999999999	9
3.652608	4
2.740992	3
8.227584	9
10.976256	12
7.3216	8
10.988544	12
7.329791999999999	8
12.834304	14
8.255232	9
5.5065599999999995	6
3.673088	4
6.431488	7
8.273664	9
6.438656	7
5.52192	6
4.604159999999999	5
5.528064	6
5.531136	6
6.456576	7
5.53728	6
9.23392	10
4.61952	5
10.168576	11
3.699712	4
6.478079999999999	7
7.407616	8
5.558784	6
8.342784	9
7.419904	8
10.208	11
5.571072	6
8.361215999999999	9
4.647679999999999	5
8.370432	9
4.6528	5
6.517504	7
9.31584	10
7.456767999999999	8
4.66304	5
9.331199999999999	10
7.469055999999999	8
7.473152	8
4.67328	5
5.611008	6
5.6140799999999995	6
1.8723839999999998	2
10.303744	11
6.560512	7
10.315007999999999	11
7.50592	8
3.7550079999999997	4
12.210431999999999	13
2.819328	3
4.70144	5
13.171199999999999	14
7.530495999999999	8
8.476416	9
3.769344	4
7.542783999999999	8
11.320319999999999	12
9.43872	10
7.555072	8
10.393856	11
5.672448	6
8.51328	9
10.410751999999999	11
7.575552	8
7.579648	8
2.8439039999999998	3
9.4848	10
10.438912	11
9.49504	10
5.700095999999999	6
2.851584	3
13.31456	14
11.418624	12
12.376832	13
13.336063999999999	14
3.8123519999999997	4
7.6288	8
4.77056	5
3.8184959999999997	4
9.551359999999999	10
6.6895359999999995	7
6.6931199999999995	7
8.610047999999999	9
4.78592	5
1.915392	2
4.79104	5
3.8348799999999996	4
10.551552	11
3.8389759999999997	4
1.920512	2
7.686144	8
6.72896	7
5.770752	6
7.6984319999999995	8
6.739712	7
12.523264	13
6.74688	7
7.714816	8
6.754048	7
10.619136	11
9.65888	10
1.9327999999999999	2
0.966912	1
9.67424	10
3.8717439999999996	4
7.747584	8
6.782719999999999	7
6.7863039999999994	7
8.729856	9
4.85248	5
7.768064	8
12.62976	13
6.804224	7
5.835264	6
4.865279999999999	5
4.86784	5
5.84448	6
4.87296	5
1.950208	2
12.683008	13
6.832896	7
7.81312	8
5.862912	6
8.798976	9
12.716287999999999	13
10.765568	11
7.8336	8
4.89856	5
3.920896	4
7.8458879999999995	8
7.849984	8
3.92704	4
8.840448	9
7.862272	8
12.782848	13
7.870463999999999	8
3.93728	4
3.9393279999999997	4
9.853439999999999	10
6.900992	7
10.850048	11
5.921279999999999	6
10.861312	11
5.927423999999999	6
2.965248	3
2.966784	3
3.95776	4
9.899519999999999	10
6.933248	7
3.963904	4
2.9744639999999998	3
2.976	3
2.9775359999999997	3
2.979072	3
7.948288	8
3.9761919999999997	4
3.97824	4
2.985216	3
4.97792	5
4.98048	5
4.98304	5
4.9856	5
5.985792	6
8.983296	9
7.989248	8
3.996672	4
3.9987199999999996	4
2.000384	2
11.007743999999999	11
11.013376	11
10.01728	10
4.00896	4
8.022015999999999	8
8.026112	8
12.045312	12
4.017151999999999	4
5.024	5
7.037184	7
3.0174719999999997	3
6.038016	6
5.03424	5
6.04416	6
5.039359999999999	5
9.075455999999999	9
6.053376	6
6.056448	6
4.03968	4
9.093888	9
7.076607999999999	7
5.0572799999999996	5
2.023936	2
11.137279999999999	11
4.051968	4
5.06752	5
4.056064	4
5.07264	5
5.0752	5
3.046656	3
3.048192	3
4.066304	4
6.1025279999999995	6
1.0176	1
6.108671999999999	6
3.055872	3
6.114815999999999	6
5.09824	5
7.14112	7
9.186048	9
1.0211839999999999	1
5.10848	5
5.11104	5
3.0681599999999998	3
8.185856	8
7.166207999999999	7
4.097024	4
4.099072	4
5.126399999999999	5
7.180543999999999	7
5.13152	5
3.080448	3
3.081984	3
3.08352	3
4.113408	4
7.202048	7
5.1468799999999995	5
9.268991999999999	9
3.0911999999999997	3
6.185472	6
8.251392	8
3.095808	3
7.227136	7
6.19776	6
6.200832	6
4.135936	4
6.206976	6
1.035008	1
5.1776	5
8.288256	8
4.146176	4
7.259392	7
2.075136	2
3.1142399999999997	3
4.154368	4
6.234623999999999	6
7.277311999999999	7
6.240768	6
6.24384	6
5.20576	5
2.083328	2
4.168704	4
7.2988159999999995	7
6.2592	6
5.21856	5
6.265344	6
5.22368	5
3.135744	3
5.2288	5
3.138816	3
8.374272	8
2.094592	2
8.382463999999999	8
3.1449599999999998	3
12.589056	12
13.651456	13
7.357952	7
11.57376	11
9.478655999999999	9
13.704704	13
6.331392	6
10.56256	10
5.2863999999999995	5
16.932864	16
11.652607999999999	11
16.965632	16
10.61376	10
11.686399999999999	11
9.570815999999999	9
12.773375999999999	12
15.98208	15
14.930943999999998	14
6.40512	6
8.548352	8
11.765248	11
7.4941439999999995	7
16.07424	15
5.3632	5
7.515648	7
6.448128	6
8.605696	8
8.613888	8
14.01088	13
8.630272	8
10.798079999999999	10
6.484992	6
11.900416	11
8.663039999999999	8
9.755136	9
8.679424	8
14.117376	13
14.130688	13
5.4399999999999995	5
8.712192	8
9.810431999999999	9
15.275008	14
4.368384	4
9.83808	9
12.035584	11
6.571008	6
9.865727999999999	9
15.361023999999999	14
2.1964799999999998	2
6.595584	6
11.00288	10
11.013119999999999	10
6.6140159999999995	6
8.82688	8
4.417536	4
15.475712	14
13.277184	12
6.644736	6
13.30176	12
5.54752	5
13.326336	12
12.227072	11
7.788031999999999	7
8.9088	8
3.3438719999999997	3
6.693887999999999	6
14.516736	13
2.235392	2
20.13696	18
11.19744	10
12.328448	11
7.852544	7
6.736896	6
7.866879999999999	7
6.749184	6
9.007104	8
4.507648	4
9.023488	8
6.773759999999999	6
5.64992	5
5.65504	5
3.396096	3
6.798336	6
5.6704	5
9.080832	8
5.6806399999999995	5
10.234368	9
3.414528	3
5.696	5
7.981567999999999	7
4.564992	4
3.4268159999999996	3
10.289664	9
12.58752	11
9.162752	8
10.317312	9
10.326528	9
5.74208	5
5.747199999999999	5
13.805568	12
11.51488	10
4.610048	4
16.149504	14
9.23648	8
9.244672	8
6.939648	6
4.630528	4
6.951936	6
4.63872	4
5.80352	5
8.132095999999999	7
4.651008	4
9.310208	8
10.4832	9
8.160768	7
8.167936	7
3.5036159999999996	3
1.168896	1
7.01952	6
8.196608	7
4.687872	4
8.210944	7
2.348032	2
5.8751999999999995	5
9.408512	8
4.708352	4
10.603007999999999	9
5.89568	5
10.62144	9
8.268288	7
10.639871999999999	9
13.015552	11
4.737024	4
4.74112	4
3.558912	3
7.123968	6
4.753407999999999	4
5.94688	5
5.952	5
8.339967999999999	7
7.154687999999999	6
1.1934719999999999	1
11.94496	10
7.17312	6
5.98272	5
8.382976	7
2.3971839999999998	2
7.197696	6
2.40128	2
9.613311999999999	8
4.810752	4
3.6111359999999997	3
4.818944	4
7.23456	6
8.447488	7
2.415616	2
10.879488	9
7.259136	6
3.63264	3
4.8476159999999995	4
6.06464	5
1.213952	1
4.859904	4
1.216	1
3.6510719999999997	3
3.6541439999999996	3
3.657216	3
2.4401919999999997	2
4.88448	4
7.332864	6
11.008512	9
2.448384	2
2.4504319999999997	2
8.58368	7
2.454528	2
2.456576	2
2.458624	2
4.9213439999999995	4
7.38816	6
8.626688	7
6.16704	5
7.406592	6
6.17728	5
6.1823999999999995	5
11.137535999999999	9
14.862335999999999	12
2.479104	2
7.443455999999999	6
7.449599999999999	6
4.970496	4
4.9745919999999995	4
3.734016	3
9.965568	8
3.74016	3
2.495488	2
2.4975359999999998	2
6.248959999999999	5
3.752448	3
3.7555199999999997	3
3.7585919999999997	3
10.031104	8
6.27456	5
10.047488	8
3.77088	3
8.805888	7
7.554048	6
3.780096	3
7.566336	6
5.0483199999999995	4
7.578624	6
5.056512	4
3.7954559999999997	3
6.33088	5
2.5343999999999998	2
7.609343999999999	6
6.34624	5
5.081087999999999	4
7.627776	6
3.81696	3
1.273344	1
2.548736	2
2.5507839999999997	2
8.934911999999999	7
6.39232	5
1.279488	1
3.8415359999999996	3
2.563072	2
5.13024	4
7.701504	6
6.423039999999999	5
5.1425279999999995	4
2.573312	2
6.4384	5
1.2887039999999998	1
3.8691839999999997	3
3.8722559999999997	3
2.583552	2
3.8783999999999996	3
2.5876479999999997	2
7.769088	6
2.591744	2
3.890688	3
5.19168	4
2.5978879999999998	2
5.199872	4
3.902976	3
3.9060479999999997	3
1.30304	1
1.304064	1
3.9152639999999996	3
5.224448	4
9.149951999999999	7
3.92448	3
6.54592	5
2.620416	2
5.244928	4
3.936768	3
3.93984	3
2.628608	2
3.9459839999999997	3
5.265408	4
2.6347519999999998	2
5.2736	4
6.597119999999999	5
7.922688	6
5.285888	4
2.644992	2
2.64704	2
5.298176	4
2.6511359999999997	2
2.653184	2
2.655232	2
2.65728	2
3.9889919999999996	3
2.6613759999999997	2
10.653696	8
5.330944	4
1.3337599999999998	1
9.357823999999999	7
4.013568	3
2.6777599999999997	2
2.679808	2
2.681856	2
4.025856	3
5.371904	4
5.3759999999999994	4
4.0350719999999995	3
2.692096	2
1.347072	1
4.044288	3
5.3964799999999995	4
6.750719999999999	5
2.702336	2
1.3521919999999998	1
2.706432	2
2.710528	2
4.068864	3
4.071936	3
4.0750079999999995	3
5.43744	4
2.720768	2
1.361408	1
1.3624319999999999	1
5.453824	4
4.09344	3
2.7310079999999997	2
4.099584	3
1.3675519999999999	1
5.474304	4
1.3696	1
4.111872	3
4.1149439999999995	3
4.118016	3
1.373696	1
2.74944	2
1.3757439999999999	1
1.376768	1
2.755584	2
1.378816	1
2.75968	2
2.7617279999999997	2
4.145664	3
2.765824	2
5.535743999999999	4
5.53984	4
5.5439359999999995	4
8.328192	6
1.3890559999999998	1
1.39008	1
5.564416	4
1.392128	1
2.786304	2
4.182528	3
4.1856	3
2.792448	2
1.397248	1
1.398272	1
8.40192	6
1.401344	1
2.8047359999999997	2
8.420352	6
1.4044159999999999	1
2.81088	2
1.406464	1
2.8149759999999997	2
8.451072	6
4.2286079999999995	3
2.82112	2
5.646336	4
2.8252159999999997	2
2.827264	2
5.658624	4
1.416704	1
2.8354559999999998	2
7.09376	5
2.839552	2
5.683199999999999	4
4.265472	3
4.2685439999999994	3
2.847744	2
2.849792	2
4.27776	3
4.283904	3
4.286976	3
2.860032	2
1.4310399999999999	1
2.864128	2
1.433088	1
4.3023359999999995	3
5.7446399999999995	4
2.874368	2
2.876416	2
1.4392319999999998	1
7.20128	5
4.32384	3
4.326912	3
2.886656	2
4.333056	3
1.445376	1
2.894848	2
1.448448	1
1.4494719999999999	1
5.801984	4
1.45152	1
2.9050879999999997	2
1.4545919999999999	1
2.911232	2
5.82656	4
7.28832	5
2.917376	2
1.459712	1
5.842944	4
2.92352	2
7.3139199999999995	5
2.927616	2
2.929664	2
7.32928	5
2.93376	2
4.403712	3
4.406784	3
2.939904	2
7.35488	5
1.472	1
2.948096	2
5.900288	4
5.904383999999999	4
1.479168	1
2.9624319999999997	2
5.933056	4
2.9685759999999997	2
2.970624	2
2.9726719999999998	2
7.44192	5
1.4894079999999998	1
1.490432	1
5.96992	4
1.4945279999999999	1
2.991104	2
2.993152	2
7.4879999999999995	5
1.498624	1
3.001344	2
3.003392	2
4.50816	3
1.503744	1
4.514304	3
1.505792	1
4.520448	3
3.0156799999999997	2
9.059327999999999	6
3.021824	2
3.023872	2
3.027968	2
3.030016	2
3.0320639999999996	2
1.517056	1
3.0361599999999997	2
1.519104	1
3.040256	2
6.084607999999999	4
1.522176	1
3.0463999999999998	2
1.524224	1
4.581888	3
3.05664	2
1.529344	1
1.530368	1
3.064832	2
4.60032	3
3.0730239999999998	2
6.150144	4
3.08736	2
6.178815999999999	4
4.640256	3
4.6433279999999995	3
4.6464	3
1.5498239999999999	1
1.550848	1
1.551872	1
1.5528959999999998	1
1.55392	1
1.5549439999999999	1
1.555968	1
3.113984	2
1.5580159999999998	1
1.55904	1
3.120128	2
1.561088	1
1.562112	1
1.5631359999999999	1
3.12832	2
1.565184	1
1.5662079999999998	1
1.567232	1
3.13856	2
1.572352	1
1.5733759999999999	1
4.723199999999999	3
3.150848	2
1.580544	1
1.582592	1
4.7508479999999995	3
1.5846399999999998	1
1.585664	1
3.1733759999999998	2
1.588736	1
4.76928	3
3.181568	2
1.593856	1
1.5948799999999999	1
1.595904	1
4.7907839999999995	3
1.5979519999999998	1
1.598976	1
3.1999999999999997	2
3.202048	2
6.408192	4
1.6030719999999998	1
1.604096	1
3.214336	2
4.8245759999999995	3
3.218432	2
4.833792	3
3.2266239999999997	2
3.228672	2
1.61536	1
1.617408	1
3.2368639999999997	2
3.238912	2
1.62048	1
3.2430079999999997	2
1.6235519999999999	1
3.249152	2
1.6256	1
1.6266239999999998	1
1.627648	1
6.514688	4
3.259392	2
1.63072	1
1.6317439999999999	1
3.267584	2
1.6348159999999998	1
1.63584	1
1.6368639999999999	1
1.637888	1
3.2798719999999997	2
3.2839679999999998	2
3.286016	2
4.932096	3
4.9382399999999995	3
1.647104	1
1.6481279999999998	1
1.6501759999999999	1
3.3024	2
1.65632	1
1.659392	1
3.320832	2
4.987392	3
1.6634879999999999	1
6.658048	4
4.996608	3
3.3331199999999996	2
1.667584	1
1.669632	1
1.670656	1
1.6716799999999998	1
1.6767999999999998	1
1.678848	1
1.679872	1
3.3638399999999997	2
1.683968	1
5.054976	3
1.686016	1
1.688064	1
3.382272	2
1.6921599999999999	1
3.386368	2
3.3904639999999997	2
3.3966079999999996	2
1.701376	1
1.704448	1
1.706496	1
1.7085439999999998	1
1.709568	1
3.42528	2
3.429376	2
3.4375679999999997	2
1.720832	1
1.72288	1
1.725952	1
1.7269759999999998	1
3.456	2
1.734144	1
1.7351679999999998	1
3.472384	2
3.4744319999999997	2
1.73824	1
1.739264	1
1.7402879999999998	1
3.4846719999999998	2
1.74336	1
1.747456	1
3.4969599999999996	2
3.5010559999999997	2
1.752576	1
3.509248	2
1.7556479999999999	1
1.7607679999999999	1
1.761792	1
1.7638399999999999	1
3.529728	2
1.765888	1
1.7669119999999998	1
1.767936	1
1.7689599999999999	1
1.769984	1
1.771008	1
1.773056	1
1.7740799999999999	1
3.550208	2
1.776128	1
1.781248	1
1.7822719999999999	1
1.783296	1
1.7853439999999998	1
1.786368	1
1.7925119999999999	1
1.79456	1
3.5911679999999997	2
3.595264	2
1.7986559999999998	1
1.8007039999999999	1
1.802752	1
1.8037759999999998	1
3.613696	2
1.807872	1
3.6177919999999997	2
1.80992	1
1.811968	1
1.8140159999999999	1
3.6341759999999996	2
1.821184	1
1.8222079999999998	1
1.823232	1
1.8242559999999999	1
3.652608	2
1.8273279999999998	1
1.833472	1
1.8355199999999998	1
3.683328	2
1.843712	1
1.844736	1
3.6915199999999997	2
3.7017599999999997	2
3.703808	2
1.8559999999999999	1
1.8672639999999998	1
3.750912	2
3.757056	2
1.879552	1
3.7632	2
1.8826239999999999	1
1.883648	1
1.884672	1
1.8908159999999998	1
1.89184	1
3.7857279999999998	2
1.89696	1
3.795968	2
1.905152	1
3.8123519999999997	2
1.9072	1
1.9092479999999998	1
1.9174399999999998	1
1.9194879999999999	1
1.921536	1
1.9225599999999998	1
3.847168	2
1.9276799999999998	1
1.936896	1
1.942016	1
1.944064	1
1.945088	1
3.89632	2
1.950208	1
1.95328	1
1.955328	1
1.957376	1
1.9614719999999999	1
3.931136	2
1.966592	1
1.96864	1
1.9696639999999999	1
1.971712	1
1.9747839999999999	1
1.9778559999999998	1
1.9911679999999998	1
1.9932159999999999	1
3.990528	2
4.000768	2
4.0110079999999995	2
2.006528	1
2.010624	1
2.011648	1
2.0157439999999998	1
4.037631999999999	2
2.023936	1
2.028032	1
2.0352	1
2.036224	1
2.037248	1
2.0423679999999997	1
4.097024	2
2.054656	1
4.113408	2
2.066944	1
2.0689919999999997	1
2.07104	1
4.156416	2
2.083328	1
2.085376	1
2.087424	1
2.094592	1
2.0956159999999997	1
2.1022719999999997	1
2.106368	1
2.11456	1
2.116608	1
2.118656	1
2.120704	1
4.2455039999999995	2
2.13504	1
2.141184	1
2.1493759999999997	1
2.151424	1
2.157568	1
2.1596159999999998	1
4.335616	2
2.169856	1
2.171904	1
2.178048	1
2.180096	1
4.401152	2
2.210816	1
2.221056	1
4.450304	2
2.229248	1
2.2497279999999997	1
4.5199359999999995	2
2.274304	1
2.2784	1
2.280448	1
2.284544	1
2.29888	1
2.300928	1
2.3029759999999997	1
2.30912	1
2.3132159999999997	1
4.634624	2
2.3296	1
2.343936	1
2.3500799999999997	1
2.3603199999999998	1
2.362368	1
2.368512	1
2.382848	1
2.3869439999999997	1
2.388992	1
2.399232	1
4.80256	2
2.438144	1
2.44224	1
2.4606719999999997	1
2.46272	1
4.9418239999999996	2
2.47296	1
2.4832	1
2.491392	1
2.495488	1
2.528256	1
2.5343999999999998	1
2.536448	1
2.556928	1
2.57536	1
2.5774079999999997	1
5.257216	2
2.642944	1
2.659328	1
5.433344	2
2.71872	1
2.733056	1
2.74944	1
2.7781119999999997	1
2.784256	1
2.796544	1
5.5971839999999995	2
2.8047359999999997	1
2.81088	1
2.812928	1
2.8252159999999997	1
2.8354559999999998	1
2.874368	1
2.884608	1
2.886656	1
2.911232	1
3.0095359999999998	1
3.023872	1
3.0627839999999997	1
3.06688	1
3.150848	1
3.361792	1
3.392512	1
3.531776	1
3.5379199999999997	1
3.636224	1
3.699712	1
3.724288	1
3.800064	1
3.851264	1
3.894272	1
3.9495679999999997	1
4.1216	1
4.20864	1
4.212736	1
4.2987519999999995	1
5.154815999999999	1
5.187584	1
5.2695039999999995	1
5.404672	1
5.507072	1
11.53024	2
5.875712	1
6.096896	1
6.162432	1
6.699008	1
7.23968	1
7.837695999999999	1
7.8458879999999995	1
8.001536	1
8.01792	1
8.034303999999999	1
8.491007999999999	1
10.833919999999999	1
14.35648	1
16.027648	1
16.216064	1
20.193279999999998	1
20.60288	1
22.15936	1
26.025983999999998	1
26.58304	1
27.81184	1
28.385279999999998	1
28.418048	1
29.04064	1
29.188095999999998	1
29.810688	1
29.908991999999998	1
29.974528	1
30.138368	1
30.220288	1
30.416895999999998	1
30.498815999999998	1
30.957568	1
31.088639999999998	1
31.383551999999998	1
40.189952	1
51.232768	1
51.265536	1
51.462143999999995	1
53.723136	1
54.149119999999996	1
54.771712	1
54.870016	1
55.001087999999996	1
55.328768	1
55.918592	1
55.951359999999994	1
56.311808	1
56.344575999999996	1
58.048511999999995	1
58.212351999999996	1
59.129856	1
119.701504	2
59.916287999999994	1
60.37504	1
60.440576	1
121.07776	2
60.604416	1
60.735488	1
121.53651199999999	2
121.602048	2
60.833791999999995	1
60.86656	1
121.798656	2
243.72838399999998	4
60.964864	1
60.997631999999996	1
122.0608	2
61.063168	1
61.095935999999995	1
122.32294399999999	2
61.19424	1
61.259775999999995	1
61.292544	1
122.71615999999999	2
122.781696	2
122.84723199999999	2
61.456384	1
61.489152	1
61.521919999999994	1
61.587455999999996	1
61.620224	1
61.652992	1
61.685759999999995	1
61.816832	1
61.849599999999995	1
61.915136	1
61.980672	1
62.242816	1
62.603263999999996	1
62.83264	1
65.060864	1
130.383872	2
68.714496	1
68.845568	1
69.369856	1
69.566464	1
70.680576	1
71.92576	1
73.17094399999999	1
73.302016	1
73.629696	1
83.197952	1
86.736896	1
175.833088	2
87.98208	1
0.39871999999999996	1
0.399744	1
0.408448	1
0.415104	1
0.416128	1
0.419968	1
0.420992	1
0.422272	1
0.4256	1
0.42816	1
0.43097599999999997	1
0.43302399999999996	1
0.433536	1
0.868096	2
0.435328	1
0.436096	1
0.437376	1
0.439168	1
0.441984	1
0.888064	2
0.445056	1
0.447104	1
0.44761599999999996	1
0.44864	1
0.8977919999999999	2
0.44992	1
0.901376	2
0.452992	1
0.45376	1
0.45504	1
0.45606399999999997	1
0.456576	1
0.914176	2
0.457344	1
0.4576	1
0.457856	1
0.45811199999999996	1
0.458624	1
0.918272	2
0.45939199999999997	1
0.46015999999999996	1
0.460416	1
0.46067199999999997	1
0.460928	1
0.46143999999999996	1
0.46220799999999995	1
0.46348799999999996	1
0.46399999999999997	1
0.464512	1
0.46527999999999997	1
0.9320959999999999	2
0.46681599999999995	1
0.46732799999999997	1
0.467584	1
0.46784	1
0.468864	1
0.469632	1
0.469888	1
0.940288	2
0.47065599999999996	1
0.941824	2
0.942336	2
0.47193599999999997	1
0.944384	2
0.472448	1
0.9454079999999999	2
0.47321599999999997	1
0.473728	1
0.9479679999999999	2
0.94848	2
0.47475199999999995	1
0.950016	2
0.9505279999999999	2
0.47552	1
0.475776	1
0.9520639999999999	2
0.476288	1
0.47654399999999997	1
0.4768	1
1.431168	3
1.435776	3
0.478848	1
0.958208	2
0.479616	1
0.47987199999999997	1
0.480128	1
0.480384	1
0.9612799999999999	2
0.961792	2
0.48115199999999997	1
0.481408	1
0.481664	1
0.9638399999999999	2
1.447296	3
0.9653759999999999	2
1.448832	3
0.483456	1
0.967424	2
1.9358719999999998	4
0.484736	1
0.484992	1
1.455744	3
1.456512	3
0.48575999999999997	1
1.458816	3
0.9730559999999999	2
0.486784	1
1.46112	3
0.9745919999999999	2
0.487552	1
0.48780799999999996	1
0.488064	1
0.48832	1
0.488832	1
0.9781759999999999	2
1.468032	3
0.9792	2
1.4703359999999999	3
1.471104	3
0.490624	1
1.96352	4
0.49113599999999996	1
2.45696	5
0.49216	1
0.9848319999999999	2
0.492672	1
0.985856	2
0.49318399999999996	1
0.49369599999999997	1
0.493952	1
0.494208	1
0.49446399999999996	1
0.98944	2
0.49497599999999997	1
0.990976	2
0.49574399999999996	1
0.496	1
0.992512	2
1.9860479999999998	4
0.993536	2
3.479168	7
0.49728	1
0.497536	1
0.9955839999999999	2
0.498048	1
1.9932159999999999	4
1.49568	3
0.498816	1
0.9981439999999999	2
1.998336	4
1.49952	3
0.500096	1
1.000704	2
2.0024319999999998	4
0.500864	1
0.50112	1
1.504128	3
1.003264	2
0.501888	1
1.0042879999999998	2
1.0048	2
0.502912	1
1.5102719999999998	3
0.50368	1
1.511808	3
1.008384	2
1.513344	3
2.0188159999999997	4
2.01984	4
0.505216	1
0.505472	1
0.505728	1
0.50624	1
3.038976	6
0.506752	1
1.0145279999999999	2
0.50752	1
2.031104	4
1.0160639999999999	2
1.016576	2
0.508544	1
0.5088	1
0.509056	1
1.527936	3
1.019136	2
1.529472	3
0.51008	1
0.510336	1
2.043392	4
1.022208	2
1.5340799999999999	3
1.534848	3
1.024256	2
0.512384	1
0.51264	1
1.0263039999999999	2
2.56704	5
1.027328	2
1.0278399999999999	2
1.028352	2
1.0293759999999998	2
1.029888	2
0.5152	1
1.030912	2
1.031424	2
1.547904	3
1.032448	2
0.5164799999999999	1
1.550208	3
1.033984	2
0.5172479999999999	1
2.070016	4
2.07104	4
2.072064	4
1.036544	2
1.5555839999999999	3
1.556352	3
0.519296	1
2.59776	5
1.0396159999999999	2
1.040128	2
1.0411519999999999	2
0.520832	1
2.084352	4
1.5648	3
1.5655679999999998	3
2.088448	4
1.0447359999999999	2
2.090496	4
0.52288	1
1.569408	3
1.570944	3
1.571712	3
1.5724799999999999	3
2.098176	4
2.62528	5
2.1022719999999997	4
3.1564799999999997	6
2.6329599999999997	5
3.1626239999999997	6
1.582848	3
1.584384	3
2.6431999999999998	5
2.6457599999999997	5
1.588992	3
1.590528	3
0.5306879999999999	1
3.7184	7
1.063424	2
2.128896	4
3.729152	7
2.6662399999999997	5
1.60128	3
4.808447999999999	9
3.208704	6
3.211776	6
2.143232	4
4.82688	9
3.220992	6
3.761408	7
1.075712	2
4.306944	8
5.3888	10
3.2363519999999997	6
2.1596159999999998	4
3.7829119999999996	7
4.327424	8
3.24864	6
2.7097599999999997	5
5.42464	10
1.628928	3
2.173952	4
2.1759999999999997	4
2.178048	4
1.090048	2
3.818752	7
1.6381439999999998	3
4.3724799999999995	8
3.282432	6
3.8330879999999996	7
3.8366719999999996	7
2.194432	4
4.94208	9
3.8474239999999997	7
3.8510079999999998	7
2.7532799999999997	5
2.75584	5
4.96512	9
4.969728	9
4.421632	8
4.978943999999999	9
4.429824	8
3.87968	7
4.438016	8
2.7763199999999997	5
4.4462079999999995	8
5.56288	10
3.8975999999999997	7
6.130432	11
3.904768	7
3.3500159999999997	6
6.706176	12
2.23744	4
3.919104	7
5.60384	10
5.60896	10
2.245632	4
2.24768	4
3.9370239999999996	7
3.9406079999999997	7
2.81728	5
3.3838079999999997	6
1.12896	2
5.084928	9
5.65504	10
3.396096	6
5.098752	9
3.96928	7
4.540416	8
2.8403199999999997	5
5.117184	9
4.552703999999999	8
2.848	5
2.280448	4
3.4237439999999997	6
5.71136	10
6.859776	12
6.29376	11
3.436032	6
3.439104	6
1.147392	2
3.445248	6
4.02304	7
3.451392	6
1.7272319999999999	3
2.88128	5
4.614144	8
2.30912	4
0.577792	1
5.78304	10
6.366975999999999	11
2.8966399999999997	5
2.8992	5
4.642816	8
3.485184	6
6.395136	11
2.90944	5
6.4064	11
5.246208	9
7.001087999999999	12
7.591168	13
2.92224	5
2.9248	5
7.025664	12
1.757952	3
1.172992	2
2.348032	4
4.7001599999999994	8
4.704256	8
5.88544	10
3.5343359999999997	6
3.5374079999999997	6
5.900799999999999	10
4.134144	7
4.137728	7
3.549696	6
5.329152	9
2.9632	5
4.745216	8
2.374656	4
4.159231999999999	7
4.757504	8
4.166399999999999	7
1.191424	2
5.366016	9
5.370623999999999	9
3.583488	6
1.79328	3
5.384448	9
5.389056	9
4.195072	7
3.598848	6
2.40128	4
4.205824	7
4.810752	8
3.6111359999999997	6
3.6142079999999996	6
2.41152	4
6.033919999999999	10
3.01952	5
1.208832	2
3.629568	6
3.0271999999999997	5
3.635712	6
6.06464	10
4.248832	7
2.429952	4
1.8239999999999998	3
1.8255359999999998	3
6.09024	10
7.314432	12
3.660288	6
3.66336	6
2.444288	4
3.669504	6
3.0604799999999996	5
4.288256	7
6.1312	10
4.909056	8
4.913152	8
1.8439679999999998	3
5.536512	9
3.69408	6
2.464768	4
3.700224	6
5.554944	9
3.08864	5
3.0911999999999997	5
6.806272	11
2.4770559999999997	4
7.4373119999999995	12
6.2028799999999995	10
4.9664	8
3.7278719999999996	6
4.352768	7
3.11168	5
3.737088	6
3.1168	5
4.367103999999999	7
4.9950719999999995	8
6.248959999999999	10
5.003264	8
3.7555199999999997	6
2.505728	4
3.7616639999999997	6
8.784384	14
3.13984	5
4.39936	7
3.773952	6
2.518016	4
3.15008	5
3.15264	5
3.1552	5
3.1577599999999997	5
3.7923839999999998	6
4.428032	7
3.16544	5
5.0687999999999995	8
4.438784	7
7.615488	12
3.810816	6
6.3564799999999995	10
8.27008	13
2.546688	4
3.823104	6
3.1884799999999998	5
3.8292479999999998	6
4.4710399999999995	7
1.278464	2
4.4782079999999995	7
7.042815999999999	11
5.766912	9
6.4128	10
5.134335999999999	8
7.065344	11
8.999424	14
3.21664	5
5.15072	8
7.087872	11
8.383232	13
3.22688	5
2.583552	4
2.5856	4
3.2345599999999997	5
1.942272	3
3.887616	6
3.24224	5
3.2447999999999997	5
4.546304	7
3.24992	5
1.951488	3
3.9060479999999997	6
5.21216	8
1.9560959999999998	3
3.9152639999999996	6
2.612224	4
3.921408	6
1.96224	3
3.927552	6
5.240832	8
0.655616	1
5.905151999999999	9
5.25312	8
4.600064	7
3.9459839999999997	6
7.898111999999999	12
4.610816	7
2.6368	4
1.979136	3
4.621568	7
3.964416	6
2.644992	4
3.97056	6
3.973632	6
2.6511359999999997	4
1.9898879999999999	3
5.310464	8
5.31456	8
4.653824	7
5.3227519999999995	8
3.32928	5
4.664575999999999	7
5.335039999999999	8
6.006527999999999	9
2.6716159999999998	4
2.005248	3
3.34464	5
2.00832	3
4.019712	6
4.693248	7
6.038784	9
1.342976	2
5.3759999999999994	8
2.690048	4
6.730239999999999	10
2.0206079999999997	3
1.348096	2
7.42016	11
4.050432	6
4.053504	6
3.38048	5
4.059648	6
4.73984	7
1.355264	2
4.747008	7
5.429247999999999	8
2.716672	4
2.71872	4
6.121728	9
2.722816	4
6.1309439999999995	9
3.4086399999999997	5
2.04672	3
5.462015999999999	8
3.41632	5
2.7351039999999998	4
5.474304	8
4.7936	7
4.797184	7
2.743296	4
2.745344	4
2.0605439999999997	3
4.12416	6
4.815104	7
2.753536	4
3.44448	5
4.825856	7
4.13952	6
3.4521599999999997	5
3.45472	5
3.45728	5
2.7678719999999997	4
4.1548799999999995	6
4.850944	7
5.548032	8
4.164096	6
2.083584	3
5.56032	8
4.868863999999999	7
2.088192	3
0.696576	1
4.8796159999999995	7
2.0928	3
4.886784	7
1.397248	2
4.194815999999999	6
5.5971839999999995	8
3.5008	5
4.904704	7
2.103552	3
4.210176	6
4.915456	7
5.62176	8
2.109696	3
2.1112319999999998	3
4.225536	6
6.342912	9
3.5263999999999998	5
2.1173759999999997	3
2.8252159999999997	4
7.774976	11
7.07328	10
4.95488	7
4.250112	6
6.379776	9
4.965631999999999	7
6.388992	9
4.2623999999999995	6
4.9763839999999995	7
2.845696	4
1.423872	2
2.849792	4
3.5648	5
3.56736	5
4.997888	7
2.143488	3
6.435072	9
3.5776	5
3.58016	5
1.433088	2
5.736447999999999	8
4.305408	6
1.4361599999999999	2
4.311552	6
4.314624	6
5.037312	7
7.921408	11
5.04448	7
2.163456	3
2.164992	3
2.8887039999999997	4
6.504192	9
5.062399999999999	7
9.408256	13
5.069567999999999	7
5.7978879999999995	8
2.900992	4
3.6288	5
5.810175999999999	8
1.453568	2
2.9091839999999998	4
5.822464	8
6.55488	9
5.101824	7
4.3760639999999995	6
4.379136	6
5.112576	7
3.6544	5
2.1941759999999997	3
2.927616	4
5.859328	8
4.397568	6
5.86752	8
6.605568	9
2.203392	3
4.4098559999999996	6
6.6193919999999995	9
3.6799999999999997	5
2.209536	3
3.68512	5
5.900288	8
1.4760959999999999	2
6.64704	9
2.956288	4
1.479168	2
7.4009599999999995	10
5.1842559999999995	7
2.96448	4
2.966528	4
0.7421439999999999	1
3.7132799999999997	5
3.71584	5
5.20576	7
3.72096	5
2.234112	3
4.471296	6
3.72864	5
7.4624	10
1.493504	2
5.230848	7
3.73888	5
5.986304	8
5.2416	7
7.493119999999999	10
8.248064	11
3.001344	4
1.501696	2
6.010879999999999	8
3.007488	4
4.514304	6
3.011584	4
5.273855999999999	7
2.2617599999999998	3
6.035456	8
6.039552	8
3.021824	4
3.023872	4
1.5129599999999999	2
5.298944	7
1.515008	2
3.7900799999999997	5
6.826752	9
3.7952	5
3.79776	5
3.040256	4
5.324032	7
3.80544	5
3.0463999999999998	4
4.572672	6
6.100992	8
1.5262719999999999	2
2.290944	3
3.8207999999999998	5
5.352704	7
5.356288	7
2.297088	3
3.83104	5
0.76672	1
2.3016959999999997	3
7.67744	10
4.609535999999999	6
4.612608	6
2.30784	3
3.84896	5
4.621824	6
4.624896	6
5.399296	7
6.17472	8
9.268224	12
6.955775999999999	9
3.093504	4
3.86944	5
0.7744	1
3.0996479999999997	4
6.978815999999999	9
6.983423999999999	9
3.10784	4
4.664832	6
3.88992	5
3.89248	5
6.232063999999999	8
1.55904	2
4.680192	6
2.3416319999999997	3
2.343168	3
5.470975999999999	7
3.12832	4
5.4781439999999995	7
7.047936	9
4.701696	6
3.9206399999999997	5
2.35392	3
3.92576	5
3.92832	5
5.503232	7
3.1467519999999998	4
3.1488	4
6.301696	8
3.9411199999999997	5
4.732416	6
0.789248	1
5.52832	7
5.531904	7
2.372352	3
4.747776	6
2.3754239999999998	3
5.54624	7
2.3784959999999997	3
5.553408	7
3.96928	5
3.97184	5
3.9743999999999997	5
5.567743999999999	7
4.775424	6
4.778496	6
2.390784	3
3.1897599999999997	4
7.1815679999999995	9
2.3953919999999997	3
8.788736	11
2.3984639999999997	3
4.0	5
1.601024	2
4.806144	6
2.404608	3
3.208192	4
4.0127999999999995	5
8.03072	10
5.625088	7
4.02048	5
4.827648	6
6.44096	8
6.445056	8
3.224576	4
5.646592	7
7.264512	9
8.0768	10
7.273727999999999	9
5.660928	7
7.282944	9
3.238912	4
3.24096	4
3.2430079999999997	4
4.0563199999999995	5
6.4942079999999995	8
2.436864	3
3.2512	4
8.13312	10
6.510592	8
4.886016	6
3.259392	4
5.70752	7
4.895232	6
4.08192	5
4.08448	5
4.08704	5
1.63584	2
5.729024	7
6.551552	8
4.916736	6
8.199679999999999	10
3.28192	4
7.388928	9
1.643008	2
2.466048	3
4.935168	6
2.4691199999999998	3
4.941312	6
5.768447999999999	7
4.122879999999999	5
4.12544	5
1.6512	2
6.608896	8
9.919488	12
4.13568	5
4.13824	5
3.31264	4
9.115392	11
0.8291839999999999	1
4.9781759999999995	6
3.320832	4
8.3072	10
5.818624	7
2.4952319999999997	3
6.658048	8
4.1638399999999995	5
6.666239999999999	8
5.002752	6
5.005824	6
5.008896	6
5.0119679999999995	6
6.686719999999999	8
5.854464	7
6.6949119999999995	8
2.5121279999999997	3
3.351552	4
5.868799999999999	7
3.355648	4
7.554816	9
6.719488	8
7.564032	9
8.4096	10
5.048832	6
4.209919999999999	5
10.952447999999999	13
3.372032	4
5.90464	7
5.064191999999999	6
10.979072	13
8.45056	10
3.382272	4
2.53824	3
5.926144	7
9.318144	11
2.5428479999999998	3
7.633152	9
5.94048	7
6.793215999999999	8
5.097983999999999	6
5.101056	6
8.506879999999999	10
5.9584	7
4.25856	5
4.26112	5
5.969151999999999	7
1.706496	2
6.83008	8
7.688447999999999	9
5.128704	6
7.697664	9
3.423232	4
4.2816	5
1.7136639999999999	2
6.001408	7
6.004992	7
2.575104	3
4.2943999999999996	5
2.578176	3
5.159424	6
4.30208	5
9.470208	11
10.33728	12
3.4478079999999998	4
5.174784	6
6.903808	8
5.180928	6
8.639999999999999	10
3.458048	4
4.32512	5
5.193216	6
6.062336	7
8.6656	10
8.67072	10
1.7351679999999998	2
2.604288	3
4.34304	5
7.82208	9
5.217792	6
4.35072	5
4.35328	5
6.9693439999999995	8
10.46016	12
6.977536	8
8.727039999999999	10
7.858943999999999	9
5.242368	6
6.993919999999999	8
4.37376	5
3.5010559999999997	4
7.881983999999999	9
6.134016	7
5.2608	6
6.141184	7
7.900416	9
11.418368	13
7.030784	8
7.034879999999999	8
7.038976	8
5.282304	6
4.4044799999999995	5
5.288448	6
8.8192	10
7.941888	9
3.531776	4
6.1841919999999995	7
7.955711999999999	9
1.7689599999999999	2
7.079936	8
9.740544	11
9.746176	11
10.638335999999999	12
7.0963199999999995	8
7.9879679999999995	9
5.328384	6
6.220032	7
8.001792	9
3.5584	4
8.901119999999999	10
10.687488	12
4.45568	5
3.566592	4
5.3529599999999995	6
6.248704	7
8.038656	9
10.724352	12
4.4710399999999995	5
10.73664	12
6.266623999999999	7
8.061696	9
7.1700479999999995	8
10.761216	12
8.07552	9
9.875712	11
3.593216	4
7.190528	8
8.093952	9
10.798079999999999	12
8.103168	9
9.909504	11
8.112384	9
5.411328	6
13.536	15
2.708736	3
5.420544	6
9.943296	11
3.6177919999999997	4
15.384319999999999	17
2.7164159999999997	3
4.52992	5
4.53248	5
7.256063999999999	8
3.63008	4
6.356224	7
9.08544	10
6.363391999999999	7
5.457408	6
9.1008	10
11.837696	13
8.199936	9
7.292928	8
6.3848959999999995	7
9.1264	10
6.3920639999999995	7
7.309311999999999	8
3.656704	4
5.488128	6
7.3216	8
5.494272	6
7.329791999999999	8
6.417152	7
5.503488	6
7.342079999999999	8
4.59136	5
9.18784	10
8.273664	9
2.7594239999999997	3
9.203199999999999	10
9.208319999999999	10
7.3707519999999995	8
11.062272	12
6.456576	7
5.53728	6
6.463743999999999	7
3.695616	4
9.244159999999999	10
7.399424	8
4.6272	5
5.555712	6
6.4852479999999995	7
8.342784	9
5.564928	6
7.4239999999999995	8
3.714048	4
7.432192	8
4.647679999999999	5
5.5802879999999995	6
4.6528	5
9.31072	10
4.65792	5
6.524672	7
8.393472	9
5.59872	6
5.601792	6
3.736576	4
7.4772479999999995	8
7.481344	8
4.6784	5
12.170496	13
9.36704	10
8.434944	9
9.377279999999999	10
6.567679999999999	7
4.69376	5
10.331904	11
3.759104	4
3.761152	4
3.7632	4
6.5891839999999995	7
7.534592	8
5.6540159999999995	6
6.599936	7
5.660159999999999	6
8.494848	9
4.72192	5
8.504064	9
7.563263999999999	8
6.62144	7
9.464319999999999	10
3.787776	4
7.579648	8
5.6878079999999995	6
4.7424	5
9.48992	10
10.444543999999999	11
7.600128	8
6.653696	7
9.510399999999999	10
5.709312	6
5.712384	6
12.383488	13
8.577791999999999	9
4.768	5
4.77056	5
4.77312	5
9.551359999999999	10
6.6895359999999995	7
7.64928	8
9.56672	10
6.700288	7
6.703872	7
7.665664	8
5.75232	6
6.714624	7
5.758464	6
6.721792	7
4.80384	5
8.65152	9
6.732544	7
6.736128	7
11.553792	12
13.486592	14
5.78304	6
8.679167999999999	9
2.894592	3
6.757632	7
2.897664	3
4.832	5
4.83456	5
7.739392	8
3.8717439999999996	4
7.747584	8
4.8448	5
3.877888	4
5.819903999999999	6
5.822976	6
4.85504	5
7.7721599999999995	8
12.636415999999999	13
6.807808	7
7.784447999999999	8
5.8414079999999995	6
8.76672	9
5.847551999999999	6
5.850624	6
3.9024639999999997	4
7.809024	8
5.85984	6
4.885759999999999	5
5.865984	6
7.8254079999999995	8
4.89344	5
12.7296	13
5.878272	6
6.861568	7
7.8458879999999995	8
7.849984	8
13.744639999999999	14
4.91136	5
7.862272	8
7.866368	8
4.91904	5
7.87456	8
3.9393279999999997	4
10.838783999999999	11
8.872703999999999	9
9.863679999999999	10
9.8688	10
7.8991359999999995	8
10.866944	11
6.918912	7
7.911423999999999	8
5.93664	6
7.9196159999999995	8
5.942784	6
8.918783999999999	9
7.931903999999999	8
7.936	8
1.985024	2
5.958144	6
6.954752	7
3.9761919999999997	4
2.9836799999999997	3
5.970432	6
7.964671999999999	8
7.968768	8
5.979648	6
5.98272	6
2.992896	3
6.987007999999999	7
4.9932799999999995	5
3.996672	4
6.9977599999999995	7
8.001536	8
9.006336	9
8.009727999999999	8
5.00864	5
6.01344	6
6.016512	6
7.022848	7
8.030208	8
5.02144	5
8.0384	8
8.042496	8
5.02912	5
4.025344	4
2.013696	2
4.02944	4
5.039359999999999	5
5.04192	5
8.071168	8
6.056448	6
10.0992	10
7.073023999999999	7
8.087552	8
4.045824	4
8.095744	8
3.0374399999999997	3
11.142911999999999	11
6.081023999999999	6
5.07008	5
3.043584	3
8.12032	8
8.124416	8
6.096384	6
7.116032	7
10.17088	10
3.0528	3
8.144896	8
5.09312	5
6.114815999999999	6
5.09824	5
5.1008	5
9.186048	9
4.0847359999999995	4
8.173568	8
9.199872	9
10.2272	10
6.139392	6
7.166207999999999	7
12.291072	12
4.099072	4
2.05056	2
4.103168	4
6.157824	6
7.187711999999999	7
6.163968	6
5.1392	5
9.255168	9
2.057728	2
6.1762559999999995	6
6.179328	6
7.2128	7
8.247296	8
4.125696	4
4.127744	4
9.292031999999999	9
7.23072	7
6.200832	6
5.169919999999999	5
7.241472	7
5.17504	5
5.1776	5
7.252224	7
8.292352	8
3.1111679999999997	3
4.150272	4
4.15232	4
7.270143999999999	7
8.312832	8
5.19808	5
8.321024	8
5.2032	5
8.329215999999999	8
3.1249919999999998	3
3.126528	3
2.085376	2
3.1296	3
2.087424	2
8.353792	8
7.313152	7
8.361984	8
7.32032	7
8.370175999999999	8
6.280704	6
5.236479999999999	5
1.0478079999999999	1
7.33824	7
15.73632	15
11.551231999999999	11
8.409087999999999	8
11.57376	11
11.585023999999999	11
13.704704	13
8.441856	8
7.3937919999999995	7
7.4009599999999995	7
9.524735999999999	9
7.415296	7
10.60352	10
12.736512	12
2.1248	2
10.63424	10
11.708928	11
14.916608	14
12.797951999999999	12
8.54016	8
11.753983999999999	11
6.417408	6
9.635328	9
10.71616	10
12.87168	12
5.36832	5
13.970944	13
6.454272	6
3.2302079999999997	3
8.62208	8
10.78784	10
6.478847999999999	6
6.484992	6
4.327424	4
8.663039999999999	8
17.342464	16
6.509568	6
8.687616	8
8.695808	8
14.144	13
10.89024	10
7.630336	7
6.546431999999999	6
10.92096	10
10.931199999999999	10
6.564864	6
12.046847999999999	11
10.96192	10
10.972159999999999	10
12.080639999999999	11
5.49632	5
6.601728	6
5.5065599999999995	5
12.125696	11
8.82688	8
14.356992	13
6.632448	6
4.425727999999999	4
4.429824	4
5.5424	5
9.985536	9
5.552639999999999	5
10.003968	9
6.675456	6
8.9088	8
16.719359999999998	15
3.3469439999999997	3
5.58336	5
7.823872	7
5.5935999999999995	5
6.718464	6
8.966144	8
5.60896	5
3.368448	3
10.114559999999999	9
5.62432	5
5.62944	5
12.396032	11
15.791103999999999	14
6.773759999999999	6
3.3899519999999996	3
6.786048	6
4.528128	4
4.532223999999999	4
5.6704	5
5.67552	5
10.225152	9
4.548608	4
7.967231999999999	7
5.696	5
7.981567999999999	7
9.129984	8
5.71136	5
4.5731839999999995	4
8.01024	7
6.872064	6
3.439104	3
4.589568	4
9.187327999999999	8
9.19552	8
9.203712	8
6.9089279999999995	6
8.067584	7
4.614144	4
4.61824	4
12.711424	11
3.469824	3
5.7881599999999995	5
8.110592	7
6.95808	6
5.80352	5
6.970368	6
8.139263999999999	7
3.4913279999999998	3
9.3184	8
5.82912	5
4.6673919999999995	4
5.83936	5
5.84448	5
2.3398399999999997	2
4.683776	4
10.547711999999999	9
5.86496	5
10.566144	9
4.7001599999999994	4
5.880319999999999	5
4.708352	4
8.246784	7
10.612224	9
9.441279999999999	8
9.449472	8
4.728832	4
7.099392	6
8.289792	7
4.74112	4
7.117824	6
5.93664	5
7.130112	6
4.757504	4
8.332799999999999	7
5.95712	5
10.732032	9
8.354303999999999	7
7.166976	6
7.17312	6
10.768896	9
8.382976	7
8.390144	7
1.199616	1
3.60192	3
2.4033279999999997	2
7.216127999999999	6
3.6111359999999997	3
2.409472	2
3.61728	3
12.067839999999999	10
7.246848	6
6.04416	5
6.0492799999999995	5
8.47616	7
7.271424	6
7.277568	6
7.2837119999999995	6
9.719808	8
3.6479999999999997	3
2.4340479999999998	2
3.6541439999999996	3
7.314432	6
3.660288	3
3.66336	3
4.888576	4
6.1158399999999995	5
3.672576	3
3.675648	3
2.45248	2
4.909056	4
8.598016	7
4.917248	4
7.382015999999999	6
9.85088	8
3.697152	3
6.16704	5
3.703296	3
3.706368	3
8.65536	7
2.475008	2
2.4770559999999997	2
4.958208	4
7.443455999999999	6
6.207999999999999	5
6.21312	5
2.4872959999999997	2
9.957376	8
7.474176	6
3.74016	3
4.990976	4
4.999168	4
5.003264	4
6.2592	5
6.26432	5
7.523327999999999	6
1.254912	1
3.767808	3
3.77088	3
13.837824	11
5.036032	4
1.260032	1
5.044224	4
6.3104	5
6.315519999999999	5
8.848896	7
5.060607999999999	4
6.33088	5
8.8704	7
7.609343999999999	6
6.34624	5
1.2702719999999998	1
10.170368	8
5.08928	4
5.093376	4
2.548736	2
3.826176	3
5.105664	4
8.942079999999999	7
3.8353919999999997	3
7.676927999999999	6
3.8415359999999996	3
7.689216	6
11.54304	9
2.5671679999999997	2
5.138432	4
2.5712639999999998	2
5.146624	4
3.86304	3
5.154815999999999	4
5.158912	4
2.581504	2
2.583552	2
9.0496	7
3.881472	3
1.294848	1
5.187584	4
5.1957759999999995	4
7.799808	6
3.902976	3
6.510079999999999	5
10.42432	8
7.824383999999999	6
3.9152639999999996	3
9.142783999999999	7
5.228543999999999	4
1.30816	1
2.618368	2
3.930624	3
2.622464	2
6.56128	5
3.93984	3
7.8858239999999995	6
6.576639999999999	5
7.898111999999999	6
5.2695039999999995	4
2.6368	2
6.597119999999999	5
6.60224	5
2.642944	2
3.967488	3
9.26464	7
3.973632	3
10.604543999999999	8
3.9797759999999998	3
3.9828479999999997	3
3.9859199999999997	3
2.659328	2
5.3227519999999995	4
3.995136	3
3.998208	3
6.6688	5
4.004352	3
4.007423999999999	3
6.684159999999999	5
2.675712	2
5.355519999999999	4
5.359616	4
6.7046399999999995	5
2.683904	2
10.743808	8
10.751999999999999	8
2.690048	2
2.692096	2
8.082431999999999	6
1.348096	1
6.7456	5
6.750719999999999	5
4.053504	3
4.056576	3
1.353216	1
2.7084799999999998	2
2.710528	2
6.78144	5
5.429247999999999	4
5.433344	4
6.796799999999999	5
4.0811519999999994	3
5.445632	4
6.8121599999999995	5
4.090368	3
2.72896	2
1.366528	1
5.4702079999999995	4
4.105728	3
4.1088	3
4.111872	3
8.229887999999999	6
4.118016	3
2.747392	2
4.12416	3
4.127232	3
2.753536	2
6.88896	5
4.136448	3
2.75968	2
6.904319999999999	5
6.90944	5
6.91456	5
2.7678719999999997	2
6.924799999999999	5
4.161023999999999	3
5.552128	4
6.9452799999999995	5
1.39008	1
2.782208	2
6.9657599999999995	5
2.7883519999999997	2
6.976	5
1.396224	1
2.794496	2
5.593088	4
5.5971839999999995	4
1.40032	1
2.802688	2
1.4023679999999998	1
7.02208	5
2.81088	2
2.812928	2
5.629951999999999	4
2.817024	2
1.409536	1
7.0527999999999995	5
1.411584	1
4.237824	3
1.413632	1
5.658624	4
1.4156799999999998	1
5.666816	4
7.08864	5
2.837504	2
7.098879999999999	5
4.2623999999999995	3
5.687296	4
2.845696	2
11.390976	8
4.27776	3
4.280832	3
4.283904	3
7.15008	5
5.7241599999999995	4
4.296192	3
2.866176	2
4.3023359999999995	3
2.870272	2
2.8723199999999998	2
5.748736	4
2.8784639999999997	2
5.761024	4
4.32384	3
5.769216	4
4.329984	3
5.777407999999999	4
7.2268799999999995	5
2.8928	2
7.23712	5
4.345344	3
2.8989439999999997	2
1.450496	1
2.90304	2
2.9050879999999997	2
2.907136	2
1.4545919999999999	1
5.822464	4
1.45664	1
2.9153279999999997	2
1.458688	1
1.459712	1
2.921472	2
2.92352	2
2.9255679999999997	2
2.929664	2
5.86752	4
2.9358079999999998	2
1.468928	1
2.9419519999999997	2
2.944	2
7.365119999999999	5
2.948096	2
1.475072	1
1.478144	1
5.9248639999999995	4
1.48224	1
5.933056	4
1.4842879999999998	1
7.426559999999999	5
1.4863359999999999	1
1.48736	1
4.465152	3
1.490432	1
5.965824	4
2.98496	2
5.974016	4
1.4945279999999999	1
2.991104	2
2.993152	2
1.4976	1
1.498624	1
4.498944	3
4.502016	3
1.501696	1
7.513599999999999	5
1.503744	1
3.0095359999999998	2
4.517376	3
1.5078399999999998	1
1.508864	1
7.54944	5
1.510912	1
4.535807999999999	3
1.5129599999999999	1
3.027968	2
3.030016	2
3.0320639999999996	2
1.517056	1
6.0723199999999995	4
3.038208	2
3.040256	2
4.566528	3
1.524224	1
1.525248	1
4.581888	3
3.05664	2
3.058688	2
3.060736	2
3.0627839999999997	2
3.064832	2
4.60032	3
1.5344639999999998	1
1.535488	1
1.5365119999999999	1
1.537536	1
1.53856	1
9.237504	6
3.081216	2
1.542656	1
4.63104	3
3.0894079999999997	2
1.546752	1
7.73888	5
3.0996479999999997	2
1.5528959999999998	1
1.55392	1
4.667904	3
3.113984	2
3.1160319999999997	2
3.11808	2
4.680192	3
4.686336	3
3.1262719999999997	2
1.56416	1
7.82592	5
6.268928	4
4.704768	3
1.570304	1
3.1426559999999997	2
3.1467519999999998	2
4.729344	3
1.577472	1
3.161088	2
9.489408	6
1.582592	1
3.167232	2
1.5846399999999998	1
3.171328	2
4.763135999999999	3
1.588736	1
3.181568	2
4.775424	3
3.185664	2
6.375424	4
9.56928	6
1.595904	1
1.5979519999999998	1
3.1999999999999997	2
1.601024	1
3.204096	2
1.6030719999999998	1
1.604096	1
1.6051199999999999	1
3.212288	2
1.607168	1
1.609216	1
3.222528	2
1.612288	1
3.2266239999999997	2
1.61536	1
1.6163839999999998	1
4.858368	3
1.62048	1
3.2430079999999997	2
3.245056	2
4.870655999999999	3
1.627648	1
3.257344	2
3.259392	2
8.153599999999999	5
3.2634879999999997	2
1.632768	1
1.6348159999999998	1
3.275776	2
1.6399359999999998	1
1.64096	1
4.929024	3
1.6450559999999999	1
6.58432	4
3.294208	2
1.649152	1
3.3003519999999997	2
1.6512	1
8.26112	5
1.654272	1
1.6552959999999999	1
6.62528	4
1.657344	1
3.3167359999999997	2
1.659392	1
1.660416	1
3.32288	2
3.324928	2
4.990463999999999	3
1.664512	1
3.3331199999999996	2
5.002752	3
1.669632	1
5.0119679999999995	3
1.672704	1
1.674752	1
1.675776	1
3.355648	2
5.036544	3
1.680896	1
3.3638399999999997	2
1.6849919999999998	1
3.372032	2
5.06112	3
3.3802239999999997	2
1.693184	1
3.388416	2
1.6952319999999999	1
1.69728	1
5.094912	3
1.699328	1
3.4007039999999997	2
1.701376	1
3.4048	2
3.408896	2
5.116416	3
5.12256	3
1.7085439999999998	1
1.710592	1
1.714688	1
3.43552	2
1.7187839999999999	1
5.159424	3
3.441664	2
3.4437119999999997	2
3.44576	2
3.4478079999999998	2
1.725952	1
5.180928	3
1.731072	1
3.4641919999999997	2
1.73312	1
5.202432	3
1.7351679999999998	1
1.736192	1
3.47648	2
1.739264	1
3.4805759999999997	2
1.741312	1
3.4846719999999998	2
1.74336	1
1.744384	1
1.746432	1
5.245439999999999	3
1.749504	1
1.751552	1
3.505152	2
5.2608	3
1.754624	1
5.270016	3
1.757696	1
1.7587199999999998	1
1.759744	1
3.5215359999999998	2
1.762816	1
1.765888	1
1.7669119999999998	1
1.767936	1
1.7689599999999999	1
1.771008	1
1.7720319999999998	1
3.546112	2
5.32224	3
5.325311999999999	3
1.776128	1
1.778176	1
1.781248	1
1.783296	1
1.78432	1
3.5706879999999996	2
1.786368	1
5.362176	3
1.7904639999999998	1
1.79456	1
3.5911679999999997	2
7.186432	4
3.595264	2
3.5973119999999996	2
1.79968	1
3.6014079999999997	2
1.802752	1
3.6096	2
1.8058239999999999	1
1.807872	1
1.8088959999999998	1
1.80992	1
9.05984	5
1.812992	1
1.8140159999999999	1
1.816064	1
3.6382719999999997	2
1.82016	1
5.4666239999999995	3
1.8242559999999999	1
1.82528	1
1.828352	1
1.8304	1
1.831424	1
1.8324479999999999	1
1.834496	1
1.8355199999999998	1
1.8375679999999999	1
3.677184	2
1.839616	1
3.6853759999999998	2
1.847808	1
1.8488319999999998	1
1.849856	1
1.8539519999999998	1
1.854976	1
1.858048	1
1.8590719999999998	1
1.8641919999999998	1
3.730432	2
1.8672639999999998	1
1.8693119999999999	1
1.873408	1
1.87648	1
1.8775039999999998	1
3.761152	2
1.8816	1
1.8856959999999998	1
1.8877439999999999	1
1.889792	1
1.8908159999999998	1
1.89184	1
1.893888	1
1.894912	1
5.69088	3
1.900032	1
1.9010559999999999	1
3.810304	2
3.8123519999999997	2
1.9072	1
1.908224	1
1.9092479999999998	1
1.910272	1
1.91232	1
1.913344	1
3.832832	2
3.8348799999999996	2
1.918464	1
3.8389759999999997	2
1.923584	1
1.925632	1
3.853312	2
1.9327999999999999	1
1.933824	1
1.9430399999999999	1
5.832192	3
1.947136	1
1.9491839999999998	1
1.950208	1
5.853695999999999	3
3.90656	2
1.9543039999999998	1
1.955328	1
1.9594239999999998	1
1.962496	1
3.92704	2
3.9290879999999997	2
1.9676159999999998	1
1.96864	1
1.9727359999999998	1
1.97376	1
1.9747839999999999	1
3.951616	2
1.9778559999999998	1
1.9829759999999998	1
1.9860479999999998	1
3.974144	2
1.9880959999999999	1
1.98912	1
1.995264	1
1.9962879999999998	1
6.004224	3
2.0024319999999998	1
2.00448	1
4.013056	2
2.0085759999999997	1
2.0096	1
4.021248	2
2.012672	1
4.0314879999999995	2
2.01984	1
2.023936	1
2.025984	1
4.064255999999999	2
2.033152	1
2.034176	1
2.037248	1
2.041344	1
2.0423679999999997	1
2.046464	1
4.1052159999999995	2
2.053632	1
2.054656	1
2.0556799999999997	1
2.061824	1
2.0659199999999998	1
6.200832	3
2.07104	1
2.072064	1
2.07616	1
2.077184	1
2.0792319999999997	1
2.080256	1
4.16256	2
2.084352	1
2.085376	1
2.0864	1
2.094592	1
4.191231999999999	2
2.1022719999999997	1
4.20864	2
4.212736	2
4.216832	2
2.110464	1
2.1125119999999997	1
2.120704	1
4.2455039999999995	2
2.1248	1
2.126848	1
2.1329919999999998	1
2.1391359999999997	1
2.147328	1
2.1493759999999997	1
2.15552	1
2.161664	1
2.163712	1
2.1657599999999997	1
2.171904	1
2.1759999999999997	1
2.178048	1
2.182144	1
2.194432	1
2.1964799999999998	1
2.198528	1
2.200576	1
4.41344	2
2.208768	1
2.214912	1
2.21696	1
2.219008	1
2.2272	1
4.462592	2
2.2394879999999997	1
4.49536	2
2.251776	1
2.253824	1
2.255872	1
2.264064	1
2.270208	1
2.274304	1
2.290688	1
2.292736	1
2.300928	1
2.3132159999999997	1
2.317312	1
2.31936	1
4.642816	2
2.327552	1
2.3296	1
2.3336959999999998	1
2.341888	1
2.3603199999999998	1
2.37056	1
2.372608	1
2.384896	1
2.388992	1
2.3971839999999998	1
4.806655999999999	2
2.407424	1
2.4238079999999997	1
2.436096	1
2.45248	1
2.454528	1
2.458624	1
4.94592	2
2.475008	1
2.4872959999999997	1
2.489344	1
2.491392	1
2.49344	1
2.501632	1
2.505728	1
5.015552	2
2.509824	1
2.518016	1
2.5343999999999998	1
2.536448	1
2.5405439999999997	1
2.556928	1
2.579456	1
2.581504	1
2.59584	1
2.6040319999999997	1
2.61632	1
2.62656	1
2.6306559999999997	1
2.6347519999999998	1
2.6368	1
2.6408959999999997	1
2.64704	1
5.306368	2
2.659328	1
2.669568	1
2.6777599999999997	1
2.685952	1
2.694144	1
2.733056	1
2.7392	1
2.743296	1
2.753536	1
2.784256	1
2.7883519999999997	1
2.796544	1
2.8047359999999997	1
2.843648	1
2.8682239999999997	1
2.870272	1
2.8784639999999997	1
5.777407999999999	2
2.944	1
2.946048	1
2.948096	1
2.958336	1
2.9685759999999997	1
2.993152	1
2.9952	1
3.001344	1
3.021824	1
3.034112	1
3.038208	1
3.040256	1
3.0423039999999997	1
3.058688	1
3.0996479999999997	1
3.10784	1
3.130368	1
3.1488	1
3.185664	1
3.187712	1
3.2163839999999997	1
3.2634879999999997	1
3.3331199999999996	1
3.335168	1
3.345408	1
3.355648	1
3.359744	1
3.3740799999999997	1
3.382272	1
3.429376	1
3.43552	1
3.4641919999999997	1
3.492864	1
3.494912	1
3.519488	1
3.5338239999999996	1
3.550208	1
7.161855999999999	2
3.5850239999999998	1
3.6014079999999997	1
3.652608	1
3.6546559999999997	1
3.7652479999999997	1
3.8389759999999997	1
3.933184	1
3.9557119999999997	1
3.9720959999999996	1
4.06016	1
4.1216	1
4.125696	1
4.187136	1
4.200448	1
4.257792	1
8.523776	2
4.356096	1
4.438016	1
4.671488	1
4.683776	1
4.929536	1
5.019648	1
5.105664	1
5.117952	1
5.134335999999999	1
5.183488	1
5.261311999999999	1
5.302271999999999	1
5.363712	1
5.3964799999999995	1
5.5234559999999995	1
5.5971839999999995	1
5.662719999999999	1
5.838848	1
5.888	1
6.670336	1
6.678528	1
6.715392	1
6.813695999999999	1
6.83008	1
6.89152	1
7.030784	1
7.194623999999999	1
7.2765439999999995	1
7.518208	1
7.612416	1
7.632896	1
7.641088	1
7.727104	1
7.804927999999999	1
8.083456	1
8.177664	1
8.630272	1
8.9088	1
8.94976	1
8.982528	1
9.203712	1
9.211903999999999	1
9.400319999999999	1
9.916416	1
10.121215999999999	1
11.366399999999999	1
11.669504	1
11.784192	1
12.51328	1
16.756736	1
16.932864	1
17.096704	1
19.668992	1
24.223744	1
29.237247999999997	1
29.679616	1
29.745151999999997	1
29.810688	1
29.876223999999997	1
29.958143999999997	1
30.466047999999997	1
30.662656	1
31.088639999999998	1
42.450944	1
45.039615999999995	1
50.446335999999995	1
50.708479999999994	1
52.117504	1
54.345727999999994	1
54.738944	1
55.230464	1
55.296	1
55.820288	1
56.344575999999996	1
113.672192	2
57.065472	1
57.294847999999995	1
57.524224	1
57.884671999999995	1
58.146815999999994	1
58.179584	1
58.441728	1
118.063104	2
59.490303999999995	1
119.046144	2
59.555839999999996	1
59.621376	1
59.752447999999994	1
59.817983999999996	1
59.88352	1
59.981823999999996	1
60.04736	1
60.178432	1
60.309504	1
60.37504	1
60.506111999999995	1
60.53888	1
181.911552	3
121.33990399999999	2
121.53651199999999	2
121.66758399999999	2
121.73312	2
121.798656	2
182.894592	3
60.997631999999996	1
183.0912	3
183.28780799999998	3
122.257408	2
61.161471999999996	1
61.227008	1
122.585088	2
61.325312	1
184.07424	3
61.390848	1
61.489152	1
61.521919999999994	1
123.109376	2
61.587455999999996	1
61.620224	1
123.305984	2
61.685759999999995	1
61.718528	1
61.751295999999996	1
61.915136	1
61.947903999999994	1
62.078976	1
62.144512	1
62.275583999999995	1
67.60038399999999	1
67.796992	1
73.826304	1
90.93119999999999	1
91.127808	1
105.545728	1
118.98060799999999	1
120.553472	1
120.68454399999999	1
121.208832	1
0.410752	1
0.420224	1
0.42252799999999996	1
0.42969599999999997	1
0.43072	1
0.432256	1
0.43302399999999996	1
0.43328	1
0.433536	1
0.43379199999999996	1
0.434048	1
0.43635199999999996	1
0.438144	1
0.43839999999999996	1
0.439936	1
0.441472	1
0.445824	1
0.446592	1
0.44684799999999997	1
0.44812799999999997	1
0.44864	1
0.449152	1
0.44966399999999995	1
0.45017599999999997	1
0.450688	1
0.45094399999999996	1
0.45145599999999997	1
0.903936	2
0.452992	1
0.454016	1
0.45504	1
0.455296	1
0.456576	1
0.4576	1
0.457856	1
0.9162239999999999	2
0.917248	2
1.3781759999999998	3
0.459904	1
0.46143999999999996	1
0.923392	2
0.461952	1
0.462976	1
1.389696	3
0.927488	2
0.46399999999999997	1
1.392768	3
0.9295359999999999	2
0.46527999999999997	1
0.465536	1
0.465792	1
0.9346559999999999	2
0.467584	1
0.46809599999999996	1
0.468352	1
0.9372159999999999	2
0.93824	2
1.408896	3
0.469888	1
0.940288	2
0.471168	1
0.47193599999999997	1
0.94592	2
0.47321599999999997	1
0.4768	1
0.954112	2
0.47731199999999996	1
0.9556479999999999	2
0.47808	1
0.478336	1
0.958208	2
0.9587199999999999	2
1.438848	3
0.9597439999999999	2
0.9612799999999999	2
0.48115199999999997	1
0.481664	1
0.482176	1
0.48268799999999995	1
0.9663999999999999	2
0.483712	1
0.48396799999999995	1
0.484224	1
0.9689599999999999	2
0.484992	1
0.971008	2
0.48575999999999997	1
0.486016	1
1.458816	3
0.48652799999999996	1
0.973568	2
0.9745919999999999	2
0.975104	2
0.48832	1
0.9771519999999999	2
0.488832	1
0.48908799999999997	1
0.489344	1
0.4896	1
0.9797119999999999	2
0.490112	1
0.9807359999999999	2
0.490624	1
0.98176	2
0.982784	2
0.49190399999999995	1
0.49241599999999996	1
0.492672	1
0.985856	2
0.49318399999999996	1
1.4803199999999999	3
0.49369599999999997	1
0.493952	1
0.494208	1
0.49446399999999996	1
1.48416	3
0.49497599999999997	1
0.992512	2
1.489536	3
0.993536	2
1.491072	3
0.49728	1
0.995072	2
0.996096	2
0.9966079999999999	2
0.99712	2
1.496448	3
1.497984	3
0.999168	2
0.49983999999999995	1
1.000192	2
0.500352	1
0.500864	1
0.50112	1
1.504128	3
1.504896	3
0.502912	1
1.006336	2
0.503424	1
1.51104	3
1.0078719999999999	2
0.504192	1
1.008896	2
1.0094079999999999	2
0.505472	1
1.011968	2
1.01248	2
0.506496	1
1.013504	2
0.507008	1
1.521792	3
0.507776	1
1.016576	2
2.034176	4
2.0352	4
0.509056	1
1.527936	3
1.0196479999999999	2
1.02016	2
0.510336	1
2.0423679999999997	4
1.533312	3
2.0454399999999997	4
0.511616	1
1.023744	2
2.56064	5
1.024768	2
0.51264	1
1.025792	2
2.56576	5
1.026816	2
1.027328	2
1.0278399999999999	2
0.514176	1
0.5146879999999999	1
1.544832	3
0.5152	1
0.515456	1
2.57856	5
1.547904	3
0.516992	1
0.5172479999999999	1
2.58752	5
1.03552	2
2.073088	4
1.037056	2
0.518784	1
0.51904	1
0.519296	1
2.59776	5
0.5198079999999999	1
2.60032	5
1.04064	2
1.561728	3
1.5624959999999999	3
2.6054399999999998	5
2.6067199999999997	5
1.0432	2
2.087424	4
1.566336	3
0.5223679999999999	1
1.567872	3
1.04576	2
1.569408	3
0.523392	1
2.094592	4
1.0478079999999999	2
1.04832	2
0.524544	1
2.100224	4
0.5255679999999999	1
2.6304	5
1.5797759999999998	3
1.054208	2
2.110464	4
3.6968959999999997	7
2.6431999999999998	5
1.587456	3
2.64832	5
3.711232	7
3.184128	6
4.2496	8
2.126848	4
3.1933439999999997	6
2.66368	5
2.6662399999999997	5
2.13504	4
3.205632	6
2.1391359999999997	4
2.141184	4
2.143232	4
2.14528	4
1.073664	2
2.6867199999999998	5
2.151424	4
1.076736	2
4.31104	8
3.775744	7
2.1596159999999998	4
1.621248	3
2.70464	5
1.62432	3
2.7097599999999997	5
3.7972479999999997	7
1.628928	3
0.543488	1
1.0879999999999999	2
6.5341439999999995	12
2.180096	4
3.2732159999999997	6
5.46048	10
3.27936	6
3.829504	7
3.8330879999999996	7
3.288576	6
4.388864	8
3.29472	6
5.49632	10
1.650432	3
3.3039359999999998	6
3.3070079999999997	6
1.6550399999999998	3
2.208768	4
1.658112	3
4.978943999999999	9
4.429824	8
1.66272	3
2.219008	4
3.8868479999999996	7
1.667328	3
2.225152	4
3.3407999999999998	6
2.7865599999999997	5
2.78912	5
2.79168	5
3.911936	7
4.47488	8
4.478975999999999	8
3.922688	7
2.243584	4
3.929856	7
3.37152	6
2.81216	5
2.81472	5
3.9441919999999997	7
4.511744	8
3.3868799999999997	6
2.82496	5
1.696512	3
2.8300799999999997	5
3.965696	7
2.26816	4
2.83776	5
3.408384	6
2.84288	5
2.84544	5
2.2784	4
2.8505599999999998	5
3.4237439999999997	6
3.4268159999999996	6
5.144832	9
3.43296	6
1.718016	3
4.012288	7
2.294784	4
3.445248	6
2.8735999999999997	5
4.601856	8
2.3029759999999997	4
4.033792	7
4.614144	8
4.61824	8
4.622336	8
4.626431999999999	8
2.315264	4
2.8966399999999997	5
2.8992	5
4.642816	8
2.3234559999999997	4
5.813759999999999	10
3.4913279999999998	6
2.3296	4
4.663296	8
2.3336959999999998	4
5.255424	9
2.92224	5
2.3398399999999997	4
2.341888	4
5.273855999999999	9
4.691968	8
5.283072	9
5.8751999999999995	10
2.9401599999999997	5
5.88544	10
1.7671679999999999	3
3.5374079999999997	6
5.31072	9
2.95296	5
3.546624	6
7.691008	13
5.921279999999999	10
4.14848	7
3.558912	6
4.155648	7
4.159231999999999	7
7.730944	13
3.5711999999999997	6
6.5528319999999995	11
4.1735679999999995	7
2.3869439999999997	4
5.375232	9
2.9888	5
2.99136	5
4.191488	7
5.393663999999999	9
2.399232	4
3.0016	5
4.806655999999999	8
6.614783999999999	11
4.814848	8
3.6142079999999996	6
3.61728	6
2.4135679999999997	4
3.01952	5
4.835328	8
5.444351999999999	9
8.47616	14
4.241664	7
4.245248	7
4.248832	7
5.467391999999999	9
3.6479999999999997	6
6.08512	10
4.872192	8
7.9239679999999995	13
6.10048	10
7.9372799999999994	13
4.2775039999999995	7
1.834752	3
4.896768	8
4.288256	7
3.6787199999999998	6
3.0681599999999998	5
6.755584	11
4.917248	8
3.6910079999999996	6
4.92544	8
6.161919999999999	10
4.316928	7
4.937728	8
5.559552	9
4.32768	7
6.18752	10
3.7155839999999998	6
5.577984	9
1.240576	2
3.1039999999999996	5
1.242624	2
5.596416	9
3.734016	6
3.737088	6
5.61024	9
4.367103999999999	7
4.3706879999999995	7
6.873856	11
3.752448	6
3.1296	5
6.26432	10
6.2694399999999995	10
3.13728	5
2.511872	4
4.39936	7
6.918912	11
5.6655359999999995	9
2.520064	4
4.413696	7
5.67936	9
6.315519999999999	10
5.056512	8
4.428032	7
5.697792	9
6.335999999999999	10
2.536448	4
6.9808639999999995	11
4.445952	7
2.542592	4
3.81696	6
4.456704	7
3.823104	6
3.1884799999999998	5
3.8292479999999998	6
3.1936	5
1.9176959999999998	3
3.8384639999999997	6
1.9207679999999998	3
2.563072	4
3.2064	5
6.41792	10
4.496128	7
4.499712	7
3.859968	6
1.93152	3
6.4435199999999995	10
3.8691839999999997	6
6.45376	10
1.291776	2
8.4032	13
10.350591999999999	16
5.179392	8
7.127295999999999	11
6.48448	10
2.59584	4
4.546304	7
5.199872	8
4.553472	7
2.6040319999999997	4
3.9091199999999997	6
4.564223999999999	7
3.26272	5
3.918336	6
3.2678399999999996	5
3.2704	5
3.27296	5
8.516352	13
5.900544	9
3.28064	5
1.96992	3
3.28576	5
3.9459839999999997	6
5.923584	9
1.9760639999999998	3
4.6144	7
5.277696	8
4.621568	7
2.642944	4
5.289984	8
1.98528	3
2.649088	4
5.965056	9
5.306368	8
5.974272	9
5.31456	8
5.9834879999999995	9
8.649472	13
5.326848	8
7.330048	11
8.66944	13
4.004352	6
4.007423999999999	6
6.015744	9
3.34464	5
2.6777599999999997	4
3.34976	5
3.3523199999999997	5
3.3548799999999996	5
5.371904	8
8.735999999999999	13
6.7251199999999995	10
4.711168	7
4.0412159999999995	6
0.674048	1
3.3728	5
8.100864	12
5.404672	8
3.38048	5
4.736256	7
6.09408	9
4.065792	6
5.425152	8
4.750592	7
3.3958399999999997	5
6.796799999999999	10
3.40096	5
5.445632	8
4.087295999999999	6
3.4086399999999997	5
4.7756799999999995	7
4.096512	6
5.466112	8
6.1539839999999995	9
6.158592	9
2.7392	4
2.7412479999999997	4
4.1149439999999995	6
6.86336	10
2.747392	4
3.4368	5
3.4393599999999998	5
6.195456	9
6.200063999999999	9
6.2046719999999995	9
2.06976	3
2.071296	3
2.072832	3
3.45728	5
6.2277119999999995	9
6.23232	9
6.236928	9
4.854528	7
4.164096	6
6.250751999999999	9
8.34048	12
2.782208	4
6.264576	9
4.179456	6
3.4854399999999996	5
4.1856	6
4.1886719999999995	6
6.98624	10
3.4956799999999997	5
2.7985919999999997	4
4.90112	7
4.204032	6
5.609471999999999	8
3.50848	5
3.51104	5
6.324479999999999	9
3.5161599999999997	5
2.8149759999999997	4
1.408512	2
5.638144	8
4.23168	6
3.5289599999999997	5
5.6504319999999995	8
4.947712	7
3.53664	5
2.12352	3
2.833408	4
7.08864	10
6.384384	9
4.259328	6
7.104	10
5.687296	8
3.55712	5
4.9835519999999995	7
3.5622399999999996	5
7.84256	11
2.853888	4
2.855936	4
2.143488	3
4.290048	6
6.43968	9
4.296192	6
5.732352	8
3.58528	5
6.458112	9
2.1542399999999997	3
3.5929599999999997	5
2.876416	4
3.59808	5
2.160384	3
2.88256	4
5.048064	7
4.329984	6
5.777407999999999	8
5.781504	8
5.7856	8
1.447424	2
1.448448	2
5.073151999999999	7
3.6262399999999997	5
3.6288	5
3.63136	5
7.994624	11
2.181888	3
6.550272	9
3.6416	5
2.9153279999999997	4
3.6467199999999997	5
2.919424	4
2.921472	4
3.6544	5
2.9255679999999997	4
2.927616	4
2.929664	4
3.66464	5
3.6672	5
5.8716159999999995	8
2.937856	4
5.879808	8
6.6193919999999995	9
6.624	9
4.419072	6
4.422143999999999	6
2.950144	4
0.7380479999999999	1
1.47712	2
5.173503999999999	7
3.69792	5
3.7004799999999998	5
3.7030399999999997	5
8.89344	12
4.4497919999999995	6
3.71072	5
3.7132799999999997	5
2.9726719999999998	4
2.2310399999999997	3
4.465152	6
6.702336	9
2.235648	3
2.237184	3
1.49248	2
4.480512	6
2.9890559999999997	4
5.982208	8
5.238016	7
1.4976	2
2.997248	4
6.748416	9
4.502016	6
6.757632	9
6.010879999999999	8
0.751872	1
2.257152	3
2.258688	3
1.506816	2
3.0156799999999997	4
4.526592	6
6.039552	8
6.043648	8
2.2679039999999997	3
5.29536	7
7.56992	10
2.272512	3
7.580159999999999	10
4.551168	6
1.5180799999999999	2
3.038208	4
4.560384	6
6.845184	9
1.522176	2
6.0927999999999995	8
7.6211199999999995	10
1.525248	2
6.105087999999999	8
6.109184	8
9.16992	12
6.117376	8
4.591104	6
4.594176	6
6.129664	8
4.60032	6
3.0689279999999997	4
5.374207999999999	7
3.0730239999999998	4
8.456448	11
3.8464	5
4.618752	6
4.621824	6
3.8540799999999997	5
3.085312	4
4.63104	6
3.0894079999999997	4
3.8643199999999998	5
5.413632	7
5.417216	7
6.1952	8
5.424384	7
4.652544	6
5.431552	7
3.1057919999999997	4
5.43872	7
4.664832	6
7.001856	9
4.670976	6
7.79008	10
2.3385599999999998	3
3.9001599999999996	5
7.80544	10
8.591616	11
2.3447039999999997	3
3.12832	4
6.260736	8
2.349312	3
4.701696	6
5.4888959999999996	7
4.70784	6
2.3554559999999998	3
2.356992	3
6.289408	8
6.2935039999999995	8
5.5104	7
4.726272	6
4.729344	6
3.154944	4
3.94624	5
7.1078399999999995	9
4.741632	6
6.3262719999999995	8
3.165184	4
7.126271999999999	9
6.338559999999999	8
5.549824	7
3.96672	5
6.350848	8
7.149312	9
2.38464	3
7.953919999999999	10
3.183616	4
5.574911999999999	7
3.9846399999999997	5
0.7974399999999999	1
3.98976	5
7.98464	10
3.1959039999999996	4
1.598976	2
5.6	7
4.00256	5
8.811264	11
4.00768	5
3.208192	4
8.82816	11
3.212288	4
2.410752	3
2.4122879999999998	3
6.436864	8
4.0256	5
7.250687999999999	9
4.03072	5
5.646592	7
8.071679999999999	10
3.23072	4
8.08192	10
4.852224	6
3.2368639999999997	4
8.09728	10
5.671679999999999	7
3.2430079999999997	4
8.112639999999999	10
0.8117759999999999	1
6.498304	8
6.5024	8
7.319808	9
4.882944	6
4.886016	6
6.518784	8
2.44608	3
5.711104	7
6.531072	8
4.08448	5
5.721856	7
4.90752	6
4.910591999999999	6
3.275776	4
6.555648	8
4.919808	6
11.48672	14
4.10496	5
6.572032	8
4.932096	6
3.2901119999999997	4
5.76128	7
8.23552	10
8.240639999999999	10
9.894912	12
3.3003519999999997	4
4.128	5
4.13056	5
4.959744	6
9.925632	12
5.793536	7
4.1408	5
7.458048	9
3.3167359999999997	4
1.659392	2
4.15104	5
3.32288	4
6.649856	8
7.485696	9
2.496768	3
3.331072	4
7.4995199999999995	9
5.002752	6
4.17152	5
7.513344	9
3.341312	4
8.3584	10
6.690816	8
7.531776	9
10.048511999999999	12
3.351552	4
4.192	5
4.19456	5
5.875967999999999	7
5.8795519999999994	7
4.20224	5
0.8409599999999999	1
5.048832	6
7.577856	9
4.21248	5
4.21504	5
3.3740799999999997	4
4.22016	5
10.979072	13
4.22528	5
7.610112	9
5.07648	6
5.926144	7
5.082624	6
5.0856959999999996	6
9.329407999999999	11
10.183679999999999	12
3.3966079999999996	4
4.24832	5
3.4007039999999997	4
3.402752	4
4.256	5
6.813695999999999	8
6.817792	8
5.969151999999999	7
6.825984	8
9.391359999999999	11
8.54272	10
5.128704	6
9.408256	11
5.9906559999999995	7
3.42528	4
5.140992	6
6.858752	8
8.57856	10
6.008576	7
2.57664	3
9.453312	11
10.318848	12
2.581248	3
6.887423999999999	8
6.03008	7
6.033664	7
7.762175999999999	9
3.451904	4
4.3174399999999995	5
5.184	6
6.051584	7
6.055168	7
1.731072	2
5.196288	6
4.3328	5
11.271936	13
10.411007999999999	12
8.680959999999999	10
7.8174719999999995	9
7.82208	9
5.217792	6
3.4805759999999997	4
10.447872	12
5.227008	6
6.10176	7
8.721919999999999	10
11.345151999999999	13
6.985728	8
2.621184	3
6.11968	7
4.37376	5
11.378432	13
9.633536	11
7.886591999999999	9
5.2608	6
9.650432	11
6.144768	7
5.270016	6
6.151936	7
6.15552	7
7.038976	8
4.40192	5
7.047168	8
7.932671999999999	9
4.4096	5
4.41216	5
10.595328	12
5.300736	6
1.767936	2
7.0758399999999995	8
8.84992	10
9.740544	11
6.202112	7
8.86528	10
4.4352	5
8.87552	10
12.432896	14
5.331456	6
5.334528	6
6.2272	7
4.450559999999999	5
4.45312	5
7.129087999999999	8
8.024832	9
8.02944	9
5.356032	6
3.572736	4
7.1495679999999995	8
8.047872	9
10.73664	12
6.266623999999999	7
8.061696	9
5.377536	6
8.96768	10
7.17824	8
8.080128	9
9.881344	11
10.785791999999999	12
6.295296	7
8.098559999999999	9
7.202815999999999	8
4.50432	5
9.01376	10
3.6075519999999996	4
5.4144	6
14.446591999999999	16
4.517119999999999	5
3.615744	4
10.853375999999999	12
8.144639999999999	9
7.2437759999999995	8
8.153856	9
9.971456	11
5.442048	6
10.89024	12
6.356224	7
9.08544	10
3.636224	4
3.6382719999999997	4
3.64032	4
2.731776	3
3.6444159999999997	4
4.5580799999999995	5
5.472767999999999	6
7.30112	8
4.56576	5
6.3956479999999996	7
6.399232	7
10.061568	11
5.4912	6
4.5785599999999995	5
2.748672	3
4.58368	5
2.751744	3
6.42432	7
8.264448	9
0.9187839999999999	1
8.273664	9
6.438656	7
5.52192	6
3.683328	4
4.60672	5
3.687424	4
6.456576	7
5.53728	6
3.693568	4
8.315135999999999	9
9.244159999999999	10
7.399424	8
9.2544	10
7.407616	8
5.558784	6
7.415807999999999	8
4.63744	5
3.7119999999999997	4
7.428096	8
2.7870719999999998	3
6.506752	7
6.510336	7
5.58336	6
3.724288	4
7.452672	8
11.185151999999999	12
7.460864	8
2.79936	3
6.535424	7
13.078016	14
6.542592	7
6.546176	7
6.54976	7
6.553344	7
5.620223999999999	6
6.560512	7
3.750912	4
5.62944	6
6.571263999999999	7
6.574847999999999	7
12.217087999999999	13
9.40288	10
7.5264	8
3.7652479999999997	4
9.418239999999999	10
7.538688	8
13.199872	14
9.4336	10
7.5509759999999995	8
7.555072	8
8.504064	9
4.72704	5
0.94592	1
7.5714559999999995	8
2.840832	3
5.684736	6
9.47968	10
4.7424	5
6.642944	7
9.49504	10
7.600128	8
5.703168	6
8.55936	9
5.709312	6
3.8082559999999996	4
10.478335999999999	11
4.76544	5
3.8144	4
7.632896	8
5.7277439999999995	6
7.641088	8
6.6895359999999995	7
6.6931199999999995	7
5.740031999999999	6
11.486208	12
3.830784	4
2.874624	3
6.71104	7
5.755392	6
7.677951999999999	8
5.7615359999999995	6
6.725376	7
3.8451199999999996	4
5.770752	6
6.736128	7
7.702528	8
2.8899839999999997	3
4.8191999999999995	5
4.821759999999999	5
4.82432	5
4.82688	5
8.692992	9
10.6304	11
8.702207999999999	9
5.804544	6
6.775551999999999	7
4.842239999999999	5
3.8758399999999997	4
9.69472	10
6.7898879999999995	7
11.645952	12
8.739072	9
10.68672	11
14.58048	15
4.8627199999999995	5
3.8922239999999997	4
4.86784	5
5.84448	6
5.847551999999999	6
6.825728	7
7.804927999999999	8
9.76128	10
4.8831999999999995	5
9.771519999999999	10
7.821312	8
7.8254079999999995	8
6.850816	7
5.8751999999999995	6
8.817408	9
8.822016	9
3.9229439999999998	4
4.9062399999999995	5
5.89056	6
3.9290879999999997	4
4.91392	5
7.866368	8
12.789503999999999	13
5.90592	6
2.954496	3
7.882752	8
6.900992	7
7.890943999999999	8
6.90816	7
8.886528	9
5.927423999999999	6
3.953664	4
5.933568	6
5.93664	6
7.9196159999999995	8
1.9809279999999998	2
7.927808	8
4.95744	5
11.904	12
8.932608	9
8.937216	9
3.974144	4
6.958336	7
9.945599999999999	10
3.980288	4
5.973504	6
10.957056	11
7.9728639999999995	8
4.9856	5
3.990528	4
1.9962879999999998	2
6.9905919999999995	7
7.993344	8
5.99808	6
7.001344	7
5.00352	5
9.010944	9
4.006912	4
8.01792	8
5.0137599999999996	5
10.032639999999999	10
7.026432	7
7.030016	7
4.0192	4
7.037184	7
10.05824	10
6.038016	6
4.027392	4
2.01472	2
4.0314879999999995	4
6.050304	6
3.026688	3
4.037631999999999	4
8.07936	8
7.073023999999999	7
5.05472	5
6.0687359999999995	6
6.071808	6
14.174719999999999	14
5.06496	5
8.108032	8
3.042048	3
8.116223999999999	8
8.12032	8
3.046656	3
4.064255999999999	4
6.099456	6
8.136704	8
4.0704	4
7.126784	7
4.074496	4
7.133952	7
11.216128	11
5.1008	5
7.144704	7
8.169471999999999	8
3.065088	3
5.11104	5
10.2272	10
9.209088	9
2.047488	2
8.194048	8
4.099072	4
10.252799999999999	10
8.206336	8
3.078912	3
8.214528	8
7.1912959999999995	7
6.16704	6
2.056704	2
5.14432	5
5.1468799999999995	5
4.119552	4
5.152	5
2.061824	2
8.251392	8
5.15968	5
7.227136	7
5.1648	5
3.100416	3
4.135936	4
6.206976	6
7.245056	7
4.14208	4
8.288256	8
6.219264	6
6.222335999999999	6
2.075136	2
6.228479999999999	6
8.308736	8
6.234623999999999	6
7.277311999999999	7
2.080256	2
5.2032	5
3.123456	3
6.2499839999999995	6
8.337408	8
9.384191999999999	9
5.216	5
3.1311359999999997	3
4.176896	4
4.1789439999999995	4
7.316736	7
10.4576	10
7.323904	7
10.467839999999999	10
4.189184	4
5.23904	5
5.2416	5
13.638143999999999	13
8.400896	8
11.562496	11
7.365119999999999	7
11.585023999999999	11
11.596288	11
8.441856	8
5.28128	5
17.97376	17
14.816256	14
11.652607999999999	11
13.784576	13
13.797887999999999	13
12.7488	12
9.570815999999999	9
6.3866879999999995	6
8.523776	8
7.465471999999999	7
8.54016	8
11.753983999999999	11
6.417408	6
8.564736	8
3.214848	3
7.50848	7
12.883968	12
9.672191999999999	9
9.681408	9
15.074304	14
15.08864	14
10.78784	10
15.117312	14
8.646656	8
11.900416	11
9.74592	9
9.755136	9
11.934208	11
14.117376	13
13.043712	12
10.879999999999999	10
14.157312	13
10.90048	10
8.728576	8
7.644672	7
7.65184	7
9.847296	9
7.666175999999999	7
9.865727999999999	9
13.166592	12
9.88416	9
13.191168	12
7.7020159999999995	7
8.810495999999999	8
12.125696	11
11.0336	10
9.939456	9
8.843264	8
14.383616	13
12.182015999999999	11
7.75936	7
8.876032	8
9.994752	9
7.780863999999999	7
4.450304	4
11.136	10
8.916992	8
5.57824	5
11.16672	10
11.17696	10
6.71232	6
7.838208	7
7.845376	7
6.730752	6
15.719424	14
10.114559999999999	9
12.373503999999999	11
5.62944	5
10.142208	9
5.639679999999999	5
9.03168	8
10.169856	9
14.703104	13
7.924224	7
9.064447999999999	8
9.07264	8
9.080832	8
12.497408	11
6.822912	6
3.414528	3
10.252799999999999	9
10.262016	9
4.564992	4
9.138176	8
8.003072	7
5.7216	5
10.308095999999999	9
6.878208	6
11.47392	10
11.48416	10
3.44832	3
6.902784	6
12.666368	11
5.76256	5
11.535359999999999	10
6.927359999999999	6
4.622336	4
21.975552	19
9.261056	8
8.110592	7
11.5968	10
8.124927999999999	7
12.779008	11
12.790272	11
6.9826559999999995	6
3.4943999999999997	3
5.82912	5
7.001087999999999	6
7.007231999999999	6
11.68896	10
4.679679999999999	4
12.880384	11
7.031808	6
16.421888	14
7.044096	6
11.750399999999999	10
10.584576	9
11.77088	10
7.068671999999999	6
4.716544	4
5.900799999999999	5
4.724736	4
2.364416	2
5.91616	5
8.289792	7
4.74112	4
7.117824	6
7.123968	6
8.318463999999999	7
2.378752	2
5.952	5
7.148543999999999	6
3.5773439999999996	3
7.160832	6
3.583488	3
8.36864	7
5.98272	5
2.395136	2
3.595776	3
3.598848	3
4.80256	4
2.4033279999999997	2
7.216127999999999	6
3.6111359999999997	3
3.6142079999999996	3
8.44032	7
2.4135679999999997	2
3.623424	3
6.04416	5
6.0492799999999995	5
7.26528	6
6.05952	5
14.555136	12
7.2837119999999995	6
2.429952	2
2.432	2
2.4340479999999998	2
4.872192	4
6.0953599999999994	5
7.320576	6
10.990079999999999	9
6.11072	5
4.892672	4
7.345152	6
9.801727999999999	8
7.3574399999999995	6
4.909056	4
6.141439999999999	5
6.14656	5
4.9213439999999995	4
8.61952	7
7.394304	6
7.400448	6
8.641024	7
3.706368	3
6.1823999999999995	5
4.950016	4
6.19264	5
6.19776	5
3.7217279999999997	3
4.9664	4
4.970496	4
6.21824	5
2.489344	2
6.228479999999999	5
6.2336	5
7.486464	6
4.9950719999999995	4
6.248959999999999	5
7.504896	6
3.7555199999999997	3
7.517183999999999	6
3.7616639999999997	3
6.27456	5
5.023744	4
3.77088	3
6.2899199999999995	5
5.036032	4
1.260032	1
11.349504	9
5.0483199999999995	4
6.315519999999999	5
2.528256	2
2.5303039999999997	2
10.129408	8
1.2671999999999999	1
7.609343999999999	6
5.076992	4
5.081087999999999	4
1.271296	1
3.81696	3
6.36672	5
6.37184	5
5.101567999999999	4
5.105664	4
3.8323199999999997	3
7.670783999999999	6
6.39744	5
3.8415359999999996	3
7.689216	6
10.268671999999999	8
7.707648	6
8.999424	7
6.43328	5
6.4384	5
6.4435199999999995	5
3.8691839999999997	3
3.8722559999999997	3
5.167104	4
10.3424	8
5.1752959999999995	4
5.179392	4
7.775232	6
1.296896	1
9.08544	7
1.2989439999999999	1
6.49984	5
3.902976	3
3.9060479999999997	3
3.9091199999999997	3
2.608128	2
7.830527999999999	6
3.918336	3
10.457087999999999	8
5.23264	4
3.927552	3
7.861248	6
3.933696	3
3.936768	3
2.62656	2
2.628608	2
1.3153279999999998	1
3.9490559999999997	3
2.6347519999999998	2
1.3184	1
6.597119999999999	5
5.281791999999999	4
2.642944	2
6.61248	5
2.64704	2
5.298176	4
1.3255679999999999	1
2.653184	2
2.655232	2
5.31456	4
3.9889919999999996	3
3.9920639999999996	3
6.65856	5
7.996416	6
4.0012799999999995	3
4.004352	3
5.3432319999999995	4
4.010496	3
8.027136	6
9.37216	7
1.339904	1
9.386496	7
2.683904	2
5.371904	4
1.3439999999999999	1
2.690048	2
2.692096	2
5.388288	4
6.74048	5
2.6982399999999997	2
6.750719999999999	5
6.75584	5
2.7043839999999997	2
4.059648	3
4.06272	3
4.065792	3
4.068864	3
5.429247999999999	4
5.433344	4
1.35936	1
1.361408	1
2.7248639999999997	2
4.090368	3
6.8224	5
1.3655039999999998	1
9.565695999999999	7
2.7351039999999998	2
2.737152	2
2.7392	2
4.111872	3
2.743296	2
1.372672	1
2.747392	2
4.12416	3
5.502975999999999	4
6.883839999999999	5
6.88896	5
4.136448	3
2.75968	2
1.3808639999999999	1
1.381888	1
5.531648	4
4.151808	3
2.7719679999999998	2
2.774016	2
1.388032	1
1.3890559999999998	1
5.56032	4
2.782208	2
4.176384	3
1.393152	1
5.5808	4
8.377343999999999	6
4.191744	3
2.7985919999999997	2
4.20096	3
1.401344	1
5.609471999999999	4
8.420352	6
2.8088319999999998	2
2.81088	2
5.625856	4
8.444927999999999	6
4.225536	3
2.819072	2
2.82112	2
2.823168	2
1.4126079999999999	1
2.827264	2
12.731904	9
1.4156799999999998	1
5.666816	4
4.253184	3
7.09376	5
4.259328	3
4.2623999999999995	3
5.687296	4
5.691392	4
1.423872	1
4.274687999999999	3
2.8518399999999997	2
5.711872	4
1.428992	1
2.860032	2
4.29312	3
2.8682239999999997	2
2.8723199999999998	2
5.748736	4
2.876416	2
5.756927999999999	4
1.440256	1
1.44128	1
5.773312	4
5.777407999999999	4
1.445376	1
2.8928	2
2.896896	2
7.24736	5
4.351488	3
4.35456	3
4.357632	3
4.360704	3
2.9091839999999998	2
2.911232	2
1.45664	1
1.4576639999999998	1
2.917376	2
1.459712	1
1.460736	1
4.38528	3
2.9255679999999997	2
2.927616	2
2.929664	2
4.397568	3
4.403712	3
4.406784	3
1.469952	1
4.4159999999999995	3
2.946048	2
1.474048	1
1.4760959999999999	1
2.95424	2
2.956288	2
1.479168	1
1.480192	1
1.4812159999999999	1
4.44672	3
4.4497919999999995	3
2.9685759999999997	2
4.4559359999999995	3
2.9726719999999998	2
1.488384	1
2.9788159999999997	2
2.980864	2
2.982912	2
4.47744	3
2.987008	2
1.4945279999999999	1
1.495552	1
5.986304	4
1.4976	1
2.9992959999999997	2
1.501696	1
4.50816	3
1.503744	1
1.5047679999999999	1
1.505792	1
7.534079999999999	5
1.5078399999999998	1
4.526592	3
1.509888	1
4.532736	3
1.5129599999999999	1
3.027968	2
1.515008	1
6.064127999999999	4
1.517056	1
1.5180799999999999	1
1.519104	1
1.520128	1
3.0423039999999997	2
1.522176	1
6.0927999999999995	4
1.524224	1
7.63136	5
1.527296	1
3.05664	2
1.529344	1
4.591104	3
6.1255679999999995	4
1.532416	1
1.53344	1
3.0689279999999997	2
4.606464	3
3.0730239999999998	2
1.537536	1
3.07712	2
1.5395839999999998	1
3.081216	2
4.624896	3
4.627968	3
3.08736	2
3.0894079999999997	2
3.091456	2
1.547776	1
1.5488	1
3.0996479999999997	2
9.305088	6
1.5528959999999998	1
1.55392	1
1.5549439999999999	1
4.667904	3
1.5580159999999998	1
1.55904	1
3.122176	2
1.562112	1
6.25664	4
3.130368	2
1.5662079999999998	1
1.567232	1
1.5682559999999999	1
1.56928	1
3.140608	2
3.1426559999999997	2
3.144704	2
3.1467519999999998	2
1.575424	1
3.1528959999999997	2
1.577472	1
3.156992	2
4.73856	3
1.580544	1
6.3262719999999995	4
1.5846399999999998	1
3.1733759999999998	2
3.175424	2
1.588736	1
4.772352	3
3.183616	2
1.592832	1
4.781568	3
7.97952	5
1.598976	1
3.204096	2
4.809216	3
4.812288	3
1.6051199999999999	1
1.606144	1
1.607168	1
3.2163839999999997	2
1.609216	1
1.61024	1
3.224576	2
1.6133119999999999	1
3.228672	2
3.23072	2
1.6163839999999998	1
4.852224	3
1.6184319999999999	1
1.619456	1
6.48192	4
3.2430079999999997	2
1.622528	1
1.6235519999999999	1
3.2512	2
1.627648	1
6.518784	4
4.895232	3
3.267584	2
3.2696319999999996	2
1.6368639999999999	1
1.637888	1
1.638912	1
1.64096	1
1.643008	1
4.932096	3
3.2901119999999997	2
1.64608	1
3.2962559999999996	2
3.3024	2
3.3064959999999997	2
1.654272	1
1.65632	1
3.314688	2
4.9781759999999995	3
1.660416	1
3.32288	2
4.996608	3
8.33792	5
1.6686079999999999	1
3.339264	2
3.341312	2
1.672704	1
3.3535999999999997	2
1.678848	1
1.679872	1
3.361792	2
1.6819199999999999	1
1.683968	1
3.372032	2
5.06112	3
1.688064	1
5.067264	3
5.073408	3
5.079552	3
1.6983039999999998	1
3.398656	2
1.7024	1
1.7034239999999998	1
1.706496	1
1.710592	1
3.42528	2
1.7136639999999999	1
3.4334719999999996	2
3.439616	2
1.724928	1
3.451904	2
1.728	1
1.729024	1
3.460096	2
1.7320959999999999	1
3.46624	2
1.736192	1
3.4744319999999997	2
1.739264	1
1.7402879999999998	1
1.7423359999999999	1
1.744384	1
1.746432	1
5.242368	3
1.7484799999999998	1
1.749504	1
1.751552	1
7.018496	4
1.756672	1
1.757696	1
1.7587199999999998	1
3.525632	2
1.765888	1
1.7669119999999998	1
5.30688	3
1.769984	1
1.7771519999999998	1
3.560448	2
1.7822719999999999	1
1.783296	1
3.56864	2
1.786368	1
1.788416	1
5.371392	3
1.796608	1
3.595264	2
1.801728	1
1.802752	1
1.8058239999999999	1
1.806848	1
1.807872	1
1.8088959999999998	1
1.8109439999999999	1
1.812992	1
1.816064	1
1.8170879999999998	1
3.6382719999999997	2
1.82016	1
3.6444159999999997	2
1.8242559999999999	1
1.826304	1
1.828352	1
1.831424	1
1.834496	1
1.8355199999999998	1
3.6751359999999997	2
1.8406399999999998	1
1.841664	1
3.6853759999999998	2
3.6915199999999997	2
1.851904	1
1.852928	1
1.8539519999999998	1
1.8559999999999999	1
1.858048	1
1.860096	1
1.862144	1
1.863168	1
1.8641919999999998	1
1.868288	1
1.87136	1
1.8744319999999999	1
1.875456	1
3.75296	2
3.7632	2
1.884672	1
3.777536	2
1.889792	1
1.8928639999999999	1
1.893888	1
1.8990079999999998	1
1.903104	1
1.9061759999999999	1
1.9092479999999998	1
1.910272	1
1.9143679999999998	1
1.915392	1
1.916416	1
5.758464	3
1.925632	1
7.7189119999999996	4
1.931776	1
1.9327999999999999	1
1.936896	1
1.9379199999999999	1
1.938944	1
1.939968	1
5.826048	3
1.9430399999999999	1
1.9491839999999998	1
1.9563519999999999	1
1.957376	1
1.9584	1
1.9594239999999998	1
1.960448	1
1.962496	1
3.933184	2
1.9696639999999999	1
1.97376	1
3.9495679999999997	2
1.9778559999999998	1
3.970048	2
1.9880959999999999	1
1.98912	1
1.990144	1
1.9911679999999998	1
1.9932159999999999	1
3.990528	2
1.9962879999999998	1
2.000384	1
2.0024319999999998	1
6.010368	3
4.017151999999999	2
2.0096	1
2.012672	1
4.035584	2
2.0188159999999997	1
2.025984	1
4.06016	2
2.031104	1
2.033152	1
2.034176	1
2.0352	1
2.0392959999999998	1
2.04032	1
2.043392	1
2.048512	1
4.099072	2
2.05056	1
2.051584	1
2.064896	1
2.0659199999999998	1
2.070016	1
2.07104	1
2.072064	1
2.073088	1
2.074112	1
2.083328	1
2.084352	1
2.0894719999999998	1
2.09152	1
2.09664	1
4.204543999999999	2
4.212736	2
4.220928	2
2.1125119999999997	1
2.116608	1
2.1248	1
2.126848	1
2.130944	1
2.13504	1
2.137088	1
6.417408	3
2.141184	1
4.302848	2
2.157568	1
6.478847999999999	3
2.161664	1
4.327424	2
2.1657599999999997	1
2.173952	1
2.180096	1
2.182144	1
2.200576	1
2.204672	1
2.2231039999999997	1
2.2333439999999998	1
2.241536	1
4.491264	2
2.253824	1
2.255872	1
4.540416	2
2.272256	1
2.274304	1
2.2784	1
2.280448	1
2.282496	1
2.284544	1
2.305024	1
2.311168	1
2.348032	1
2.358272	1
2.3603199999999998	1
2.372608	1
2.3808	1
2.388992	1
2.39104	1
4.786176	2
4.80256	2
2.405376	1
2.41152	1
2.4135679999999997	1
2.417664	1
2.446336	1
4.896768	2
2.4770559999999997	1
2.4832	1
2.5036799999999997	1
2.5139199999999997	1
2.518016	1
2.5241599999999997	1
5.056512	2
2.532352	1
5.081087999999999	2
2.55488	1
2.556928	1
2.5671679999999997	1
2.569216	1
2.57536	1
2.5856	1
2.6142719999999997	1
2.6511359999999997	1
2.665472	1
2.669568	1
2.673664	1
2.681856	1
2.6879999999999997	1
2.7043839999999997	1
2.72896	1
2.7351039999999998	1
2.7781119999999997	1
2.81088	1
2.82112	1
2.823168	1
2.8887039999999997	1
2.8989439999999997	1
2.917376	1
8.764415999999999	3
3.007488	1
3.0156799999999997	1
3.156992	1
3.324928	1
3.329024	1
3.349504	1
3.386368	1
3.451904	1
3.462144	1
3.519488	1
3.5215359999999998	1
3.529728	1
3.6014079999999997	1
3.6853759999999998	1
7.514112	2
3.795968	1
3.890176	1
3.9454719999999996	1
4.189184	1
4.220928	1
4.286464	1
4.3192319999999995	1
4.3929599999999995	1
4.544512	1
4.5731839999999995	1
4.57728	1
4.581376	1
4.634624	1
4.732927999999999	1
4.757504	1
4.769792	1
4.82304	1
4.872192	1
4.9213439999999995	1
4.9664	1
5.163008	1
5.2736	1
5.531648	1
5.609471999999999	1
5.736447999999999	1
5.7446399999999995	1
5.8511359999999994	1
5.978111999999999	1
6.772736	1
7.211008	1
7.3502719999999995	1
7.866368	1
7.890943999999999	1
7.91552	1
7.968768	1
8.210431999999999	1
9.400319999999999	1
9.818112	1
9.97376	1
11.513855999999999	1
11.595775999999999	1
11.776	1
11.964416	1
12.505087999999999	1
12.914688	1
13.389823999999999	1
15.429632	1
21.01248	1
21.340159999999997	1
22.683647999999998	1
23.011328	1
25.518079999999998	1
25.681919999999998	1
26.025983999999998	1
27.140096	1
27.2384	1
27.467775999999997	1
28.073984	1
28.8768	1
29.089792	1
29.155327999999997	1
29.728768	1
30.089216	1
30.121983999999998	1
30.154752	1
60.997631999999996	2
30.646272	1
31.203328	1
31.383551999999998	1
31.399936	1
31.629312	1
42.647552	1
46.088192	1
52.18304	1
53.624832	1
53.985279999999996	1
54.31296	1
55.492608	1
55.689215999999995	1
55.721984	1
56.279039999999995	1
59.88352	1
59.949056	1
60.37504	1
121.274368	2
60.735488	1
121.53651199999999	2
60.801024	1
121.66758399999999	2
121.73312	2
60.899328	1
121.86419199999999	2
122.0608	2
61.095935999999995	1
61.128704	1
122.454016	2
61.259775999999995	1
61.325312	1
122.71615999999999	2
61.390848	1
61.423615999999996	1
123.17491199999999	2
61.718528	1
61.784063999999994	1
61.849599999999995	1
123.89580799999999	2
61.980672	1
62.177279999999996	1
62.210048	1
64.50380799999999	1
64.79872	1
64.864256	1
65.1264	1
65.68345599999999	1
66.92864	1
72.9088	1
73.760768	1
75.268096	1
75.72684799999999	1
78.15168	1
79.003648	1
79.13472	1
80.44543999999999	1
81.821696	1
81.95276799999999	1
83.98438399999999	1
84.246528	1
84.3776	1
85.098496	1
86.278144	1
86.409216	1
88.244224	1
90.341376	1
90.800128	1
90.865664	1
