0.42457599999999995	1
0.42508799999999997	1
0.4256	1
0.427904	1
1.289856	3
0.432	1
0.432512	1
0.43430399999999997	1
0.43456	1
0.43558399999999997	1
0.436096	1
0.43635199999999996	1
0.43763199999999997	1
0.876288	2
0.43839999999999996	1
0.439424	1
0.443776	1
0.4448	1
0.44684799999999997	1
0.44736	1
0.44812799999999997	1
0.448384	1
0.44864	1
0.898304	2
0.8993279999999999	2
0.45094399999999996	1
0.451712	1
0.451968	1
0.45222399999999996	1
0.45376	1
0.45427199999999995	1
0.454528	1
0.9095679999999999	2
0.45504	1
0.455296	1
0.9111039999999999	2
0.45632	1
1.3697279999999998	3
0.914688	2
0.9152	2
0.915712	2
0.45811199999999996	1
0.917248	2
0.9177599999999999	2
0.459136	1
0.45939199999999997	1
0.46015999999999996	1
0.460416	1
0.461184	1
0.46143999999999996	1
1.3850879999999999	3
0.923904	2
0.9244159999999999	2
0.462464	1
1.388928	3
0.463744	1
0.929024	2
0.46476799999999996	1
0.465024	1
0.46527999999999997	1
0.465536	1
0.465792	1
0.9320959999999999	2
0.466304	1
0.93312	2
0.46732799999999997	1
0.935168	2
0.93568	2
0.46809599999999996	1
0.9372159999999999	2
0.468864	1
1.40736	3
0.469632	1
0.939776	2
0.470144	1
0.4704	1
0.942336	2
0.9438719999999999	2
0.472192	1
1.418112	3
2.3648	5
0.47321599999999997	1
0.947456	2
1.4219519999999999	3
0.94848	2
1.4234879999999999	3
0.47475199999999995	1
1.4250239999999998	3
0.9505279999999999	2
1.4265599999999998	3
0.9520639999999999	2
1.428864	3
0.4768	1
1.431168	3
0.9546239999999999	2
1.910272	4
1.91232	4
0.957696	2
0.479616	1
0.9597439999999999	2
0.960256	2
0.480384	1
1.4419199999999999	3
0.961792	2
0.481408	1
0.481664	1
1.448064	3
0.965888	2
1.4496	3
1.4503679999999999	3
0.967424	2
1.452672	3
0.9689599999999999	2
0.484736	1
1.939968	4
0.9704959999999999	2
0.485504	1
1.458048	3
0.972544	2
0.48652799999999996	1
1.4603519999999999	3
1.46112	3
0.48729599999999995	1
1.462656	3
1.4634239999999998	3
1.464192	3
0.48857599999999995	1
0.48908799999999997	1
0.48985599999999996	1
2.9406719999999997	6
1.471104	3
0.981248	2
0.49088	1
0.9822719999999999	2
0.982784	2
1.474944	3
1.475712	3
0.98432	2
0.9848319999999999	2
1.478016	3
1.971712	4
1.479552	3
1.4803199999999999	3
0.9873919999999999	2
0.987904	2
0.988416	2
0.9889279999999999	2
1.48416	3
2.4748799999999997	5
0.9904639999999999	2
1.486464	3
0.49574399999999996	1
0.992	2
1.489536	3
2.9806079999999997	6
0.49702399999999997	1
2.4863999999999997	5
0.497536	1
1.493376	3
0.996096	2
1.99424	4
0.997632	2
1.4972159999999999	3
0.998656	2
0.999168	2
1.49952	3
2.000384	4
2.001408	4
0.5006079999999999	1
1.502592	3
1.50336	3
1.003264	2
1.003776	2
3.012864	6
1.507968	3
1.006336	2
1.5102719999999998	3
2.5183999999999997	5
0.5039359999999999	1
1.512576	3
0.504448	1
1.514112	3
2.01984	4
2.52608	5
1.516416	3
0.505728	1
1.517952	3
2.02496	4
1.012992	2
3.0405119999999997	6
3.042048	6
1.0145279999999999	2
1.01504	2
0.507776	1
1.0160639999999999	2
2.5414399999999997	5
1.0176	2
1.5271679999999999	3
1.018624	2
1.5287039999999998	3
1.0196479999999999	2
1.02016	2
1.020672	2
0.5105919999999999	1
1.532544	3
3.066624	6
3.0681599999999998	6
1.023232	2
2.047488	4
1.536384	3
0.512384	1
1.02528	2
1.5386879999999998	3
3.078912	6
1.540224	3
2.054656	4
2.0556799999999997	4
1.542528	3
1.543296	3
2.0587519999999997	4
0.514944	1
1.5455999999999999	3
2.57856	5
0.515968	1
0.516224	1
3.09888	6
1.550208	3
1.550976	3
2.58624	5
1.035008	2
2.5888	5
1.5540479999999999	3
0.518272	1
0.518784	1
1.03808	2
1.038592	2
3.1173119999999996	6
1.0396159999999999	2
0.520064	1
2.08128	4
1.0411519999999999	2
2.60416	5
2.6054399999999998	5
3.6494079999999998	7
1.5648	3
2.087424	4
1.044224	2
2.61184	5
0.522624	1
0.52288	1
1.569408	3
1.570176	3
2.6182399999999997	5
1.571712	3
1.5724799999999999	3
2.6227199999999997	5
2.100224	4
4.730112	9
3.1564799999999997	6
4.7393279999999995	9
1.5813119999999998	3
2.110464	4
4.2250239999999994	8
4.22912	8
3.704064	7
3.177984	6
4.241408	8
3.184128	6
3.7184	7
2.65856	5
2.66112	5
4.261888	8
4.799232	9
4.80384	9
2.137088	4
4.813056	9
3.211776	6
5.893888	11
1.60896	3
5.36832	10
3.224064	6
4.840704	9
4.845312	9
2.6944	5
4.854528	9
6.478847999999999	12
4.323328	8
3.245568	6
4.87296	9
4.335616	8
4.882175999999999	9
3.257856	6
5.978368	11
8.16	15
4.900608	9
2.180096	4
5.45536	10
3.822336	7
3.82592	7
4.376576	8
4.380672	8
3.8366719999999996	7
3.8402559999999997	7
4.94208	9
6.045952	11
2.75072	5
6.0572159999999995	11
7.165184	13
8.2752	15
5.52192	10
3.868928	7
6.085376	11
3.322368	6
2.21696	4
2.77376	5
3.8868479999999996	7
6.669312	12
5.0065919999999995	9
2.2272	4
6.130432	11
7.809536	14
4.4666879999999995	8
5.029631999999999	9
8.3904	15
5.038848	9
7.845376	14
5.60896	10
3.929856	7
5.619199999999999	10
6.186751999999999	11
3.3776639999999998	6
3.9441919999999997	7
6.203647999999999	11
4.51584	8
4.5199359999999995	8
4.524032	8
7.924224	14
3.965696	7
6.80448	12
4.540416	8
5.6806399999999995	10
5.117184	9
9.674496	17
4.5568	8
4.560896	8
5.706239999999999	10
2.85568	5
7.431424	13
5.149439999999999	9
6.299392	11
5.158656	9
9.179136	16
4.019456	7
8.04608	14
5.1770879999999995	9
6.333184	11
8.067584	14
9.228288	16
6.927359999999999	12
7.511296	13
4.048128	7
5.7881599999999995	10
6.951936	12
4.058879999999999	7
6.964224	12
6.970368	12
6.395136	11
2.327552	4
6.9887999999999995	12
5.246208	9
6.417663999999999	11
11.67872	20
6.428928	11
8.18944	14
5.8547199999999995	10
3.515904	6
5.86496	10
7.631104	13
5.28768	9
2.9401599999999997	5
7.0625279999999995	12
5.3015039999999996	9
11.201792	19
4.7206399999999995	8
5.90592	10
5.319935999999999	9
8.87424	15
5.329152	9
5.9264	10
6.524672	11
3.561984	6
2.3767039999999997	4
5.352192	9
5.3568	9
5.361408	9
8.347135999999999	14
8.354303999999999	14
5.97248	10
5.37984	9
5.384448	9
7.185408	12
5.99296	10
6.597887999999999	11
3.0016	5
7.810816	13
5.412096	9
7.824128	13
6.02368	10
7.23456	12
9.05088	15
4.831232	8
6.648575999999999	11
5.444351999999999	9
5.44896	9
4.241664	7
6.06464	10
10.318591999999999	17
6.682367999999999	11
5.4719999999999995	9
7.302143999999999	12
6.09024	10
3.657216	6
7.320576	12
7.9372799999999994	13
8.555007999999999	14
5.504256	9
10.405631999999999	17
4.900863999999999	8
8.58368	14
7.3635839999999995	12
6.755584	11
6.761216	11
7.997184	13
6.77248	11
6.161919999999999	10
4.316928	7
9.258239999999999	15
5.559552	9
7.41888	12
5.5687679999999995	9
4.954111999999999	8
9.29664	15
4.342016	7
8.6912	14
9.940992	16
5.596416	9
7.468032	12
7.474176	12
3.74016	6
5.614847999999999	9
5.619456	9
6.873856	11
5.003264	8
11.26656	18
5.637887999999999	9
5.6424959999999995	9
3.7647359999999996	6
7.535616	12
5.65632	9
5.660928	9
3.1475199999999997	5
8.820224	14
8.827392	14
7.57248	12
5.683968	9
5.056512	8
4.428032	7
7.597055999999999	12
5.7024	9
8.243456	13
5.711615999999999	9
2.5405439999999997	4
5.085184	8
5.08928	8
8.276736	13
6.37184	10
8.290047999999999	13
6.382079999999999	10
8.30336	13
5.753088	9
3.8384639999999997	6
3.2012799999999997	5
1.922304	3
8.97792	14
5.134335999999999	8
2.569216	4
3.856896	6
8.363264	13
4.50688	7
4.510464	7
6.44864	10
4.517632	7
7.104768	11
7.110399999999999	11
4.528384	7
5.179392	8
7.127295999999999	11
5.187584	8
5.19168	8
2.5978879999999998	4
6.49984	10
3.902976	6
1.9530239999999999	3
3.2576	5
5.216256	8
4.567807999999999	7
4.5713919999999995	7
2.6142719999999997	4
7.84896	12
7.855104	12
5.895936	9
9.178624	14
3.936768	6
5.9097599999999995	9
5.257216	8
5.918976	9
5.923584	9
4.610816	7
4.6144	7
4.617984	7
6.60224	10
3.30368	5
6.61248	10
7.94112	12
5.298176	8
3.976704	6
4.643072	7
5.310464	8
2.65728	4
5.318656	8
5.3227519999999995	8
5.326848	8
3.998208	6
3.3344	5
4.004352	6
4.6753279999999995	7
7.352576	11
2.675712	4
5.355519999999999	8
6.69952	10
1.340928	2
4.696832	7
5.371904	8
0.6719999999999999	1
5.380096	8
1.346048	2
3.36768	5
6.74048	10
2.6982399999999997	4
5.400576	8
6.080255999999999	9
6.76096	10
2.706432	4
4.73984	7
8.131584	12
4.747008	7
4.750592	7
4.0750079999999995	6
2.03904	3
4.761343999999999	7
5.445632	8
6.8121599999999995	10
4.7720959999999994	7
4.09344	6
6.144768	9
6.83264	10
4.786432	7
1.368576	2
6.848	10
6.167808	9
3.4291199999999997	5
4.118016	6
6.181632	9
4.12416	6
3.4393599999999998	5
5.507072	8
6.200063999999999	9
4.825856	7
6.20928	9
6.213888	9
8.982272	13
7.606015999999999	11
7.611648	11
6.23232	9
3.46496	5
3.46752	5
9.716224	14
3.4726399999999997	5
3.4751999999999996	5
4.173312	6
6.264576	9
4.179456	6
5.576703999999999	8
5.5808	8
2.0943359999999998	3
6.287616	9
4.893952	7
3.49824	5
9.102079999999999	13
6.306048	9
5.609471999999999	8
3.50848	5
7.02208	10
5.62176	8
4.922624	7
7.741184	11
4.929792	7
2.1143039999999997	3
4.23168	6
7.763712	11
3.53152	5
4.240896	6
3.53664	5
2.8313599999999997	4
4.250112	6
3.54432	5
5.675008	8
4.969215999999999	7
4.2623999999999995	6
2.843648	4
3.55712	5
3.5596799999999997	5
4.274687999999999	6
9.98144	14
7.13472	10
3.5699199999999998	5
8.573952	12
7.15008	10
2.14656	3
5.012224	7
4.299264	6
5.019392	7
8.610816	12
3.5904	5
6.467327999999999	9
2.157312	3
3.59808	5
5.761024	8
5.76512	8
5.048064	7
5.051648	7
5.055232	7
3.6134399999999998	5
4.3392	6
2.1711359999999997	3
3.62112	5
5.073151999999999	7
4.351488	6
0.72576	1
7.26272	10
3.63392	5
3.6364799999999997	5
5.094656	7
8.011519999999999	11
5.830655999999999	8
5.834752	8
10.94784	15
8.764415999999999	12
8.77056	12
6.582528	9
10.246656	14
6.591743999999999	9
7.32928	10
8.06784	11
5.137664	7
1.468928	2
4.4098559999999996	6
4.412928	6
2.944	4
4.419072	6
8.844287999999999	12
2.212608	3
5.166335999999999	7
5.90848	8
2.956288	4
2.218752	3
4.440576	6
4.443648	6
4.44672	6
5.191424	7
6.679296	9
6.683904	9
2.229504	3
6.6931199999999995	9
2.976768	4
3.7235199999999997	5
3.7260799999999996	5
4.474368	6
2.23872	3
2.240256	3
6.725376	9
4.486656	6
3.74144	5
3.7439999999999998	5
3.7465599999999997	5
3.74912	5
4.502016	6
3.003392	4
4.50816	6
6.7668479999999995	9
6.0190719999999995	8
6.023168	8
6.027264	8
7.539199999999999	10
3.017728	4
3.019776	4
5.288192	7
4.535807999999999	6
5.29536	7
2.270976	3
3.030016	4
6.064127999999999	8
3.79264	5
0.7590399999999999	1
5.316864	7
4.560384	6
6.845184	9
6.849792	9
2.2847999999999997	3
6.859007999999999	9
5.338368	7
6.105087999999999	8
3.81824	5
2.29248	3
8.411392	11
3.060736	4
2.297088	3
1.532416	2
2.30016	3
5.370623999999999	7
3.83872	5
8.450816	11
6.150144	8
8.46208	11
4.618752	6
4.621824	6
4.624896	6
6.941952	9
2.31552	3
6.951168	9
6.182912	8
6.187008	8
4.6433279999999995	6
3.0976	4
4.649471999999999	6
6.203392	8
5.431552	7
6.211583999999999	8
3.10784	4
5.442304	7
7.001856	9
3.89248	5
8.569087999999999	11
5.45664	7
9.360384	12
2.3416319999999997	3
10.934783999999999	14
3.9078399999999998	5
7.03872	9
4.695552	6
3.1324159999999996	4
3.91808	5
3.9206399999999997	5
4.70784	6
7.066368	9
7.070976	9
8.647936	11
3.9334399999999996	5
7.0847999999999995	9
2.363136	3
7.8822399999999995	10
6.309888	8
5.524736	7
2.36928	3
7.112448	9
3.9539199999999997	5
3.95648	5
6.334464	8
3.9616	5
3.9641599999999997	5
3.96672	5
2.3815679999999997	3
3.97184	5
3.1795199999999997	4
6.363136	8
8.754944	11
3.98208	5
4.781568	6
3.9871999999999996	5
3.98976	5
3.99232	5
2.396928	3
3.9974399999999997	5
6.3999999999999995	8
3.202048	4
7.209216	9
5.610752	7
3.208192	4
2.40768	3
6.424576	8
2.410752	3
1.6081919999999998	2
3.218432	4
2.4153599999999997	3
5.639424	7
8.06144	10
4.0332799999999995	5
4.843008	6
3.23072	4
4.849152	6
5.660928	7
5.664511999999999	7
8.907008	11
2.43072	3
4.8645119999999995	6
4.0563199999999995	5
8.117759999999999	10
6.498304	8
5.6895999999999995	7
4.879872	6
6.510592	8
4.886016	6
8.14848	10
7.33824	9
8.158719999999999	10
4.8983039999999995	6
4.901376	6
3.2696319999999996	4
5.72544	7
2.4552959999999997	3
8.18944	10
1.638912	2
9.019648	11
4.102399999999999	5
8.20992	10
4.10752	5
4.11008	5
4.11264	5
4.1152	5
5.764863999999999	7
9.064703999999999	11
9.070336	11
5.775615999999999	7
7.4304	9
7.435008	9
3.3064959999999997	4
4.13568	5
9.104128	11
3.31264	4
5.800704	7
5.804288	7
7.467263999999999	9
5.811456	7
6.64576	8
6.649856	8
4.15872	5
4.16128	5
9.160447999999999	11
4.166399999999999	5
8.33792	10
7.508736	9
6.678528	8
6.682624	8
5.85088	7
9.199872	11
4.18432	5
5.861632	7
5.865215999999999	7
6.707199999999999	8
3.355648	4
8.39424	10
6.719488	8
8.40448	10
5.04576	6
5.048832	6
10.103807999999999	12
2.527488	3
5.058047999999999	6
6.7481599999999995	8
3.376128	4
5.067264	6
4.22528	5
5.073408	6
6.7686399999999995	8
10.159104	12
5.929728	7
9.323775999999999	11
7.633152	9
9.33504	11
8.49152	10
9.346304	11
5.951232	7
9.357567999999999	11
5.1072	6
4.25856	5
5.965567999999999	7
3.4109439999999998	4
5.972735999999999	7
7.68384	9
1.7085439999999998	2
6.838272	8
9.408256	11
7.702272	9
7.70688	9
4.28416	5
5.144064	6
10.294272	12
7.725312	9
6.87104	8
8.593919999999999	10
6.879232	8
7.7437439999999995	9
2.5827839999999997	3
10.33728	12
4.30976	5
12.074496	14
5.177855999999999	6
9.498368	11
6.048	7
6.916096	8
7.785215999999999	9
11.251968	13
4.33024	5
6.065919999999999	7
6.936576	8
7.808256	9
12.153343999999999	14
5.211647999999999	6
8.6912	10
8.69632	10
12.182015999999999	14
6.094592	7
4.35584	5
12.20352	14
8.721919999999999	10
6.981631999999999	8
6.985728	8
9.611008	11
4.3712	5
6.998016	8
7.0021119999999994	8
5.254656	6
9.639168	11
7.8911999999999995	9
13.15968	15
8.77824	10
7.905024	9
6.151936	7
6.15552	7
8.79872	10
5.282304	6
9.689855999999999	11
7.932671999999999	9
6.173439999999999	7
4.41216	5
1.765888	2
7.067647999999999	8
6.1877759999999995	7
6.1913599999999995	7
11.504895999999999	13
10.626047999999999	12
9.746176	11
6.205696	7
4.4352	5
7.100416	8
7.992576	9
7.997184	9
12.447232	14
6.2272	7
10.681344	12
8.015616	9
10.693632	12
3.566592	4
3.56864	4
6.248704	7
4.46592	5
8.93696	10
6.259456	7
8.05248	9
8.057088	9
8.061696	9
7.1700479999999995	8
8.96768	10
10.76736	12
13.46688	15
8.983039999999999	10
12.583423999999999	14
8.99328	10
8.098559999999999	9
9.00352	10
3.603456	4
10.816512	12
13.528319999999999	15
7.2192	8
7.2232959999999995	8
9.937664	11
13.55904	15
13.56672	15
8.144639999999999	9
7.2437759999999995	8
5.435904	6
8.158464	9
6.349056	7
4.537599999999999	5
4.54016	5
8.176896	9
4.54528	5
10.914816	12
7.28064	8
6.374143999999999	7
10.933247999999999	12
7.292928	8
6.3848959999999995	7
5.47584	6
8.218368	9
9.13664	10
2.742528	3
6.402816	7
5.4912	6
3.662848	4
5.497344	6
13.75104	15
7.337984	8
8.259839999999999	9
11.019264	12
6.431488	7
7.354368	8
9.19808	10
1.8406399999999998	2
6.445824	7
1.8426879999999999	2
5.531136	6
7.378944	8
6.46016	7
8.310528	9
8.315135999999999	9
8.319744	9
10.174208	11
8.32896	9
6.481663999999999	7
8.338175999999999	9
8.342784	9
11.129856	12
4.64	5
2.785536	3
6.503168	7
7.436287999999999	8
3.720192	4
8.37504	9
6.517504	7
10.247423999999999	11
7.456767999999999	8
9.32608	10
7.46496	8
8.402688	9
6.539008	7
6.542592	7
7.481344	8
7.48544	8
2.808576	3
8.430336	9
7.4977279999999995	8
2.8131839999999997	3
2.81472	3
6.571263999999999	7
5.635584	6
4.69888	5
4.70144	5
3.7632	4
5.647872	6
1.883648	2
8.481024	9
11.314176	12
8.49024	9
5.663232	6
9.44384	10
8.504064	9
2.836224	3
1.89184	2
4.7321599999999995	5
4.734719999999999	5
9.47456	10
8.531711999999999	9
7.58784	8
10.438912	11
8.545536	9
8.550144	9
13.307392	14
5.706239999999999	6
8.563968	9
6.664447999999999	7
4.76288	5
5.718528	6
5.7216	6
3.816448	4
8.591616	9
9.551359999999999	10
5.733887999999999	6
6.6931199999999995	7
7.653376	8
7.657471999999999	8
5.746176	6
10.540288	11
9.5872	10
10.551552	11
4.798719999999999	5
7.682048	8
6.725376	7
10.57408	11
2.885376	3
10.585344	11
5.776896	6
8.669952	9
4.8191999999999995	5
5.786112	6
3.8594559999999998	4
8.688384	9
7.727104	8
5.7984	6
2.9007359999999998	3
11.609088	12
6.775551999999999	7
5.810688	6
5.813759999999999	6
8.725247999999999	9
7.759872	8
7.763967999999999	8
2.913024	3
7.7721599999999995	8
5.832192	6
1.945088	2
8.757503999999999	9
6.814976	7
8.76672	9
7.796735999999999	8
12.676352	13
3.9024639999999997	4
11.713536	12
9.766399999999999	10
9.771519999999999	10
7.821312	8
2.934528	3
9.78688	10
0.9792	1
4.89856	5
4.90112	5
5.884416	6
4.9062399999999995	5
3.92704	4
6.875903999999999	7
9.82784	10
9.83296	10
3.9352319999999996	4
6.8902399999999995	7
4.92416	5
5.912064	6
6.900992	7
3.9454719999999996	4
7.89504	8
11.848704	12
4.93952	5
4.94208	5
2.966784	3
2.96832	3
8.909568	9
4.952319999999999	5
5.945856	6
8.923392	9
6.944	7
4.96256	5
5.958144	6
8.941824	9
10.934528	11
5.967359999999999	6
6.965503999999999	7
7.964671999999999	8
9.96096	10
4.98304	5
8.974079999999999	9
4.98816	5
4.99072	5
1.997312	2
5.9950079999999994	6
6.9977599999999995	7
4.000768	4
3.002112	3
6.007295999999999	6
5.00864	5
7.01568	7
6.016512	6
1.003264	1
6.022656	6
5.02144	5
6.0287999999999995	6
4.021248	4
3.0174719999999997	3
5.03168	5
4.027392	4
3.02208	3
1.0078719999999999	1
7.058688	7
8.071168	8
9.084672	9
7.069439999999999	7
4.041728	4
3.032832	3
6.0687359999999995	6
5.0598399999999994	5
1.01248	1
8.103936	8
6.081023999999999	6
7.0981119999999995	7
4.0581119999999995	4
3.04512	3
5.07776	5
6.096384	6
6.099456	6
2.034176	2
7.1232	7
5.09056	5
3.055872	3
5.09568	5
5.09824	5
1.02016	1
2.041344	2
4.0847359999999995	4
3.065088	3
6.133248	6
2.0454399999999997	2
6.139392	6
9.213695999999999	9
1.024256	1
6.148607999999999	6
4.10112	4
6.154751999999999	6
3.078912	3
9.241344	9
4.109312	4
7.1948799999999995	7
6.170112	6
5.14432	5
9.264384	9
2.059776	2
5.152	5
4.123648	4
6.188543999999999	6
10.31936	10
2.064896	2
8.263679999999999	8
8.267776	8
2.067968	2
5.17248	5
4.140032	4
5.1776	5
3.1080959999999997	3
1.036544	1
1.037056	1
2.075136	2
5.1903999999999995	5
3.115776	3
6.234623999999999	6
5.19808	5
10.40128	10
9.36576	9
6.246912	6
4.166656	4
4.168704	4
10.426879999999999	10
2.0864	2
4.174848	4
3.132672	3
6.268415999999999	6
4.180992	4
3.13728	3
3.138816	3
4.187136	4
2.094592	2
6.286848	6
1.04832	1
6.294528	6
6.300672	6
13.664767999999999	13
7.365119999999999	7
7.372287999999999	7
12.650495999999999	12
12.662784	12
7.3937919999999995	7
12.68736	12
6.349824	6
8.474624	8
7.422464	7
11.675136	11
11.686399999999999	11
7.443968	7
5.32224	5
11.720191999999999	11
7.465471999999999	7
7.472639999999999	7
12.822528	12
5.34784	5
5.3529599999999995	5
7.5013119999999995	7
5.3632	5
6.441984	6
7.522816	7
9.681408	9
11.844095999999999	11
5.3888	5
3.2363519999999997	3
4.3192319999999995	4
4.323328	4
2.163712	2
7.580159999999999	7
13.006848	12
9.764351999999999	9
10.85952	10
5.43488	5
6.528	6
6.5341439999999995	6
6.540287999999999	6
2.182144	2
10.92096	10
5.465599999999999	5
8.753152	8
9.856512	9
6.577152	6
4.388864	4
6.58944	6
5.49632	5
11.00288	10
4.405247999999999	4
9.921024	9
4.41344	4
7.730688	7
3.316224	3
5.53216	5
6.644736	6
4.43392	4
5.54752	5
7.773695999999999	7
4.4462079999999995	4
8.900608	8
8.9088	8
8.916992	8
2.231296	2
5.58336	5
2.235392	2
4.47488	4
1.1197439999999999	1
6.724608	6
7.852544	7
7.859712	7
8.99072	8
3.374592	3
4.503552	4
4.507648	4
2.255872	2
5.6448	5
6.779903999999999	6
3.393024	3
9.056256	8
5.66528	5
6.80448	6
6.810624	6
2.272256	2
3.411456	3
4.552703999999999	4
7.974399999999999	7
3.4206719999999997	3
4.564992	4
2.284544	2
4.5731839999999995	4
9.15456	8
5.726719999999999	5
9.170944	8
6.884352	6
6.890496	6
4.59776	4
4.601856	4
6.9089279999999995	6
6.915071999999999	6
8.074752	7
5.7728	5
3.466752	3
2.3132159999999997	2
6.945792	6
3.475968	3
5.7984	5
6.964224	6
3.485184	3
3.488256	3
5.81888	5
6.9887999999999995	6
4.663296	4
2.3336959999999998	2
3.5036159999999996	3
2.337792	2
3.50976	3
4.683776	4
3.515904	3
5.86496	5
3.522048	3
4.7001599999999994	4
5.880319999999999	5
12.947968	11
5.89056	5
7.074815999999999	6
8.26112	7
8.268288	7
4.728832	4
2.3664639999999997	2
2.368512	2
10.66752	9
5.93152	5
5.93664	5
3.565056	3
1.189376	1
4.7616	4
4.765696	4
7.154687999999999	6
3.580416	3
4.777984	4
3.58656	3
3.589632	3
2.395136	2
3.595776	3
4.798464	4
7.20384	6
4.806655999999999	4
2.405376	2
1.203712	1
2.409472	2
6.0287999999999995	5
6.033919999999999	5
6.03904	5
3.626496	3
1.209856	1
4.84352	4
2.4238079999999997	2
2.425856	2
7.2837119999999995	6
2.429952	2
1.216	1
3.6510719999999997	3
2.436096	2
4.876288	4
7.320576	6
4.88448	4
2.444288	2
3.672576	3
1.2252159999999999	1
1.22624	1
2.454528	2
3.6848639999999997	3
3.6879359999999997	3
4.9213439999999995	4
4.92544	4
4.929536	4
4.933631999999999	4
3.703296	3
8.648192	7
2.47296	2
3.7155839999999998	3
1.239552	1
1.240576	1
2.4832	2
1.242624	1
6.21824	5
1.244672	1
1.245696	1
3.74016	3
4.990976	4
1.2487679999999999	1
1.249792	1
1.250816	1
3.7555199999999997	3
1.253888	1
5.019648	4
6.27968	5
2.5139199999999997	2
2.518016	2
1.261056	1
2.5241599999999997	2
1.263104	1
2.528256	2
1.2651519999999998	1
1.266176	1
2.5343999999999998	2
3.8046719999999996	3
6.34624	5
1.2702719999999998	1
2.542592	2
3.81696	3
3.820032	3
3.823104	3
1.2753919999999999	1
1.276416	1
5.10976	4
1.278464	1
2.558976	2
2.5610239999999997	2
2.563072	2
3.850752	3
2.569216	2
6.42816	5
1.286656	1
3.86304	3
2.5774079999999997	2
2.579456	2
5.163008	4
2.583552	2
5.1712	4
5.179392	4
1.296896	1
2.59584	2
2.5978879999999998	2
1.3020159999999998	1
3.9091199999999997	3
2.608128	2
1.306112	1
10.457087999999999	8
1.30816	1
2.618368	2
1.311232	1
3.936768	3
2.62656	2
2.628608	2
3.9459839999999997	3
7.898111999999999	6
2.6347519999999998	2
2.6368	2
1.319424	1
3.961344	3
1.322496	1
2.64704	2
7.947264	6
1.326592	1
2.655232	2
2.65728	2
2.659328	2
1.3306879999999999	1
1.331712	1
1.3337599999999998	1
2.669568	2
2.6716159999999998	2
4.010496	3
6.68928	5
4.01664	3
1.339904	1
2.685952	2
2.6879999999999997	2
2.690048	2
4.047359999999999	3
1.350144	1
4.056576	3
1.353216	1
2.7084799999999998	2
2.710528	2
4.068864	3
2.7146239999999997	2
1.358336	1
1.35936	1
1.361408	1
2.7248639999999997	2
1.36448	1
1.3655039999999998	1
1.366528	1
2.7351039999999998	2
1.3696	1
1.3706239999999998	1
1.371648	1
4.118016	3
4.127232	3
1.377792	1
1.378816	1
4.13952	3
2.7617279999999997	2
1.381888	1
2.76992	2
1.3859839999999999	1
1.387008	1
2.776064	2
1.3890559999999998	1
4.17024	3
1.392128	1
2.786304	2
1.3941759999999999	1
1.396224	1
1.397248	1
2.796544	2
2.80064	2
2.802688	2
1.403392	1
2.81088	2
1.406464	1
1.408512	1
1.409536	1
2.82112	2
2.823168	2
1.4126079999999999	1
1.413632	1
1.4156799999999998	1
2.8354559999999998	2
4.256256	3
2.8415999999999997	2
2.8518399999999997	2
4.280832	3
2.855936	2
1.428992	1
5.720064	4
1.432064	1
4.299264	3
1.4341119999999998	1
1.435136	1
5.756927999999999	4
2.880512	2
2.88256	2
1.443328	1
5.789696	4
1.448448	1
4.351488	3
1.4525439999999998	1
1.4545919999999999	1
1.455616	1
1.45664	1
2.919424	2
1.460736	1
1.4627839999999999	1
1.463808	1
2.9317119999999997	2
4.406784	3
1.4709759999999998	1
1.472	1
4.419072	3
2.948096	2
1.475072	1
1.4760959999999999	1
1.47712	1
1.478144	1
1.479168	1
1.480192	1
1.4812159999999999	1
1.48224	1
1.4863359999999999	1
1.48736	1
1.493504	1
1.498624	1
1.4996479999999999	1
1.500672	1
1.503744	1
1.505792	1
1.5078399999999998	1
1.510912	1
1.511936	1
4.545024	3
3.0320639999999996	2
1.517056	1
1.5180799999999999	1
1.5211519999999998	1
1.5231999999999999	1
1.524224	1
1.52832	1
1.530368	1
1.5313919999999999	1
1.5344639999999998	1
1.5365119999999999	1
1.5395839999999998	1
1.540608	1
3.0894079999999997	2
1.545728	1
3.093504	2
3.101696	2
3.1057919999999997	2
1.5549439999999999	1
1.5580159999999998	1
1.55904	1
1.56416	1
1.5662079999999998	1
1.5682559999999999	1
1.56928	1
1.5733759999999999	1
3.154944	2
1.578496	1
1.57952	1
1.580544	1
1.5846399999999998	1
1.5866879999999999	1
1.587712	1
1.596928	1
1.5979519999999998	1
1.598976	1
1.602048	1
1.606144	1
1.6081919999999998	1
1.61024	1
1.611264	1
1.612288	1
1.62048	1
1.6215039999999998	1
1.627648	1
3.257344	2
1.629696	1
1.6317439999999999	1
1.632768	1
1.6348159999999998	1
3.27168	2
1.64096	1
1.644032	1
3.2901119999999997	2
1.64608	1
3.3003519999999997	2
1.6512	1
1.652224	1
1.6532479999999998	1
1.654272	1
1.6583679999999998	1
1.66144	1
1.662464	1
1.665536	1
1.6665599999999998	1
1.6686079999999999	1
1.672704	1
1.679872	1
1.680896	1
3.3740799999999997	2
1.688064	1
3.3843199999999998	2
1.7034239999999998	1
1.704448	1
1.710592	1
3.42528	2
1.7136639999999999	1
1.715712	1
1.731072	1
1.7372159999999999	1
1.747456	1
1.751552	1
1.754624	1
1.756672	1
1.757696	1
1.765888	1
1.771008	1
1.7873919999999999	1
1.793536	1
1.8170879999999998	1
3.679232	2
1.8590719999999998	1
1.86624	1
1.8723839999999998	1
3.746816	2
1.880576	1
1.884672	1
1.9010559999999999	1
1.9041279999999998	1
1.905152	1
1.91232	1
1.913344	1
1.915392	1
1.9225599999999998	1
1.9276799999999998	1
1.934848	1
1.9379199999999999	1
1.96352	1
1.966592	1
1.9778559999999998	1
1.9880959999999999	1
1.98912	1
3.996672	2
2.001408	1
2.003456	1
2.010624	1
2.020864	1
2.023936	1
2.046464	1
2.047488	1
2.053632	1
2.056704	1
2.0608	1
4.166656	2
2.085376	1
2.141184	1
2.178048	1
2.192384	1
4.417536	2
2.290688	1
2.3336959999999998	1
2.341888	1
2.436096	1
2.454528	1
2.458624	1
2.4709119999999998	1
2.479104	1
2.522112	1
2.5712639999999998	1
2.610176	1
2.6306559999999997	1
2.6368	1
2.638848	1
2.685952	1
2.7084799999999998	1
2.8415999999999997	1
2.9317119999999997	1
2.9685759999999997	1
3.0423039999999997	1
3.2102399999999998	1
3.2512	1
3.3331199999999996	1
3.3904639999999997	1
3.451904	1
3.523584	1
3.6444159999999997	1
3.736576	1
3.843072	1
3.8983679999999996	1
4.380672	1
4.827135999999999	1
4.933631999999999	1
5.683199999999999	1
5.756927999999999	1
5.834752	1
5.86752	1
5.953536	1
5.957631999999999	1
5.994496	1
6.051839999999999	1
6.957056	1
7.018496	1
7.051264	1
7.706624	1
7.788544	1
16.289792	2
8.687616	1
8.728576	1
8.892415999999999	1
8.94976	1
9.302016	1
13.430784	1
14.766079999999999	1
16.093184	1
19.423232	1
20.43904	1
25.321472	1
26.599424	1
27.353088	1
27.385856	1
27.697152	1
28.205056	1
28.303359999999998	1
29.024255999999998	1
58.179584	2
29.302784	1
29.368319999999997	1
29.450239999999997	1
29.745151999999997	1
29.777919999999998	1
30.253055999999997	1
30.318592	1
30.334975999999997	1
30.629887999999998	1
30.646272	1
30.859264	1
31.268863999999997	1
31.301631999999998	1
31.563775999999997	1
31.629312	1
31.711232	1
45.301759999999994	1
46.186496	1
49.528832	1
50.413568	1
51.003392	1
53.755904	1
53.821439999999996	1
55.001087999999996	1
55.033856	1
55.263231999999995	1
55.590911999999996	1
55.951359999999994	1
56.573952	1
56.705023999999995	1
57.065472	1
57.458687999999995	1
115.44166399999999	2
58.048511999999995	1
58.114048	1
58.146815999999994	1
58.769408	1
58.802175999999996	1
59.031552	1
59.260928	1
59.621376	1
59.949056	1
59.981823999999996	1
60.04736	1
60.112896	1
60.309504	1
60.407807999999996	1
120.881152	2
120.946688	2
60.53888	1
60.604416	1
60.669951999999995	1
60.70272	1
60.735488	1
60.768255999999994	1
60.801024	1
121.86419199999999	2
121.99526399999999	2
122.126336	2
61.095935999999995	1
61.128704	1
61.259775999999995	1
122.585088	2
61.325312	1
61.358079999999994	1
122.912768	2
61.521919999999994	1
61.620224	1
61.685759999999995	1
61.816832	1
61.915136	1
62.439423999999995	1
62.570496	1
63.258624	1
81.10079999999999	1
81.690624	1
0.407424	1
0.841472	2
0.423552	1
0.431232	1
0.864	2
0.43328	1
0.867072	2
0.434048	1
0.43430399999999997	1
0.43456	1
0.43584	1
0.436096	1
0.436608	1
0.43839999999999996	1
0.438656	1
0.439168	1
0.44095999999999996	1
0.44172799999999995	1
0.442752	1
0.443776	1
0.8885759999999999	2
0.445056	1
0.445824	1
0.44608	1
0.44633599999999996	1
0.44736	1
0.8962559999999999	2
0.44864	1
0.449152	1
0.449408	1
0.45017599999999997	1
0.45094399999999996	1
0.9024	2
0.903424	2
0.451968	1
0.45248	1
0.452992	1
0.453248	1
0.45376	1
0.45504	1
0.45555199999999996	1
0.45606399999999997	1
0.91264	2
0.456576	1
0.457088	1
0.457344	1
0.9152	2
0.45811199999999996	1
1.375872	3
0.9177599999999999	2
0.46015999999999996	1
0.46067199999999997	1
0.46143999999999996	1
0.9269759999999999	2
0.463744	1
0.9279999999999999	2
0.46476799999999996	1
0.930048	2
0.46527999999999997	1
0.931072	2
1.397376	3
0.932608	2
0.93312	2
0.46681599999999995	1
0.46732799999999997	1
0.467584	1
0.9361919999999999	2
0.468352	1
0.9372159999999999	2
1.4065919999999998	3
1.40736	3
0.46937599999999996	1
0.469632	1
1.409664	3
0.470144	1
0.4704	1
1.411968	3
0.470912	1
1.4150399999999999	3
1.8877439999999999	4
1.4165759999999998	3
0.472448	1
0.47270399999999996	1
1.419648	3
0.473472	1
0.9479679999999999	2
0.9495039999999999	2
0.47526399999999996	1
0.47552	1
0.47654399999999997	1
0.954112	2
0.47731199999999996	1
0.955136	2
0.47782399999999997	1
0.47808	1
1.4350079999999998	3
0.47859199999999996	1
1.436544	3
0.479104	1
0.47935999999999995	1
1.918464	4
1.439616	3
0.960256	2
0.9612799999999999	2
1.923584	4
0.9623039999999999	2
0.962816	2
1.4449919999999998	3
1.44576	3
0.482176	1
1.448064	3
0.482944	1
0.48319999999999996	1
0.483456	1
0.483712	1
0.48396799999999995	1
0.968448	2
0.969472	2
1.939968	4
0.9704959999999999	2
0.971008	2
0.48575999999999997	1
0.972032	2
0.486272	1
1.459584	3
0.973568	2
0.48704	1
2.9237759999999997	6
0.9756159999999999	2
1.464192	3
0.48857599999999995	1
0.48908799999999997	1
0.978688	2
0.4896	1
0.48985599999999996	1
0.980224	2
1.471104	3
1.4718719999999998	3
1.96352	4
1.4734079999999998	3
1.965568	4
0.491648	1
0.49190399999999995	1
1.47648	3
0.49241599999999996	1
0.985344	2
0.985856	2
0.49318399999999996	1
0.49344	1
2.46848	5
0.493952	1
1.482624	3
1.484928	3
1.485696	3
0.495488	1
1.9829759999999998	4
0.496	1
0.992512	2
0.9930239999999999	2
0.496768	1
0.9940479999999999	2
0.99456	2
0.497536	1
0.49779199999999996	1
0.498048	1
0.9966079999999999	2
0.49856	1
0.498816	1
0.9981439999999999	2
0.499584	1
0.49983999999999995	1
1.000192	2
1.000704	2
1.0012159999999999	2
1.001728	2
1.50336	3
3.008256	6
0.501632	1
0.5021439999999999	1
0.5024	1
2.010624	4
1.005824	2
1.006336	2
0.503424	1
0.50368	1
1.511808	3
1.008384	2
0.504448	1
1.514112	3
0.50496	1
0.505216	1
1.516416	3
1.011456	2
1.517952	3
2.02496	4
1.012992	2
1.5202559999999998	3
1.014016	2
1.521792	3
2.5376	5
2.031104	4
3.556224	7
0.508544	1
2.036224	4
1.018624	2
2.038272	4
0.5098239999999999	1
1.5302399999999998	3
1.020672	2
1.0211839999999999	2
1.021696	2
0.511104	1
1.0227199999999999	2
0.511616	1
1.5356159999999999	3
1.024256	2
2.05056	4
0.512896	1
2.0526079999999998	4
1.026816	2
3.081984	6
1.0278399999999999	2
1.028352	2
0.514432	1
1.5440639999999999	3
1.0304	2
1.546368	3
2.57856	5
1.5486719999999998	3
2.0659199999999998	4
1.033472	2
1.550976	3
2.0689919999999997	4
1.552512	3
2.07104	4
1.036032	2
2.073088	4
1.037568	2
1.03808	2
1.038592	2
2.078208	4
2.0792319999999997	4
0.520064	1
2.6016	5
1.0411519999999999	2
2.60416	5
0.521088	1
1.5640319999999999	3
3.1296	6
2.087424	4
3.132672	6
1.0447359999999999	2
1.045248	2
1.56864	3
1.0462719999999999	2
2.093568	4
4.189184	8
2.0956159999999997	4
0.52416	1
4.720896	9
1.050112	2
4.730112	9
2.10432	4
5.2659199999999995	10
2.108416	4
4.220928	8
3.168768	6
3.7004799999999998	7
4.7623679999999995	9
3.177984	6
6.892288	13
3.714816	7
3.7184	7
4.785407999999999	9
4.257792	8
4.794624	9
3.7327359999999996	7
5.87136	11
3.7399039999999997	7
4.278271999999999	8
3.211776	6
6.429696	12
5.3632	10
5.905151999999999	11
4.2987519999999995	8
5.916416	11
3.768576	7
5.3888	10
5.39392	10
6.478847999999999	12
2.161664	4
2.70464	5
5.955839999999999	11
4.877568	9
3.7972479999999997	7
2.71488	5
2.71744	5
7.072	13
4.356096	8
5.45024	10
3.2732159999999997	6
2.73024	5
7.10528	13
3.829504	7
4.380672	8
4.384768	8
7.131904	13
4.94208	9
4.946688	9
4.951296	9
4.405247999999999	8
4.409344	8
3.86176	7
4.969728	9
5.5270399999999995	10
7.191808	13
7.752192	14
4.43392	8
5.54752	10
8.32896	15
5.001984	9
3.337728	6
5.0112	9
4.458496	8
1.6734719999999998	3
4.4666879999999995	8
2.235392	4
6.152959999999999	11
3.359232	6
3.922688	7
7.852544	14
6.736896	12
5.619199999999999	10
9.561344	17
6.192384	11
3.9441919999999997	7
6.203647999999999	11
9.59616	17
2.82496	5
9.048064	16
6.226176	11
7.931392	14
4.53632	8
4.540416	8
4.544512	8
5.68576	10
3.414528	6
6.2656	11
5.7011199999999995	10
5.135616	9
5.140224	9
5.144832	9
5.149439999999999	9
5.726719999999999	10
6.878208	12
5.163264	9
5.167872	9
5.747199999999999	10
4.601856	8
6.333184	11
5.76256	10
6.344448	11
4.04096	7
6.355712	11
6.939648	12
6.366975999999999	11
4.634624	8
6.37824	11
4.062463999999999	7
4.066047999999999	7
5.813759999999999	10
6.9826559999999995	12
8.735999999999999	15
2.91456	5
4.083968	7
5.255424	9
5.84448	10
5.8496	10
7.611135999999999	13
5.273855999999999	9
7.037952	12
6.457088	11
3.52512	6
5.292288	9
8.82816	15
7.657728	13
8.253952	14
7.080959999999999	12
7.677696	13
5.91104	10
5.3245439999999995	9
8.289792	14
8.29696	14
7.117824	12
9.498624	16
2.3767039999999997	4
4.162815999999999	7
6.5472	11
9.531392	16
5.9622399999999995	10
5.370623999999999	9
10.153215999999999	17
7.17312	12
5.98272	10
6.586624	11
8.390144	14
7.197696	12
7.20384	12
6.008319999999999	10
4.810752	8
6.620416	11
4.818944	8
7.23456	12
9.05088	15
5.435136	9
7.8574079999999995	13
6.654208	11
6.054399999999999	10
4.241664	7
3.03232	5
4.855808	8
6.682367999999999	11
8.512	14
7.302143999999999	12
9.13536	15
5.485824	9
3.05024	5
8.547839999999999	14
5.499648	9
10.396927999999999	17
7.345152	12
6.738688	11
4.90496	8
7.3635839999999995	12
6.141439999999999	10
4.302592	7
3.07584	5
6.1568	10
4.929536	8
6.16704	10
6.789376	11
4.324096	7
3.70944	6
6.18752	10
6.19264	10
5.577984	9
8.684032	14
8.0704	13
7.455743999999999	12
9.949183999999999	16
4.356352	7
5.605632	9
3.1168	5
3.11936	5
8.116992	13
7.498752	12
6.25408	10
5.007359999999999	8
5.637887999999999	9
3.1347199999999997	5
6.902016	11
3.767808	6
5.65632	9
7.547904	12
5.036032	8
4.410112	7
6.30528	10
6.3104	10
8.210175999999999	13
5.688575999999999	9
8.223488	13
5.697792	9
3.1679999999999997	5
6.34112	10
5.076992	8
5.7162239999999995	9
5.085184	8
6.9977599999999995	11
4.456704	7
4.460287999999999	7
2.5507839999999997	4
1.9146239999999999	3
3.8323199999999997	6
8.949247999999999	14
7.037184	11
3.8415359999999996	6
5.766912	9
3.84768	6
8.343296	13
6.423039999999999	10
7.070976	11
1.929984	3
6.4384	10
5.799168	9
9.67296	15
5.163008	8
3.8753279999999997	6
4.5248	7
5.822208	9
5.826816	9
6.47936	10
5.187584	8
6.489599999999999	10
3.896832	6
5.199872	8
2.601984	4
6.510079999999999	10
6.5152	10
5.216256	8
5.872896	9
8.489728	13
3.921408	6
1.96224	3
7.200512	11
5.895936	9
2.622464	4
6.56128	10
2.62656	4
7.2286719999999995	11
5.918976	9
5.265408	8
3.9521279999999996	6
4.6144	7
1.979136	3
3.961344	6
5.946624	9
7.934976	12
1.98528	3
2.649088	4
9.278976	14
4.643072	7
3.9828479999999997	6
5.31456	8
5.9834879999999995	9
4.657408	7
3.995136	6
3.998208	6
3.3344	5
4.6717439999999995	7
3.33952	5
6.684159999999999	10
4.013568	6
5.355519999999999	8
7.369472	11
4.022784	6
5.367808	8
7.386368	11
4.704	7
5.380096	8
6.730239999999999	10
5.388288	8
4.044288	6
4.047359999999999	6
2.700288	4
8.107008	12
6.76096	10
6.089472	9
4.73984	7
4.065792	6
4.750592	7
10.18752	15
4.75776	7
3.40096	5
4.084224	6
3.4060799999999998	5
4.090368	6
2.04672	3
8.193024	12
5.466112	8
2.7351039999999998	4
2.737152	4
5.4784	8
5.482495999999999	8
5.486592	8
5.490688	8
4.121087999999999	6
6.8736	10
2.7514879999999997	4
2.065152	3
6.200063999999999	9
4.136448	6
6.8991999999999996	10
5.5234559999999995	8
6.218496	9
4.840192	7
4.151808	6
2.0774399999999997	3
2.7719679999999998	4
4.854528	7
4.164096	6
4.167168	6
4.865279999999999	7
4.868863999999999	7
8.352768	12
5.572608	8
5.576703999999999	8
5.5808	8
4.886784	7
5.588992	8
1.398272	2
4.897536	7
5.60128	8
8.408064	12
2.103552	3
4.210176	6
4.915456	7
2.81088	4
9.142016	13
2.8149759999999997	4
7.04256	10
3.52384	5
4.23168	6
7.057919999999999	10
6.356736	9
2.827264	4
3.53664	5
6.370559999999999	9
5.666816	8
6.379776	9
4.256256	6
2.129664	3
6.393599999999999	9
4.265472	6
2.845696	4
8.543232	12
5.699584	8
6.41664	9
3.56736	5
5.711872	8
1.428992	2
8.580096	12
1.4310399999999999	2
3.58016	5
5.015808	7
5.019392	7
7.17568	10
5.7446399999999995	8
6.467327999999999	9
3.59552	5
2.8784639999999997	4
6.481152	9
4.32384	6
5.769216	8
2.164992	3
5.055232	7
2.890752	4
6.5088	9
5.065983999999999	7
5.793792	8
4.348415999999999	6
5.801984	8
3.6288	5
4.360704	6
5.091072	7
2.911232	4
5.09824	7
5.101824	7
4.3760639999999995	6
4.379136	6
4.382207999999999	6
4.38528	6
2.9255679999999997	4
5.123328	7
5.126912	7
2.9317119999999997	4
2.20032	3
5.137664	7
4.406784	6
5.144832	7
2.9419519999999997	4
5.152	7
3.6825599999999996	5
5.159168	7
4.425216	6
2.9521919999999997	4
2.21568	3
5.173503999999999	7
4.437504	6
4.440576	6
5.9248639999999995	8
1.48224	2
7.41632	10
3.71072	5
5.941248	8
5.202176	7
2.2310399999999997	3
1.488384	2
5.957631999999999	8
3.7260799999999996	5
3.72864	5
3.7312	5
3.7337599999999997	5
8.219904	11
5.982208	8
5.986304	8
4.4928	6
3.7465599999999997	5
2.249472	3
4.502016	6
3.003392	4
4.50816	6
4.511232	6
6.771456	9
3.011584	4
4.520448	6
5.2774399999999995	7
6.7898879999999995	9
6.039552	8
3.7772799999999997	5
2.2679039999999997	3
3.7824	5
3.78496	5
3.7875199999999998	5
3.7900799999999997	5
3.034112	4
6.83136	9
8.355072	11
3.8003199999999997	5
3.0423039999999997	4
4.566528	6
3.808	5
8.383232	11
5.338368	7
1.5262719999999999	2
4.581888	6
4.58496	6
6.882047999999999	9
6.121472	8
2.297088	3
6.895872	9
1.53344	2
6.905088	9
3.070976	4
3.84128	5
3.075072	4
3.07712	4
2.309376	3
6.932735999999999	9
4.624896	6
3.8566399999999996	5
5.40288	7
5.406464	7
1.545728	2
2.320128	3
5.417216	7
6.1952	8
3.0996479999999997	4
7.754239999999999	10
6.207488	8
6.988032	9
3.8848	5
3.1098879999999998	4
3.88992	5
3.89248	5
3.1160319999999997	4
5.45664	7
0.780032	1
4.683263999999999	6
6.248448	8
3.9078399999999998	5
5.474559999999999	7
2.347776	3
3.91552	5
5.4853119999999995	7
5.4888959999999996	7
6.27712	8
6.281216	8
5.499648	7
5.503232	7
4.720128	6
3.936	5
4.726272	6
7.8822399999999995	10
3.154944	4
8.681728	11
11.05664	14
8.692992	11
4.744704	6
2.373888	3
4.7508479999999995	6
5.54624	7
3.171328	4
7.140096	9
2.3815679999999997	3
3.177472	4
7.948799999999999	10
3.181568	4
7.163136	9
3.98208	5
4.781568	6
3.9871999999999996	5
2.393856	3
8.783104	11
7.190784	9
3.197952	4
4.8	6
2.4015359999999997	3
6.408192	8
4.00768	5
5.614336	7
6.4204799999999995	8
7.227647999999999	9
5.625088	7
6.432767999999999	8
4.02304	5
6.44096	8
7.250687999999999	9
6.449152	8
4.839936	6
4.843008	6
4.84608	6
6.465535999999999	8
3.234816	4
1.6184319999999999	2
9.716736	12
4.86144	6
8.918272	11
0.811264	1
2.4353279999999997	3
5.6860159999999995	7
4.064	5
6.506495999999999	8
2.441472	3
13.029376	16
8.14848	10
4.89216	6
7.342848	9
2.4491519999999998	3
3.267584	4
3.2696319999999996	4
4.0896	5
5.729024	7
6.551552	8
7.375103999999999	9
4.919808	6
2.46144	3
6.5679359999999996	8
6.572032	8
2.466048	3
7.4027519999999996	9
4.1152	5
1.647104	2
7.416576	9
8.245759999999999	10
7.4257919999999995	9
2.4768	3
3.304448	4
4.13312	5
3.308544	4
4.965888	6
6.62528	8
2.486016	3
4.975104	6
6.637568	8
8.30208	10
12.460799999999999	15
4.987392	6
8.31744	10
7.490304	9
7.494911999999999	9
4.99968	6
5.002752	6
6.6744319999999995	8
5.008896	6
6.682624	8
6.686719999999999	8
5.854464	7
5.858048	7
5.024255999999999	6
4.189439999999999	5
4.192	5
10.066944	12
2.518272	3
3.359744	4
5.8831359999999995	7
7.568639999999999	9
5.8903039999999995	7
5.893888	7
8.42496	10
2.5290239999999997	3
4.2176	5
9.284352	11
4.22272	5
5.070336	6
7.610112	9
3.3843199999999998	4
8.465919999999999	10
5.082624	6
4.23808	5
6.785024	8
6.78912	8
6.793215999999999	8
5.947648	7
3.4007039999999997	4
5.954816	7
5.9584	7
7.665407999999999	9
4.26112	5
9.380096	11
7.679232	9
6.83008	8
4.27136	5
8.547839999999999	10
10.263551999999999	12
4.27904	5
6.85056	8
5.140992	6
1.714688	2
4.28928	5
6.008576	7
6.01216	7
8.593919999999999	10
5.159424	6
11.185407999999999	13
6.887423999999999	8
9.47584	11
6.033664	7
2.587392	3
6.040832	7
5.180928	6
4.319999999999999	5
3.458048	4
9.515264	11
6.058752	7
8.66048	10
7.79904	9
3.468288	4
4.3379199999999996	5
5.208576	6
7.8174719999999995	9
7.82208	9
4.34816	5
7.831296	9
6.965248	8
2.613504	3
8.7168	10
2.616576	3
9.599744	11
2.6196479999999998	3
8.73728	10
6.993919999999999	8
13.121279999999999	15
9.627904	11
7.006208	8
10.515456	12
6.1376	7
7.018496	8
6.144768	7
12.296704	14
8.78848	10
6.15552	7
6.159104	7
13.20576	15
7.047168	8
6.169855999999999	7
7.9372799999999994	9
9.706752	11
7.946496	9
4.41728	5
14.143488	16
9.72928	11
8.84992	10
8.855039999999999	10
11.518208	13
8.86528	10
3.5481599999999998	4
7.100416	8
8.88064	10
7.108607999999999	8
8.89088	10
11.5648	13
6.230784	7
3.562496	4
13.36704	15
8.91648	10
9.81376	11
10.712064	12
7.145472	8
7.1495679999999995	8
8.047872	9
10.73664	12
8.95232	10
8.061696	9
5.377536	6
8.070912	9
8.07552	9
5.3867519999999995	6
11.677952	13
9.886975999999999	11
8.99328	10
10.798079999999999	12
6.302464	7
10.810367999999999	12
9.915136	11
4.50944	5
13.536	15
8.126208	9
5.420544	6
10.847232	12
9.04448	10
8.144639999999999	9
9.960192	11
4.52992	5
11.784448	13
8.163072	9
14.52032	16
9.08032	10
8.176896	9
10.908672	12
9.09568	10
10.01088	11
5.463552	6
9.11104	10
9.116159999999999	10
8.209152	9
8.213759999999999	9
7.305216	8
10.963968	12
10.055935999999999	11
13.72032	15
3.6608	4
3.662848	4
7.329791999999999	8
4.58368	5
17.427712	19
5.5065599999999995	6
11.019264	12
9.18784	10
12.870144	14
11.957504	13
6.44224	7
5.524992	6
9.21344	10
6.452992	7
11.068416	12
5.53728	6
5.5403519999999995	6
10.162944	11
6.470911999999999	7
7.399424	8
12.030719999999999	13
10.185471999999999	11
11.117568	12
9.26976	10
8.347392	9
5.568	6
9.28512	10
5.5741439999999995	6
7.436287999999999	8
15.810815999999999	17
9.3056	10
9.31072	10
15.836927999999999	17
7.456767999999999	8
12.123904	13
4.6655999999999995	5
3.7345279999999996	4
12.143872	13
9.34656	10
6.546176	7
3.74272	4
12.170496	13
9.36704	10
11.246592	12
9.377279999999999	10
14.073599999999999	15
5.632512	6
10.331904	11
3.759104	4
10.343168	11
15.0528	16
8.471808	9
5.650944	6
5.6540159999999995	6
7.542783999999999	8
2.8300799999999997	3
6.607104	7
9.44384	10
5.669376	6
6.617856	7
4.7296	5
7.5714559999999995	8
7.575552	8
2.842368	3
4.73984	5
9.4848	10
11.387903999999999	12
8.545536	9
6.650112	7
4.7526399999999995	5
6.65728	7
7.612416	8
4.76032	5
4.76288	5
7.6247039999999995	8
4.768	5
6.678783999999999	7
5.7277439999999995	6
9.551359999999999	10
8.600832	9
6.6931199999999995	7
14.35008	15
5.743104	6
8.619264	9
6.707456	7
11.50464	12
7.673856	8
4.798719999999999	5
9.60256	10
7.686144	8
4.8064	5
9.61792	10
9.62304	10
8.665344	9
10.596608	11
4.8191999999999995	5
6.750464	7
4.82432	5
5.792256	6
3.863552	4
2.8992	3
10.636032	11
12.576512	13
9.679359999999999	10
4.842239999999999	5
5.813759999999999	6
9.69472	10
3.879936	4
14.55744	15
14.565119999999999	15
5.82912	6
7.776256	8
6.807808	7
9.730559999999999	10
9.73568	10
10.714879999999999	11
3.8983679999999996	4
6.825728	7
5.853695999999999	6
7.809024	8
8.78976	9
3.9086079999999996	4
4.88832	5
5.869056	6
7.829504	8
5.8751999999999995	6
4.89856	5
7.841792	8
5.884416	6
4.9062399999999995	5
5.89056	6
7.858175999999999	8
5.896704	6
6.883071999999999	7
4.91904	5
8.85888	9
5.908992	6
9.853439999999999	10
7.886848	8
4.931839999999999	5
6.90816	7
5.924352	6
10.866944	11
8.895743999999999	9
4.94464	5
3.95776	4
8.909568	9
6.933248	7
5.945856	6
8.923392	9
7.936	8
6.947584	7
13.902336	14
3.974144	4
11.928576	12
6.96192	7
7.960576	8
14.93376	15
9.96096	10
6.976255999999999	7
8.974079999999999	9
2.992896	3
7.985151999999999	8
6.9905919999999995	7
7.993344	8
9.9968	10
10.00192	10
1.000704	1
7.008512	7
3.005184	3
3.00672	3
6.016512	6
7.022848	7
4.015104	4
2.0085759999999997	2
5.024	5
5.02656	5
6.034943999999999	6
4.025344	4
6.041087999999999	6
5.0367999999999995	5
5.039359999999999	5
6.050304	6
3.026688	3
8.075263999999999	8
3.02976	3
9.093888	9
6.065664	6
6.0687359999999995	6
2.023936	2
4.04992	4
11.142911999999999	11
4.054016	4
7.0981119999999995	7
6.087168	6
9.13536	9
4.062208	4
4.064255999999999	4
4.066304	4
1.017088	1
5.088	5
4.072448	4
5.09312	5
4.076544	4
6.117888	6
5.1008	5
3.062016	3
4.0847359999999995	4
7.151872	7
11.244288	11
4.090879999999999	4
7.162624	7
7.166207999999999	7
6.145536	6
3.0743039999999997	3
3.07584	3
4.103168	4
3.078912	3
7.187711999999999	7
6.163968	6
1.0278399999999999	1
3.085056	3
4.115456	4
1.0293759999999998	1
5.149439999999999	5
3.0911999999999997	3
6.185472	6
3.0942719999999997	3
2.063872	2
6.194687999999999	6
6.19776	6
1.033472	1
4.135936	4
11.379456	11
6.210048	6
5.1776	5
2.072064	2
3.109632	3
5.18528	5
4.150272	4
4.15232	4
3.115776	3
4.156416	4
5.19808	5
3.120384	3
4.16256	4
5.20576	5
5.20832	5
6.253056	6
4.170752	4
4.1728	4
7.305984	7
6.265344	6
7.313152	7
4.180992	4
1.04576	1
1.0462719999999999	1
6.280704	6
5.236479999999999	5
5.23904	5
3.1449599999999998	3
11.539968	11
6.300672	6
5.25568	5
11.57376	11
11.585023999999999	11
11.596288	11
9.497088	9
9.506304	9
10.572799999999999	10
10.583039999999999	10
5.29664	5
5.30176	5
9.552384	9
7.4368	7
7.443968	7
6.3866879999999995	6
10.65472	10
12.797951999999999	12
16.0128	15
4.274176	4
5.34784	5
11.776512	11
3.214848	3
4.29056	4
9.662975999999999	9
5.3734399999999996	5
12.908544	12
6.4604159999999995	6
5.3888	5
7.551488	7
11.877887999999999	11
6.484992	6
11.900416	11
7.580159999999999	7
9.755136	9
5.42464	5
14.117376	13
8.695808	8
9.792	9
4.356096	4
8.720384	8
4.364288	4
10.92096	10
4.3724799999999995	4
10.94144	10
5.47584	5
7.673343999999999	7
4.388864	4
9.88416	9
3.297792	3
1.100288	1
12.114431999999999	11
6.6140159999999995	6
4.41344	4
7.730688	7
1.105408	1
13.277184	12
2.214912	2
6.65088	6
13.314048	12
3.331584	3
4.4462079999999995	4
8.900608	8
6.6815999999999995	6
11.146239999999999	10
5.57824	5
5.58336	5
4.470784	4
5.5935999999999995	5
5.59872	5
8.966144	8
10.096128	9
5.6140799999999995	5
4.49536	4
2.2497279999999997	2
2.251776	2
5.63456	5
7.8955519999999995	7
4.51584	4
1.1299839999999999	1
5.65504	5
5.660159999999999	5
10.197504	9
4.53632	4
6.810624	6
10.225152	9
5.68576	5
7.967231999999999	7
4.5568	4
4.560896	4
6.847487999999999	6
3.4268159999999996	3
3.429888	3
8.01024	7
8.017408	7
2.292736	2
3.442176	3
3.445248	3
3.44832	3
2.300928	2
3.4544639999999998	3
2.305024	2
4.614144	4
3.4636799999999996	3
5.77792	5
4.626431999999999	4
3.472896	3
3.475968	3
6.95808	6
1.160704	1
5.80864	5
1.162752	1
6.9826559999999995	6
4.6592	4
3.4974719999999997	3
2.3336959999999998	2
2.335744	2
2.337792	2
5.8496	5
7.025664	6
4.687872	4
4.691968	4
7.044096	6
3.52512	3
3.5281919999999998	3
2.354176	2
4.712448	4
1.179136	1
8.26112	7
3.543552	3
2.364416	2
1.1832319999999998	1
4.737024	4
2.37056	2
7.117824	6
7.123968	6
3.565056	3
4.757504	4
3.5711999999999997	3
2.382848	2
5.9622399999999995	5
2.3869439999999997	2
8.361472	7
9.56416	8
7.179264	6
4.790272	4
4.7943679999999995	4
1.199616	1
4.80256	4
2.4033279999999997	2
8.418816	7
4.814848	4
2.409472	2
4.82304	4
3.620352	3
3.623424	3
3.626496	3
4.839424	4
3.63264	3
2.4238079999999997	2
7.277568	6
3.6418559999999998	3
3.6449279999999997	3
4.864	4
3.6510719999999997	3
2.436096	2
2.438144	2
2.4401919999999997	2
4.88448	4
4.888576	4
6.1158399999999995	5
2.448384	2
1.2252159999999999	1
2.45248	2
1.227264	1
4.913152	4
2.458624	2
3.6910079999999996	3
3.69408	3
4.933631999999999	4
2.468864	2
2.4709119999999998	2
2.47296	2
2.475008	2
1.2385279999999999	1
4.958208	4
4.962304	4
1.2416	1
1.242624	1
7.461888	6
7.468032	6
2.491392	2
6.2336	5
4.990976	4
3.749376	3
6.25408	5
5.007359999999999	4
2.505728	2
3.7616639999999997	3
3.7647359999999996	3
3.767808	3
2.515968	2
2.518016	2
3.780096	3
2.5241599999999997	2
6.315519999999999	5
3.7923839999999998	3
2.5303039999999997	2
2.5343999999999998	2
5.072896	4
3.807744	3
2.5405439999999997	2
2.542592	2
2.548736	2
2.5507839999999997	2
3.8292479999999998	3
3.8323199999999997	3
5.113856	4
1.279488	1
1.281536	1
1.28256	1
5.138432	4
3.856896	3
1.286656	1
5.15072	4
1.2887039999999998	1
3.8691839999999997	3
3.8722559999999997	3
5.167104	4
1.2938239999999999	1
2.589696	2
3.887616	3
1.296896	1
1.29792	1
3.896832	3
2.599936	2
3.902976	3
2.6040319999999997	2
7.818239999999999	6
2.608128	2
2.610176	2
1.306112	1
1.3071359999999999	1
1.309184	1
5.240832	4
2.622464	2
1.3122559999999999	1
1.314304	1
3.9459839999999997	3
1.316352	1
1.3173759999999999	1
2.6408959999999997	2
1.322496	1
2.64704	2
2.649088	2
2.6511359999999997	2
2.655232	2
1.32864	1
3.9920639999999996	3
5.330944	4
2.6675199999999997	2
2.6716159999999998	2
1.337856	1
2.6777599999999997	2
1.339904	1
4.022784	3
1.341952	1
2.685952	2
2.6879999999999997	2
1.345024	1
2.694144	2
1.348096	1
1.3491199999999999	1
1.350144	1
1.351168	1
2.706432	2
1.3542399999999999	1
4.068864	3
2.7146239999999997	2
1.35936	1
2.720768	2
2.722816	2
4.087295999999999	3
2.72896	2
1.3655039999999998	1
2.7351039999999998	2
1.368576	1
4.111872	3
1.372672	1
1.373696	1
1.37472	1
2.7514879999999997	2
1.377792	1
1.378816	1
1.37984	1
1.381888	1
1.3839359999999998	1
1.3859839999999999	1
1.387008	1
2.776064	2
4.167168	3
1.3952	1
2.794496	2
2.796544	2
1.40032	1
1.401344	1
2.8088319999999998	2
5.629951999999999	4
1.409536	1
1.4126079999999999	1
1.414656	1
1.4156799999999998	1
2.8354559999999998	2
1.418752	1
2.839552	2
1.4207999999999998	1
1.423872	1
2.855936	2
2.857984	2
4.290048	3
5.7241599999999995	4
2.864128	2
1.433088	1
2.8723199999999998	2
1.437184	1
1.438208	1
2.8784639999999997	2
1.440256	1
1.44128	1
1.442304	1
2.8887039999999997	2
1.445376	1
2.8928	2
2.894848	2
2.8989439999999997	2
1.45152	1
1.453568	1
2.9091839999999998	2
2.91328	2
4.372992	3
1.464832	1
1.4658559999999998	1
2.93376	2
2.944	2
1.473024	1
2.948096	2
1.47712	1
1.479168	1
1.480192	1
1.483264	1
4.452864	3
2.9726719999999998	2
1.48736	1
1.488384	1
1.4894079999999998	1
1.491456	1
1.495552	1
1.496576	1
1.498624	1
2.9992959999999997	2
1.500672	1
4.505088	3
1.503744	1
3.011584	2
1.5078399999999998	1
1.510912	1
3.027968	2
1.5160319999999998	1
3.038208	2
1.520128	1
1.5262719999999999	1
1.529344	1
1.530368	1
1.53344	1
1.5365119999999999	1
1.537536	1
1.54368	1
1.5447039999999999	1
1.546752	1
1.547776	1
1.5488	1
1.5498239999999999	1
1.550848	1
1.551872	1
3.10784	2
3.1098879999999998	2
4.674048	3
1.55904	1
1.561088	1
1.5631359999999999	1
1.56416	1
1.56928	1
1.5733759999999999	1
4.723199999999999	3
1.577472	1
1.578496	1
3.15904	2
1.582592	1
1.5846399999999998	1
1.585664	1
1.587712	1
1.5897599999999998	1
3.183616	2
3.1897599999999997	2
1.595904	1
1.602048	1
1.6030719999999998	1
1.604096	1
1.6051199999999999	1
1.606144	1
1.607168	1
1.612288	1
1.614336	1
3.23072	2
3.245056	2
3.2532479999999997	2
1.629696	1
3.26144	2
3.2634879999999997	2
1.63584	1
1.6368639999999999	1
3.275776	2
1.638912	1
3.2798719999999997	2
1.6419839999999999	1
1.643008	1
3.298304	2
1.652224	1
1.6532479999999998	1
1.654272	1
1.6552959999999999	1
1.659392	1
1.665536	1
1.674752	1
1.679872	1
3.3638399999999997	2
1.682944	1
1.691136	1
1.6983039999999998	1
1.7003519999999999	1
3.402752	2
3.408896	2
1.706496	1
1.7136639999999999	1
1.715712	1
1.71776	1
1.725952	1
1.7484799999999998	1
1.749504	1
1.7556479999999999	1
3.5174399999999997	2
1.7669119999999998	1
1.781248	1
1.783296	1
1.78432	1
1.786368	1
1.796608	1
1.801728	1
1.806848	1
1.811968	1
1.8191359999999999	1
1.823232	1
1.8324479999999999	1
1.8355199999999998	1
1.8375679999999999	1
1.838592	1
1.841664	1
1.844736	1
1.858048	1
1.8672639999999998	1
1.8693119999999999	1
1.883648	1
1.8856959999999998	1
1.8877439999999999	1
1.89696	1
1.90208	1
1.916416	1
1.926656	1
1.928704	1
1.9307519999999998	1
1.942016	1
1.955328	1
1.9594239999999998	1
1.960448	1
1.970688	1
1.985024	1
1.9880959999999999	1
1.99424	1
2.007552	1
2.0157439999999998	1
2.017792	1
2.022912	1
2.03008	1
2.0423679999999997	1
2.05056	1
2.056704	1
2.0608	1
2.067968	1
2.07616	1
2.0792319999999997	1
2.084352	1
2.0925439999999997	1
2.094592	1
2.098176	1
2.1125119999999997	1
2.118656	1
2.137088	1
4.315136	2
2.167808	1
2.188288	1
2.210816	1
2.2128639999999997	1
2.274304	1
2.294784	1
2.307072	1
2.315264	1
2.341888	1
2.345984	1
2.3664639999999997	1
2.37056	1
2.382848	1
2.384896	1
2.388992	1
2.395136	1
2.4238079999999997	1
2.427904	1
2.448384	1
4.900863999999999	2
2.507776	1
2.526208	1
2.57536	1
2.5774079999999997	1
2.5978879999999998	1
2.599936	1
2.6142719999999997	1
2.64704	1
2.7678719999999997	1
2.76992	1
2.8928	1
2.987008	1
3.021824	1
3.027968	1
3.228672	1
3.329024	1
3.3535999999999997	1
3.499008	1
3.687424	1
3.779584	1
3.789824	1
3.9024639999999997	1
3.90656	1
4.037631999999999	1
4.286464	1
4.43392	1
4.4462079999999995	1
4.5731839999999995	1
4.704256	1
4.8680959999999995	1
4.92544	1
4.970496	1
4.978688	1
5.019648	1
5.1220479999999995	1
5.224448	1
5.289984	1
5.330944	1
5.982208	1
6.109184	1
6.15424	1
6.2197759999999995	1
6.2730239999999995	1
6.305791999999999	1
6.457344	1
6.465535999999999	1
7.030784	1
7.5714559999999995	1
7.907328	1
8.124416	1
8.361984	1
8.810495999999999	1
8.916992	1
9.048064	1
10.113024	1
10.637312	1
10.809344	1
10.825728	1
23.912447999999998	1
24.436736	1
24.846335999999997	1
25.534464	1
25.649151999999997	1
28.418048	1
28.79488	1
29.368319999999997	1
29.548544	1
29.646848	1
61.259775999999995	2
31.17056	1
31.219711999999998	1
62.570496	2
38.42048	1
50.348031999999996	1
50.708479999999994	1
51.560448	1
53.559295999999996	1
53.952512	1
54.542336	1
54.870016	1
55.951359999999994	1
56.180735999999996	1
57.42592	1
57.91744	1
58.114048	1
58.671104	1
59.359232	1
59.916287999999994	1
60.342271999999994	1
60.407807999999996	1
60.473344	1
60.506111999999995	1
121.07776	2
60.637184	1
60.70272	1
60.735488	1
60.768255999999994	1
60.86656	1
60.997631999999996	1
122.19187199999999	2
122.257408	2
61.19424	1
61.325312	1
61.390848	1
61.456384	1
61.489152	1
61.521919999999994	1
61.849599999999995	1
62.046208	1
62.275583999999995	1
63.062016	1
63.946752	1
64.27443199999999	1
64.536576	1
75.399168	1
80.11775999999999	1
80.248832	1
80.77311999999999	1
81.166336	1
0.423552	1
0.42432	1
0.4256	1
0.426624	1
0.42816	1
0.431232	1
0.432	1
0.432256	1
0.432768	1
0.8686079999999999	2
0.43507199999999996	1
0.436096	1
0.437376	1
0.43891199999999997	1
0.439168	1
0.441216	1
0.441472	1
0.44172799999999995	1
0.44223999999999997	1
0.443264	1
0.443776	1
0.444544	1
0.4448	1
0.445056	1
0.44633599999999996	1
0.893184	2
0.44684799999999997	1
0.44736	1
0.44761599999999996	1
0.449408	1
0.8993279999999999	2
0.44992	1
0.45017599999999997	1
0.450432	1
0.9018879999999999	2
0.9024	2
0.45145599999999997	1
0.451712	1
0.451968	1
1.3566719999999999	3
0.45248	1
0.45273599999999997	1
0.453248	1
1.36128	3
0.454016	1
0.909056	2
0.455808	1
1.36896	3
0.45683199999999996	1
0.457344	1
0.457856	1
0.9162239999999999	2
0.458624	1
0.45887999999999995	1
0.9187839999999999	2
0.919808	2
0.46015999999999996	1
0.920832	2
0.9213439999999999	2
0.922368	2
0.9228799999999999	2
0.46220799999999995	1
0.924928	2
0.9254399999999999	2
2.31744	5
0.463744	1
1.392768	3
0.46476799999999996	1
0.930048	2
1.8611199999999999	4
0.465536	1
0.465792	1
0.46604799999999996	1
1.39968	3
0.9336319999999999	2
0.467072	1
0.46732799999999997	1
0.935168	2
0.9361919999999999	2
0.936704	2
0.46860799999999997	1
0.93824	2
0.46937599999999996	1
0.469632	1
0.469888	1
0.470144	1
0.9408	2
2.35328	5
0.470912	1
0.942336	2
0.47142399999999995	1
0.47193599999999997	1
0.944384	2
0.472448	1
1.8908159999999998	4
0.47321599999999997	1
0.473728	1
0.94848	2
1.4234879999999999	3
0.47475199999999995	1
0.475008	1
1.4265599999999998	3
0.951552	2
1.428096	3
0.952576	2
0.9530879999999999	2
0.9536	2
0.47731199999999996	1
0.477568	1
0.9556479999999999	2
1.43424	3
0.478336	1
0.957696	2
0.479104	1
1.43808	3
1.918464	4
0.9597439999999999	2
1.4403839999999999	3
1.441152	3
0.48063999999999996	1
0.961792	2
0.9623039999999999	2
1.926656	4
1.44576	3
1.928704	4
0.9653759999999999	2
0.482944	1
0.9663999999999999	2
0.966912	2
0.967424	2
1.9358719999999998	4
0.968448	2
0.48447999999999997	1
0.969472	2
0.484992	1
0.485504	1
1.45728	3
0.972032	2
0.486272	1
1.4603519999999999	3
0.97408	2
0.48729599999999995	1
1.462656	3
0.488064	1
2.4415999999999998	5
0.9771519999999999	2
0.977664	2
0.48908799999999997	1
0.978688	2
0.4896	1
1.9594239999999998	4
1.471104	3
1.4718719999999998	3
0.98176	2
0.49113599999999996	1
2.948352	6
0.983296	2
0.49190399999999995	1
0.49216	1
0.49241599999999996	1
1.478016	3
1.971712	4
0.49318399999999996	1
1.4803199999999999	3
0.9873919999999999	2
2.9637119999999997	6
0.494208	1
1.483392	3
1.48416	3
0.9899519999999999	2
1.485696	3
0.9914879999999999	2
0.992	2
1.4887679999999999	3
2.48256	5
0.9940479999999999	2
0.49728	1
1.990144	4
0.9955839999999999	2
0.498048	1
1.494912	3
0.99712	2
1.995264	4
0.49907199999999996	1
1.997312	4
2.4979199999999997	5
1.000704	2
0.500864	1
0.50112	1
1.504128	3
2.006528	4
2.007552	4
2.0096	4
0.502656	1
2.51456	5
0.503168	1
2.013696	4
1.51104	3
2.5196799999999997	5
2.016768	4
2.52224	5
1.514112	3
1.51488	3
2.52608	5
1.516416	3
1.5171839999999999	3
0.505984	1
1.01248	2
1.012992	2
2.027008	4
1.014016	2
1.521792	3
2.5376	5
2.0321279999999997	4
2.5414399999999997	5
0.508544	1
2.544	5
1.018112	2
2.037248	4
1.5287039999999998	3
1.529472	3
1.020672	2
1.531776	3
0.510848	1
1.533312	3
0.5113599999999999	1
1.534848	3
3.0712319999999997	6
1.536384	3
2.5619199999999998	5
3.07584	6
2.051584	4
1.539456	3
1.026816	2
2.054656	4
1.542528	3
1.028864	2
2.0587519999999997	4
2.059776	4
2.0608	4
2.061824	4
1.031424	2
2.063872	4
2.58112	5
2.0659199999999998	4
2.5836799999999998	5
0.516992	1
3.103488	6
1.552512	3
2.07104	4
2.072064	4
2.59136	5
1.037056	2
0.518784	1
1.5571199999999998	3
1.038592	2
2.078208	4
2.59904	5
2.080256	4
2.0823039999999997	4
3.1249919999999998	6
1.563264	3
1.5640319999999999	3
2.0864	4
4.174848	8
2.088448	4
1.0447359999999999	2
1.04576	2
2.0925439999999997	4
1.046784	2
2.6182399999999997	5
2.61952	5
2.09664	4
1.573632	3
3.675392	7
3.1534079999999998	6
2.10432	4
4.212736	8
5.27104	10
2.63808	5
3.168768	6
1.58592	3
5.291519999999999	10
7.94496	15
2.65088	5
4.776192	9
3.7184	7
3.1902719999999998	6
2.128896	4
2.66368	5
5.865728	11
5.87136	11
6.411264	12
4.278271999999999	8
7.4941439999999995	14
3.214848	6
4.82688	9
4.294656	8
2.6867199999999998	5
7.529984	14
6.998784	13
2.15552	4
5.39392	10
7.018752	13
4.863744	9
5.950208	11
4.331519999999999	8
7.045376	13
4.339712	8
2.71488	5
7.065344	13
4.351999999999999	8
4.356096	8
7.630336	14
4.364288	8
3.822336	7
4.91904	9
6.564864	12
7.118592	13
6.577152	12
5.486079999999999	10
5.4912	10
3.8474239999999997	7
9.902592	18
6.0572159999999995	11
4.960512	9
4.41344	8
4.417536	8
4.974336	9
5.53216	10
4.429824	8
4.43392	8
4.438016	8
3.8868479999999996	7
4.4462079999999995	8
5.0065919999999995	9
3.8975999999999997	7
4.458496	8
4.462592	8
6.700031999999999	12
7.823872	14
2.7967999999999997	5
4.478975999999999	8
6.724608	12
7.2916479999999995	13
3.929856	7
6.74304	12
3.9370239999999996	7
5.62944	10
6.198016	11
6.203647999999999	11
5.0803199999999995	9
6.214912	11
2.82752	5
6.226176	11
5.66528	10
5.6704	10
8.51328	15
6.248704	11
6.2543359999999995	11
6.829056	12
3.4175999999999997	6
6.2712319999999995	11
8.55936	15
5.140224	9
7.431424	13
6.29376	11
7.444736	13
5.73184	10
6.310656	11
4.5936639999999995	8
7.47136	13
6.902784	12
7.484672	13
7.491327999999999	13
8.65152	15
6.350079999999999	11
6.355712	11
8.096256	14
6.366975999999999	11
5.793279999999999	10
6.95808	12
5.80352	10
5.2277759999999995	9
3.488256	6
5.81888	10
4.6592	8
5.82912	10
5.834239999999999	10
8.759039999999999	15
3.506688	6
9.359359999999999	16
4.683776	8
7.617792	13
10.556928	18
5.87008	10
6.46272	11
4.704256	8
6.473984	11
2.356224	4
7.074815999999999	12
5.31072	9
4.134144	7
8.86656	15
7.691008	13
6.513408	11
5.33376	9
2.96576	5
4.749312	8
3.565056	6
5.94688	10
4.166399999999999	7
7.744256	13
9.539584	16
5.370623999999999	9
4.777984	8
10.16192	17
7.777536	13
4.790272	8
4.195072	7
10.196736	17
3.60192	6
4.205824	7
3.6080639999999997	6
5.416704	9
6.02368	10
5.42592	9
8.447488	14
4.227328	7
5.439744	9
7.259136	12
5.44896	9
6.05952	10
4.245248	7
6.06976	10
9.11232	15
4.864	8
4.259583999999999	7
9.13536	15
5.485824	9
6.10048	10
3.66336	6
4.2775039999999995	7
6.727424	11
3.672576	6
10.414335999999999	17
7.3574399999999995	12
4.295424	7
3.6848639999999997	6
7.990527999999999	13
5.536512	9
11.082239999999999	18
3.0809599999999997	5
6.7837439999999996	11
5.554944	9
6.17728	10
6.80064	11
5.5687679999999995	9
5.573376	9
6.19776	10
4.342016	7
6.207999999999999	10
4.970496	8
6.840064	11
7.468032	12
7.474176	12
4.98688	8
6.23872	10
3.746304	6
5.624064	9
6.879487999999999	11
5.007359999999999	8
5.011456	8
6.896383999999999	11
5.019648	8
10.047488	16
5.027839999999999	8
5.031936	8
2.518016	4
6.30016	10
5.044224	8
8.83456	14
7.578624	12
6.32064	10
5.693184	9
3.16544	5
6.9696	11
9.51168	15
5.711615999999999	9
3.17568	5
3.813888	6
3.1808	5
7.640064	12
8.283392	13
3.826176	6
4.467455999999999	7
2.55488	4
6.39232	10
7.037184	11
2.5610239999999997	4
6.40768	10
7.05408	11
5.776128	9
5.138432	8
7.713792	12
6.43328	10
8.36992	13
7.7322239999999995	12
3.8691839999999997	6
3.22688	5
7.750655999999999	12
6.4639999999999995	10
3.881472	6
7.769088	12
5.831424	9
7.132928	11
3.89376	6
3.896832	6
3.24992	5
4.553472	7
7.1610879999999995	11
1.30304	2
6.52032	10
1.9576319999999998	3
3.2652799999999997	5
3.2678399999999996	5
4.5785599999999995	7
4.5821439999999996	7
3.2755199999999998	5
5.244928	8
5.2490239999999995	8
4.59648	7
3.9429119999999998	6
3.9459839999999997	6
7.239935999999999	11
7.245568	11
3.9551999999999996	6
5.937408	9
5.942016	9
3.30368	5
5.951232	9
5.29408	8
4.635904	7
5.302271999999999	8
4.643072	7
6.6380799999999995	10
2.65728	4
7.977983999999999	12
10.645503999999999	16
5.992704	9
3.3318399999999997	5
6.6688	10
4.6717439999999995	7
7.346944	11
3.3420799999999997	5
4.6824959999999995	7
4.01664	6
4.019712	6
3.3523199999999997	5
3.3548799999999996	5
6.71488	10
6.72	10
1.345024	2
8.076288	12
6.061824	9
3.37024	5
4.047359999999999	6
3.3753599999999997	5
6.75584	10
4.056576	6
2.706432	4
8.80256	13
4.065792	6
4.068864	6
2.7146239999999997	4
5.433344	8
5.43744	8
3.40096	5
4.764927999999999	7
4.768511999999999	7
6.817279999999999	10
4.7756799999999995	7
5.462015999999999	8
6.149375999999999	9
2.7351039999999998	4
4.790016	7
5.4784	8
7.538431999999999	11
4.1149439999999995	6
2.745344	4
4.121087999999999	6
4.12416	6
4.127232	6
7.572223999999999	11
4.133376	6
5.515264	8
4.82944	7
4.833024	7
3.45472	5
0.691456	1
4.151808	6
4.1548799999999995	6
2.7719679999999998	4
2.774016	4
5.552128	8
4.167168	6
2.78016	4
4.868863999999999	7
4.8724479999999994	7
2.786304	4
2.091264	3
5.5808	8
6.283008	9
3.49312	5
6.292224	9
5.5971839999999995	8
7.0016	10
4.204032	6
8.414208	12
3.50848	5
3.51104	5
4.91904	7
5.625856	8
4.2224639999999996	6
2.112768	3
2.819072	4
7.0527999999999995	10
3.5289599999999997	5
3.53152	5
4.240896	6
4.951296	7
4.95488	7
2.833408	4
3.54432	5
2.837504	4
3.5494399999999997	5
1.4207999999999998	2
2.843648	4
6.402816	9
4.271616	6
5.699584	8
4.99072	7
4.994304	7
2.141952	3
4.286976	6
4.290048	6
3.5776	5
6.444287999999999	9
4.299264	6
5.736447999999999	8
7.17568	10
6.46272	9
2.874368	4
2.876416	4
1.4392319999999998	2
4.320768	6
2.88256	4
3.6057599999999996	5
5.773312	8
5.777407999999999	8
5.058816	7
4.3392	6
2.1711359999999997	3
5.069567999999999	7
5.073151999999999	7
4.351488	6
3.6288	5
5.0839039999999995	7
3.63392	5
7.272959999999999	10
7.27808	10
11.65312	16
3.64416	5
2.917376	4
5.108992	7
5.112576	7
6.57792	9
8.045312	11
2.927616	4
0.732416	1
4.397568	6
4.40064	6
1.4679039999999999	2
7.34464	10
3.67488	5
2.206464	3
3.6799999999999997	5
8.101632	11
5.159168	7
7.37536	10
4.428288	6
2.95424	4
4.434432	6
4.437504	6
5.920768	8
3.7030399999999997	5
2.22336	3
4.4497919999999995	6
5.937151999999999	8
4.4559359999999995	6
4.459008	6
8.18048	11
5.209344	7
6.702336	9
5.961728	8
3.7312	5
1.493504	2
3.7363199999999996	5
7.47776	10
8.231168	11
5.2416	7
2.2479359999999997	3
4.498944	6
3.001344	4
6.006784	8
4.50816	6
3.007488	4
1.5047679999999999	2
5.270271999999999	7
5.273855999999999	7
4.5235199999999995	6
2.263296	3
5.2846079999999995	7
5.288192	7
6.047744	8
5.29536	7
6.055936	8
2.272512	3
6.822144	9
3.034112	4
3.0361599999999997	4
10.633728	14
3.8003199999999997	5
3.80288	5
3.80544	5
3.808	5
4.572672	6
3.8131199999999996	5
3.0525439999999997	4
5.345536	7
9.16992	12
6.117376	8
4.591104	6
3.0627839999999997	4
6.129664	8
1.53344	2
7.67232	10
3.070976	4
3.84128	5
3.8438399999999997	5
5.3849599999999995	7
5.388544	7
3.081216	4
4.624896	6
2.313984	3
4.63104	6
3.86176	5
3.8643199999999998	5
1.546752	2
7.73888	10
3.872	5
6.974208	9
3.101696	4
4.655616	6
4.658688	6
5.43872	7
6.997248	9
1.555968	2
0.778496	1
8.569087999999999	11
2.3385599999999998	3
3.120128	4
8.585984	11
2.343168	3
5.470975999999999	7
1.56416	2
3.130368	4
2.349312	3
2.350848	3
3.9206399999999997	5
5.49248	7
8.636671999999999	11
0.7856639999999999	1
7.075584	9
4.720128	6
6.2976	8
3.150848	4
3.1528959999999997	4
7.098624	9
3.94624	5
4.73856	6
8.692992	11
7.117056	9
3.95648	5
5.542656	7
6.338559999999999	8
7.928319999999999	10
6.3467519999999995	8
4.763135999999999	6
5.560576	7
3.9743999999999997	5
5.567743999999999	7
2.387712	3
7.167744	9
3.9846399999999997	5
8.77184	11
6.383616	8
4.7907839999999995	6
3.9948799999999998	5
7.994879999999999	10
6.3999999999999995	8
8.00512	10
5.607168	7
5.610752	7
7.218432	9
4.81536	6
6.424576	8
2.410752	3
6.432767999999999	8
4.02304	5
4.0256	5
6.445056	8
8.867583999999999	11
11.293184	14
6.457344	8
3.23072	4
5.657344	7
6.469632	8
9.710592	12
3.238912	4
5.671679999999999	7
3.2430079999999997	4
4.867584	6
6.4942079999999995	8
3.249152	4
7.3152	9
4.06656	5
3.255296	4
7.3290239999999995	9
5.703936	7
10.59968	13
4.079359999999999	5
5.714688	7
10.619648	13
5.721856	7
4.0896	5
11.458048	14
6.551552	8
9.014016	11
4.919808	6
7.38432	9
9.030911999999999	11
1.643008	2
7.398143999999999	9
4.935168	6
7.40736	9
7.411968	9
8.240639999999999	10
4.947456	6
5.775615999999999	7
7.4304	9
7.435008	9
8.26624	10
4.13568	5
9.931776	12
4.1408	5
3.314688	4
4.975104	6
3.318784	4
2.490624	3
6.64576	8
5.818624	7
5.822208	7
4.993536	6
6.662144	8
4.99968	6
13.340672	16
4.17152	5
6.678528	8
6.682624	8
9.194239999999999	11
4.18176	5
6.6949119999999995	8
7.536384	9
10.054656	12
10.0608	12
7.550208	9
10.073088	12
7.559424	9
7.564032	9
6.727679999999999	8
7.5732479999999995	9
5.893888	7
6.739967999999999	8
6.744064	8
7.591679999999999	9
6.752256	8
2.533632	3
2.535168	3
6.764544	8
5.07648	6
9.312512	11
3.388416	4
12.71424	15
8.48128	10
4.2432	5
9.340672	11
5.947648	7
7.651584	9
6.805504	8
5.9584	7
6.813695999999999	8
2.556672	3
5.116416	6
9.385728	11
10.24512	12
6.834175999999999	8
12.82176	15
11.974143999999999	14
4.27904	5
4.2816	5
9.425151999999999	11
6.001408	7
9.436416	11
7.725312	9
11.16544	13
10.312704	12
12.038656	14
9.464576	11
7.748352	9
6.03008	7
13.791231999999999	16
2.587392	3
6.040832	7
6.044416	7
6.048	7
11.238655999999999	13
6.920192	8
9.520895999999999	11
9.526527999999999	11
6.93248	8
6.936576	8
7.808256	9
10.417152	12
7.8174719999999995	9
6.0838399999999995	7
4.34816	5
11.311872	13
6.965248	8
12.196352	14
8.7168	10
16.571648	19
8.727039999999999	10
7.858943999999999	9
5.242368	6
7.86816	9
10.497024	12
5.251583999999999	6
13.13664	15
6.134016	7
8.767999999999999	10
7.895808	9
11.411712	13
8.78336	10
7.030784	8
7.034879999999999	8
12.318208	14
9.684224	11
9.689855999999999	11
5.288448	6
6.173439999999999	7
7.941888	9
7.063552	8
9.718016	11
11.491584	13
10.61376	12
9.734912	11
7.084032	8
7.088127999999999	8
15.957504	18
4.4352	5
6.212864	7
6.216448	7
12.440064	14
5.334528	6
7.1168	8
7.120896	8
8.015616	9
6.237952	7
8.024832	9
4.4608	5
6.248704	7
7.145472	8
5.362176	6
8.942079999999999	10
3.57888	4
6.266623999999999	7
5.374464	6
8.96256	10
8.96768	10
11.66464	13
7.182335999999999	8
8.084736	9
13.48224	15
6.295296	7
4.4992	5
7.202815999999999	8
4.50432	5
7.211008	8
4.50944	5
8.121599999999999	9
10.834944	12
3.613696	4
9.03936	10
7.235583999999999	8
5.42976	6
5.432831999999999	6
4.52992	5
3.625984	4
6.349056	7
9.982719999999999	11
6.356224	7
9.993984	11
10.908672	12
11.824384	13
9.1008	10
9.10592	10
6.377727999999999	7
6.381311999999999	7
8.209152	9
4.5632	5
4.56576	5
6.3956479999999996	7
8.227584	9
5.488128	6
14.6432	16
3.662848	4
7.329791999999999	8
10.084095999999999	11
6.420736	7
9.1776	10
6.427904	7
8.269055999999999	9
7.354368	8
5.518847999999999	6
10.12352	11
5.524992	6
6.449408	7
5.531136	6
5.534208	6
8.30592	9
6.463743999999999	7
10.162944	11
9.244159999999999	10
6.474495999999999	7
4.6272	5
9.25952	10
7.411712	8
8.342784	9
10.202368	11
9.28	10
7.428096	8
10.219263999999999	11
6.506752	7
10.230528	11
7.4444799999999995	8
5.586431999999999	6
12.110591999999999	13
7.456767999999999	8
6.528256	7
7.46496	8
5.601792	6
13.078016	14
10.281215999999999	11
6.546176	7
10.29248	11
2.808576	3
9.36704	10
6.560512	7
9.377279999999999	10
9.382399999999999	10
5.632512	6
12.210431999999999	13
9.39776	10
2.820864	3
5.6448	6
10.354432	11
9.418239999999999	10
6.5963519999999995	7
6.599936	7
8.49024	9
11.326464	12
5.666303999999999	6
13.228544	14
6.617856	7
8.51328	9
5.678592	6
12.310272	13
6.632192	7
7.583743999999999	8
12.33024	13
1.897984	2
6.646528	7
10.450175999999999	11
0.9505279999999999	1
5.706239999999999	6
3.806208	4
5.712384	6
9.52576	10
6.671615999999999	7
8.5824	9
8.587007999999999	9
9.54624	10
11.461632	12
10.512127999999999	11
9.5616	10
7.653376	8
1.9143679999999998	2
7.661568	8
6.707456	7
2.87616	3
8.633087999999999	9
8.637696	9
6.721792	7
9.60768	10
5.7676799999999995	6
1.923584	2
5.773823999999999	6
6.739712	7
6.743296	7
7.710719999999999	8
4.821759999999999	5
8.683776	9
1.9307519999999998	2
8.692992	9
9.664	10
3.867648	4
5.804544	6
7.743487999999999	8
4.842239999999999	5
7.7516799999999995	8
3.877888	4
1.939968	2
8.734464	9
11.652096	12
8.74368	9
5.832192	6
6.807808	7
4.865279999999999	5
10.709247999999999	11
5.84448	6
1.9491839999999998	2
4.87552	5
9.75616	10
9.76128	10
5.85984	6
3.9086079999999996	4
12.709632	13
3.9127039999999997	4
1.957376	2
6.8544	7
5.878272	6
4.90112	5
6.865151999999999	7
5.887487999999999	6
7.85408	8
6.875903999999999	7
2.948352	3
4.91648	5
1.9676159999999998	2
2.95296	3
7.878655999999999	8
3.941376	4
8.872703999999999	9
3.9454719999999996	4
7.89504	8
3.9495679999999997	4
6.915328	7
5.930496	6
2.966784	3
6.92608	7
8.909568	9
3.9618559999999996	4
4.95488	5
8.923392	9
4.96	5
3.970048	4
7.944191999999999	8
5.961215999999999	6
6.958336	7
6.96192	7
8.955648	9
6.969087999999999	7
2.988288	3
6.976255999999999	7
3.98848	4
6.983423999999999	7
5.9888639999999995	6
6.9905919999999995	7
4.995839999999999	5
6.9977599999999995	7
5.00096	5
2.001408	2
6.007295999999999	6
5.00864	5
5.0112	5
4.0110079999999995	4
5.0163199999999994	5
7.026432	7
5.02144	5
5.024	5
6.031872	6
4.023296	4
7.044352	7
4.027392	4
4.02944	4
7.055104	7
5.04192	5
6.053376	6
4.037631999999999	4
4.03968	4
7.073023999999999	7
6.065664	6
7.080191999999999	7
4.047872	4
6.077952	6
5.06752	5
5.07008	5
4.0581119999999995	4
8.12032	8
4.062208	4
2.0321279999999997	2
4.066304	4
4.068352	4
4.0704	4
5.09056	5
10.18624	10
12.229631999999999	12
7.137536	7
3.0604799999999996	3
5.1033599999999995	5
3.063552	3
7.151872	7
5.11104	5
3.0681599999999998	3
4.092928	4
1.023744	1
7.169791999999999	7
6.148607999999999	6
7.176959999999999	7
2.051584	2
6.157824	6
5.13408	5
4.109312	4
6.16704	6
3.085056	3
7.202048	7
5.1468799999999995	5
6.179328	6
3.0911999999999997	3
2.061824	2
5.15712	5
7.223552	7
2.064896	2
5.1648	5
1.033472	1
3.101952	3
2.0689919999999997	2
5.17504	5
4.14208	4
5.18016	5
2.073088	2
4.148224	4
7.262976	7
7.266559999999999	7
5.192959999999999	5
6.234623999999999	6
4.1584639999999995	4
2.080256	2
3.12192	3
4.164607999999999	4
3.1249919999999998	3
3.126528	3
2.085376	2
5.216	5
1.043712	1
4.1789439999999995	4
7.316736	7
4.18304	4
4.1850879999999995	4
5.2339199999999995	5
2.094592	2
9.430272	9
5.2416	5
5.245439999999999	5
8.400896	8
10.51136	10
8.41728	8
7.372287999999999	7
13.704704	13
13.718015999999999	13
11.618815999999999	11
10.572799999999999	10
6.349824	6
7.415296	7
9.543168	9
8.491007999999999	8
6.3744	6
8.507392	8
11.708928	11
10.65472	10
11.731456	11
9.60768	9
8.548352	8
8.556543999999999	8
8.564736	8
11.787776	11
2.14528	2
7.515648	7
5.3734399999999996	5
3.227136	3
8.613888	8
5.3888	5
9.709056	9
6.478847999999999	6
8.646656	8
6.491136	6
9.74592	9
9.755136	9
9.764351999999999	9
3.257856	3
3.260928	3
7.616	7
8.712192	8
3.2701439999999997	3
7.637504	7
12.013055999999999	11
6.55872	6
6.564864	6
2.190336	2
3.288576	3
3.291648	3
10.9824	10
4.397056	4
8.802304	8
4.405247999999999	4
6.6140159999999995	6
1.10336	1
5.52192	5
6.632448	6
5.53216	5
2.214912	2
1.10848	1
2.219008	2
4.442112	4
7.780863999999999	7
3.337728	3
11.136	10
3.3438719999999997	3
1.115648	1
8.933375999999999	8
6.706176	6
3.35616	3
8.957951999999999	8
3.362304	3
5.60896	5
6.736896	6
4.49536	4
7.874047999999999	7
5.62944	5
5.63456	5
4.511744	4
5.6448	5
7.909888	7
6.786048	6
9.056256	8
6.798336	6
6.80448	6
1.135104	1
4.544512	4
2.274304	2
6.829056	6
9.1136	8
6.841343999999999	6
3.4237439999999997	3
5.71136	5
1.1432959999999999	1
2.28864	2
3.436032	3
4.585472	4
6.884352	6
8.038912	7
8.04608	7
3.451392	3
3.4544639999999998	3
4.610048	4
10.381824	9
3.4636799999999996	3
5.77792	5
4.626431999999999	4
2.315264	2
3.475968	3
4.63872	4
1.160704	1
6.970368	6
4.651008	4
3.4913279999999998	3
9.3184	8
4.663296	4
2.3336959999999998	2
4.671488	4
7.013376	6
4.679679999999999	4
5.8547199999999995	5
8.203776	7
4.691968	4
7.044096	6
2.3500799999999997	2
3.5281919999999998	3
1.177088	1
2.356224	2
3.5374079999999997	3
8.26112	7
3.543552	3
8.275456	7
2.3664639999999997	2
3.552768	3
3.55584	3
2.372608	2
2.374656	2
7.130112	6
3.5681279999999997	3
7.142399999999999	6
2.382848	2
3.5773439999999996	3
2.3869439999999997	2
3.583488	3
1.19552	1
4.786176	4
1.197568	1
8.390144	7
2.399232	2
4.80256	4
3.6049919999999998	3
3.6080639999999997	3
2.407424	2
12.04736	10
3.61728	3
3.620352	3
4.831232	4
6.04416	5
1.209856	1
8.47616	7
2.4238079999999997	2
4.851712	4
3.6418559999999998	3
8.504832	7
6.08512	5
3.6541439999999996	3
6.0953599999999994	5
4.88448	4
4.888576	4
4.892672	4
2.448384	2
3.675648	3
3.6787199999999998	3
4.909056	4
6.141439999999999	5
1.229312	1
3.6910079999999996	3
2.46272	2
3.697152	3
1.2334079999999998	1
2.468864	2
3.706368	3
6.1823999999999995	5
3.712512	3
3.7155839999999998	3
3.7186559999999997	3
4.962304	4
2.4832	2
4.970496	4
2.4872959999999997	2
3.734016	3
4.982784	4
1.24672	1
1.247744	1
2.4975359999999998	2
3.749376	3
5.003264	4
3.7555199999999997	3
2.505728	2
3.7616639999999997	3
1.254912	1
1.2569599999999999	1
2.515968	2
2.520064	2
3.783168	3
1.2620799999999999	1
1.263104	1
3.7923839999999998	3
5.060607999999999	4
2.532352	2
3.8015999999999996	3
1.268224	1
3.807744	3
1.2702719999999998	1
6.3564799999999995	5
3.81696	3
2.546688	2
2.548736	2
1.276416	1
3.8353919999999997	3
2.558976	2
3.8415359999999996	3
1.281536	1
1.28256	1
3.850752	3
2.569216	2
3.856896	3
2.573312	2
2.57536	2
2.579456	2
3.8722559999999997	3
2.583552	2
2.5856	2
1.2938239999999999	1
2.589696	2
2.591744	2
2.593792	2
2.59584	2
3.896832	3
2.599936	2
2.601984	2
1.3020159999999998	1
1.30304	1
2.608128	2
1.305088	1
1.30816	1
3.927552	3
1.310208	1
5.244928	4
1.3122559999999999	1
5.25312	4
3.9429119999999998	3
1.3153279999999998	1
2.632704	2
1.3173759999999999	1
2.6368	2
1.319424	1
3.961344	3
2.642944	2
2.64704	2
2.649088	2
2.6511359999999997	2
3.9828479999999997	3
1.32864	1
1.329664	1
2.665472	2
1.3337599999999998	1
1.334784	1
1.3358079999999999	1
2.673664	2
5.351424	4
1.339904	1
4.022784	3
2.683904	2
1.342976	1
1.3439999999999999	1
2.694144	2
1.3491199999999999	1
4.050432	3
1.351168	1
2.7043839999999997	2
1.353216	1
2.7084799999999998	2
1.355264	1
1.356288	1
5.429247999999999	4
1.35936	1
2.720768	2
1.361408	1
4.090368	3
2.72896	2
2.7310079999999997	2
1.3675519999999999	1
1.3696	1
2.7412479999999997	2
1.371648	1
2.745344	2
1.3757439999999999	1
4.130304	3
1.378816	1
1.37984	1
2.7617279999999997	2
1.381888	1
1.382912	1
1.3839359999999998	1
1.3859839999999999	1
2.776064	2
2.78016	2
1.391104	1
2.784256	2
1.393152	1
1.3941759999999999	1
2.7904	2
2.792448	2
1.397248	1
2.796544	2
1.401344	1
1.4023679999999998	1
2.806784	2
2.812928	2
2.819072	2
1.41056	1
4.234751999999999	3
4.240896	3
2.8354559999999998	2
2.843648	2
1.422848	1
1.4259199999999999	1
1.426944	1
1.427968	1
1.428992	1
1.430016	1
1.432064	1
1.433088	1
1.4341119999999998	1
1.4361599999999999	1
4.311552	3
1.438208	1
2.880512	2
1.44128	1
1.442304	1
2.886656	2
1.4443519999999999	1
2.894848	2
2.896896	2
2.90304	2
1.453568	1
1.4545919999999999	1
1.45664	1
1.4576639999999998	1
1.458688	1
1.460736	1
2.927616	2
4.397568	3
4.40064	3
2.937856	2
2.939904	2
2.944	2
1.473024	1
1.474048	1
1.4760959999999999	1
1.47712	1
1.478144	1
1.48224	1
1.483264	1
1.4842879999999998	1
1.4863359999999999	1
1.488384	1
1.4894079999999998	1
1.49248	1
1.493504	1
1.4945279999999999	1
1.495552	1
2.993152	2
1.498624	1
1.500672	1
1.5027199999999998	1
1.508864	1
1.509888	1
1.510912	1
3.023872	2
1.513984	1
4.548096	3
1.517056	1
3.038208	2
1.520128	1
1.5211519999999998	1
1.522176	1
1.5231999999999999	1
1.5262719999999999	1
1.530368	1
3.0627839999999997	2
1.535488	1
1.537536	1
3.0791679999999997	2
3.081216	2
3.085312	2
1.54368	1
1.5447039999999999	1
1.5498239999999999	1
1.550848	1
1.5528959999999998	1
1.555968	1
1.556992	1
1.55904	1
1.572352	1
1.5733759999999999	1
3.150848	2
1.577472	1
1.57952	1
1.580544	1
1.582592	1
1.585664	1
1.591808	1
1.592832	1
1.5948799999999999	1
1.596928	1
1.604096	1
3.222528	2
1.61536	1
3.2327679999999996	2
1.619456	1
1.6215039999999998	1
1.622528	1
1.6235519999999999	1
1.6266239999999998	1
1.629696	1
1.6368639999999999	1
1.637888	1
1.64096	1
1.647104	1
1.6552959999999999	1
1.66144	1
1.664512	1
1.6686079999999999	1
1.669632	1
1.672704	1
1.6737279999999999	1
1.674752	1
1.677824	1
1.6819199999999999	1
1.688064	1
1.6921599999999999	1
1.704448	1
1.7085439999999998	1
1.711616	1
1.71776	1
3.44576	2
1.725952	1
1.730048	1
1.73312	1
1.736192	1
1.7372159999999999	1
1.739264	1
1.746432	1
1.747456	1
1.7505279999999999	1
1.7535999999999998	1
1.759744	1
1.764864	1
3.539968	2
1.7792	1
3.560448	2
1.7853439999999998	1
1.797632	1
1.8058239999999999	1
1.80992	1
1.8109439999999999	1
3.668992	2
1.838592	1
1.852928	1
1.8611199999999999	1
1.863168	1
1.86624	1
1.88672	1
1.888768	1
1.8928639999999999	1
1.9010559999999999	1
3.8348799999999996	2
1.918464	1
1.9194879999999999	1
1.926656	1
1.9327999999999999	1
3.9393279999999997	2
3.9720959999999996	2
2.01472	1
2.03008	1
2.033152	1
2.038272	1
2.0454399999999997	1
2.054656	1
2.0556799999999997	1
2.078208	1
2.087424	1
2.100224	1
4.204543999999999	2
2.1125119999999997	1
2.11456	1
2.116608	1
2.1248	1
2.157568	1
2.1596159999999998	1
2.171904	1
2.1759999999999997	1
2.184192	1
4.507648	2
2.274304	1
2.280448	1
2.327552	1
2.3664639999999997	1
2.3869439999999997	1
5.15072	2
2.663424	1
2.712576	1
2.753536	1
2.763776	1
2.81088	1
2.8887039999999997	1
2.921472	1
2.939904	1
2.950144	1
2.9521919999999997	1
2.97472	1
3.0361599999999997	1
3.15904	1
3.1795199999999997	1
3.2061439999999997	1
3.2327679999999996	1
3.2430079999999997	1
3.378176	1
3.482624	1
3.531776	1
3.642368	1
3.716096	1
3.7386239999999997	1
3.787776	1
3.920896	1
3.9720959999999996	1
4.10112	1
4.233216	1
4.356096	1
4.560896	1
9.162752	2
4.626431999999999	1
4.630528	1
4.806655999999999	1
4.82304	1
4.827135999999999	1
5.007359999999999	1
5.101567999999999	1
5.203968	1
5.2736	1
5.3759999999999994	1
5.380096	1
5.6709119999999995	1
5.822464	1
5.859328	1
5.8716159999999995	1
5.920768	1
6.006784	1
6.281216	1
6.391807999999999	1
6.3999999999999995	1
7.129087999999999	1
7.415807999999999	1
7.510015999999999	1
7.8254079999999995	1
9.441279999999999	1
9.531392	1
18.194432	1
21.536768	1
25.141247999999997	1
25.731071999999998	1
26.238975999999997	1
27.40224	1
27.648	1
27.680768	1
27.713535999999998	1
29.220864	1
29.843456	1
30.089216	1
30.416895999999998	1
30.498815999999998	1
30.859264	1
31.088639999999998	1
31.367168	1
31.678463999999998	1
55.099391999999995	1
55.492608	1
57.294847999999995	1
57.458687999999995	1
60.2112	1
120.553472	2
120.619008	2
60.506111999999995	1
60.637184	1
121.33990399999999	2
60.70272	1
121.470976	2
121.602048	2
60.833791999999995	1
243.72838399999998	4
60.997631999999996	1
61.0304	1
183.28780799999998	3
122.51955199999999	2
61.358079999999994	1
61.390848	1
61.587455999999996	1
61.652992	1
64.536576	1
66.27328	1
68.124672	1
73.629696	1
