33.340118
4.87349
2.239734
2.007411
1.61664
1.493931
2.133777
1.569988
1.27851
1.509126
1.5237
1.706966
61.555283
2.108409
1.455617
2.372743
1.367328
1.560875
1.44778
1.6158
1.523666
1.49539
1.456559
1.507067
1.403203
1.507615
1.230503
1.870826
1.829182
1.840251
1.595186
1.848065
1.561673
1.332012
1.923363
1.923114
1.682372
1.904611
1.900488
1.693017
1.856123
1.744365
2.356944
2.474596
16.196142
1.681609
1.802595
1.564728
1.472571
1.375987
1.594511
1.639365
1.571532
1.482965
1.525258
1.389051
1.068552
1.163228
1.087487
1.31125
1.172814
1.431555
1.29757
1.456509
1.05191
1.425813
1.166097
1.462893
1.15834
1.433961
1.324429
1.245297
1.1864
1.522877
1.297299
1.33476
1.192124
1.202085
1.534954
1.112584
1.137383
1.173852
1.130888
1.404858
1.330997
1.169956
1.345164
2.03928
1.11459
1.606528
1.004013
1.241593
2.976459
1.431051
1.257422
1.306038
1.65378
1.154759
1.260383
1.463095
1.67763
1.608285
55.663914
1.143083
1.146167
1.454199
1.008244
1.204838
1.605222
0.977243
1.332219
1.530737
1.265096
1.312653
1.402055
1.104409
1.119392
1.319478
1.114599
1.321497
0.97587
1.4207
1.359031
1.655879
1.491656
1.475142
1.281161
2.371027
1.511272
1.125218
1.003071
1.010642
1.16257
1.007639
1.164753
1.194509
1.48517
1.059837
1.273699
1.179882
1.698199
1.333866
1.100163
1.499684
1.180008
1.344865
0.999017
1.494761
1.42002
1.33134
1.208714
0.841739
1.252455
2.95218
1.242786
0.954637
1.240969
0.956948
61.478002
1.293941
1.491821
1.538005
0.988591
1.177978
0.978488
1.297418
1.017387
1.332027
1.339086
1.111707
1.206669
1.006813
1.348895
1.338132
1.418409
1.439709
1.194266
1.224784
1.187923
1.206017
1.290445
1.2742
1.215899
0.939747
1.235499
1.060541
1.224581
1.402765
1.164288
1.25252
1.171103
1.216213
1.187365
1.267585
1.253202
1.28116
0.99354
1.24587
1.055831
1.15486
1.214372
1.64213
0.949689
1.002934
1.348303
1.16346
0.965414
1.298395
1.050545
1.083856
1.146884
1.33768
1.030406
0.954104
1.329652
30.500635
3.17024
1.241582
1.026996
1.387545
1.301158
1.339494
1.293431
1.23947
1.348491
1.072821
1.152926
1.359536
1.202526
1.138223
1.206387
1.259452
1.252252
1.323957
1.738033
1.636051
60.903618
1.231211
1.222194
1.332204
1.296857
1.346751
1.153918
1.344656
1.094252
1.390787
1.377341
0.983427
1.397105
1.623642
1.310545
1.11571
1.337972
1.07274
1.212199
1.391546
1.271107
1.266236
1.058516
1.24338
1.08218
1.094979
0.980371
1.086471
1.387222
1.374594
1.863169
1.569057
1.440836
1.348811
1.234358
1.223457
1.25711
1.111447
1.020283
1.163261
1.362354
1.294698
1.096492
1.13221
1.171347
1.190995
1.510089
1.262531
1.098215
1.075841
1.232806
0.954958
1.23711
1.382997
1.088076
1.173472
1.236194
1.162173
0.954005
1.107019
1.358842
1.087988
1.080427
1.098218
1.115657
1.172855
1.27385
1.087822
1.013658
1.133743
0.901799
1.307068
1.333927
1.159953
1.357316
1.482447
1.335179
1.125875
1.194457
1.064101
0.873976
1.290144
1.054445
1.881827
1.304734
1.106131
1.248961
1.062326
1.023745
1.044391
0.878505
1.318696
1.171424
0.983073
1.049812
1.1551
1.34156
0.939978
1.443965
1.219181
1.158324
1.261228
1.025788
1.205775
1.065572
1.201899
1.951457
1.192645
1.674705
1.259698
1.464774
1.28372
1.142179
1.252254
1.147976
1.764306
0.913314
1.155328
1.06332
1.002835
1.137363
1.030531
1.073139
1.172509
1.07352
0.932047
1.11318
1.31497
1.211332
1.027116
1.02178
1.055931
1.016683
1.030016
1.18907
0.986089
0.804992
1.272947
1.033596
1.070031
1.247259
1.31996
0.979665
0.880267
1.110487
1.029413
1.098096
1.264733
1.170781
1.181276
1.043867
0.988276
0.922585
1.13627
1.047926
1.118124
1.110344
0.959151
1.171965
1.1446
0.976513
0.993455
1.288941
1.256189
0.939788
1.20004
0.838182
1.01678
1.234033
1.133685
1.138115
0.879357
0.940391
1.201348
1.32957
1.108377
1.106007
1.016265
0.966228
1.150943
1.122785
1.034391
0.944111
1.253264
1.233767
1.247132
1.180277
1.238416
1.160681
0.981747
1.248775
0.950702
0.963702
1.190627
1.035282
1.683046
1.266695
1.065221
1.256213
1.367921
1.422926
1.305232
0.850716
1.197708
1.302748
1.134371
1.139216
1.070634
1.233923
1.049041
0.927889
1.424116
1.282054
1.071806
0.954549
1.031928
1.060584
1.207195
1.53733
1.283787
0.967303
1.158133
1.176181
0.891779
1.160859
1.213509
1.031053
1.098383
0.98143
67.910328
1.25919
1.077463
1.183086
0.825416
0.933053
1.295095
1.077823
0.980598
1.09159
1.340385
1.302512
2.141072
29.709326
0.914172
0.884946
1.026625
1.210269
1.316998
1.191138
1.04676
0.967007
1.2154
19.595249
1.307788
0.831372
0.783984
1.124639
0.957935
1.049946
0.891062
1.147609
1.263856
1.18359
1.31212
0.927725
1.151999
1.048468
0.849522
1.004549
0.96012
1.279649
1.361176
1.174209
1.283742
1.299322
1.385515
1.063317
0.886651
0.932639
1.156474
0.996857
1.427346
1.24063
0.961763
61.369937
0.994859
1.077624
1.18443
1.074806
1.317325
1.193955
0.805888
0.917955
1.227673
1.156416
0.784374
0.797079
1.210645
1.142856
0.899043
1.327028
1.130444
0.931904
0.936231
0.969525
1.262943
1.08031
0.992701
0.860225
1.221974
1.059698
0.880691
0.946065
0.866714
1.013936
1.170081
1.162247
1.278973
0.901149
0.923227
0.910219
1.122611
1.213476
1.129821
1.034026
1.152984
0.940018
0.787789
1.029648
1.110806
1.122776
1.028241
0.965149
0.985881
1.087817
0.838362
0.97864
0.971453
0.92632
0.882533
1.249123
1.093027
126.869899
1.144896
1.005301
0.777065
0.829073
1.436942
0.969546
1.088716
0.894316
19.823799
0.879404
1.000471
0.994891
0.873763
0.943578
1.19047
1.204653
1.097179
1.052885
1.013478
1.156664
1.110477
1.230047
1.250638
0.808717
1.084023
1.026703
1.140529
1.314463
1.077885
0.791942
0.893122
1.186829
0.82695
1.018424
1.150427
2.07813
1.665178
1.087362
12.288621
0.982594
0.755289
0.966179
1.279266
1.000575
1.189189
0.969752
0.895312
0.920798
0.876549
1.121473
1.095432
0.978867
1.207748
0.997806
0.927682
1.194851
1.090978
0.903334
0.894407
0.815309
1.121257
1.09498
1.000572
0.95207
0.804419
1.094939
1.013543
0.859947
1.112739
1.13117
1.131658
1.024198
1.222191
0.878783
1.090302
0.957993
1.01165
0.938536
0.985245
1.161138
1.11223
1.143396
1.108207
1.084179
0.76637
1.007892
1.341088
0.976551
0.983132
1.003523
1.18002
1.128867
1.838157
1.180984
0.974312
60.422793
8.820711
0.98686
0.981395
0.975528
1.133912
1.051792
0.997775
0.850716
0.985658
1.015584
1.168259
0.954203
1.672762
1.146638
0.828256
1.189598
0.925733
1.042673
1.2154
1.017559
0.842428
0.77611
1.29038
0.896344
1.05703
0.78601
1.196638
0.867261
1.083381
1.144067
0.867999
0.996707
1.014778
1.085785
0.96496
1.081121
1.075703
0.831732
0.956088
0.959352
1.221011
1.057771
1.101246
1.203017
1.193652
0.88996
0.869243
1.003892
1.034165
0.885213
1.149584
60.559233
0.802225
1.278976
0.813316
0.867617
3.016038
1.078816
0.816413
0.806096
1.100134
0.851399
0.880891
0.905039
0.864941
1.014752
1.133454
1.0636
1.268266
0.85294
1.118728
1.321129
1.028732
1.162315
1.315623
30.328832
0.80438
0.934852
0.971013
0.993363
0.872155
0.898463
0.780837
0.934632
1.037779
1.048655
1.172591
1.219326
1.016575
1.103057
1.099297
0.91199
0.821516
1.059667
1.117497
1.02222
1.153631
0.823153
1.189175
1.085149
0.908503
0.919732
1.011501
1.069983
1.050219
0.953713
0.880456
1.154461
31.154349
1.081967
0.938818
1.177551
0.992066
0.967968
1.095242
1.140014
0.986848
0.926985
0.916929
1.030567
1.075092
0.999836
1.074825
0.943001
0.845536
1.067414
1.104917
1.271266
1.276892
1.05764
0.896778
0.929089
0.920461
1.007046
0.975167
1.033701
0.970625
1.080806
1.337235
1.090459
3.098316
1.461084
0.953684
0.940783
0.690025
1.006786
0.695809
1.060862
1.200042
0.926079
1.13114
1.019176
1.334526
1.145529
1.098513
0.761945
1.414472
1.160085
1.298831
1.200148
0.977425
0.955618
1.190324
1.150913
0.861508
1.03834
1.245885
1.230437
1.951599
1.04314
0.699607
0.958575
1.138854
0.950354
1.097239
0.720348
1.04462
0.926016
0.657239
1.042888
1.132663
1.057391
1.022025
1.259533
1.005596
0.957335
1.111106
1.084503
1.002303
1.057101
1.191989
0.917015
1.080886
0.79317
0.823874
1.08059
1.130155
0.915643
0.773707
0.774794
1.059145
1.018722
1.781207
0.910471
0.670638
0.835854
0.808407
60.922898
1.056444
0.812701
1.089769
0.812752
1.041258
1.128502
0.706972
0.869757
0.903559
0.95219
0.724324
1.159817
0.987503
1.239277
1.066657
0.993464
0.815032
1.150985
1.108725
1.082503
1.22636
0.897298
0.701485
0.826902
1.070964
1.00026
1.140883
1.119706
1.070582
0.995459
1.152635
1.110297
1.065692
1.154424
0.663697
0.860367
0.940138
1.071637
0.860393
1.094496
1.005136
1.277587
0.822667
0.97739
1.035954
1.062281
0.963583
0.808492
0.776802
0.906033
1.228456
1.324895
1.119294
1.363402
1.501745
1.316417
1.057499
48.146419
0.955378
1.097198
1.165621
0.922733
0.932651
0.77155
1.03446
0.97982
1.090012
1.174924
0.691174
1.082359
0.703218
0.940381
0.619239
1.137492
1.249531
0.869888
1.942725
1.113857
1.001887
0.859474
1.14183
0.894065
1.230649
0.816102
1.180989
1.117725
1.135083
0.94445
1.182232
1.201359
1.082607
1.134977
0.926584
1.093611
1.345954
1.103115
0.874496
0.780091
0.735594
0.785748
1.130618
0.90267
1.133226
0.893878
1.186364
1.045293
0.833855
0.864927
1.1191
0.951356
1.134782
1.019714
1.247937
1.010473
1.173217
1.118994
1.303414
0.980245
1.19154
0.896708
0.831223
1.324502
1.335232
1.083498
0.971911
1.23658
1.193537
1.10479
1.410066
1.218091
1.390411
6.964544
0.987728
1.21258
1.120978
1.081592
0.949133
0.832421
25.573213
0.850822
1.294537
1.217138
1.329872
0.759878
0.915912
1.147967
1.174249
1.134504
1.196536
0.918234
1.077779
1.126666
0.884541
0.894631
1.237848
0.947041
1.122964
0.822744
1.034929
1.085092
1.078749
0.820612
0.844948
0.84355
0.927416
1.056889
1.071098
1.024311
1.276862
1.056986
1.03787
1.029118
1.228966
0.90512
1.152499
1.212341
1.031057
0.987609
0.800259
1.471786
1.325253
25.044269
1.013259
0.971334
1.108621
1.062591
0.988377
0.782972
1.2029
0.821122
0.971728
1.119785
1.047261
1.233116
0.874173
1.071426
1.050094
1.221965
1.026008
1.090235
1.102911
1.330839
1.185984
1.030938
0.844354
0.95487
2.049835
0.920833
0.811525
0.790669
1.057315
1.272935
1.075574
1.005624
0.995016
1.122021
0.643991
1.118621
0.674695
1.168752
1.126799
0.793207
0.860556
0.709114
1.350357
0.911803
1.05336
0.760312
1.170677
2.232058
1.119001
1.117762
1.154962
0.769726
0.793165
0.80955
1.254272
1.126668
1.083749
0.976622
1.249428
1.183449
0.841582
0.945645
1.114307
0.971182
1.305015
1.131585
1.093396
1.403796
1.057412
0.939427
1.197293
1.081319
1.149586
1.189308
1.15884
0.738707
0.964848
0.820238
1.208522
1.122195
0.868024
0.801341
3.24256
1.060207
1.174805
1.381303
1.233889
60.25356
1.161623
1.225399
27.956995
1.248983
0.78248
1.193586
0.965215
0.867176
0.784926
0.839586
0.845564
1.094529
1.275842
1.086894
1.213066
1.005938
1.1416
1.143611
1.082616
1.220783
1.259928
1.001063
1.183742
1.050251
1.054708
1.189208
0.862784
1.043736
0.882109
0.790505
0.71234
1.180804
2.558758
1.34915
1.521332
1.481902
1.070337
1.055907
1.014687
0.73822
0.99294
0.960792
1.171469
0.974399
0.998405
1.084275
0.962207
0.991583
0.883821
0.767738
0.809164
0.832965
1.280446
0.776162
1.222329
0.720582
1.039424
1.235825
0.921672
0.942942
0.719655
0.949236
0.74512
0.72352
0.899101
0.992741
0.99279
0.863044
1.072305
0.737086
1.025848
1.129732
0.836889
1.02438
1.000163
0.949554
0.900842
0.968859
1.057478
0.996524
1.33947
1.178904
1.248222
0.899928
1.08472
1.022326
1.109896
1.050772
1.248695
27.28524
0.946589
0.979844
1.157585
0.66676
0.968301
0.965829
1.159084
0.987273
1.033202
1.180886
1.109973
1.227141
1.324341
1.330505
0.781257
0.964857
1.050781
1.00523
1.140355
0.977206
1.067095
1.025023
1.17639
1.024927
1.200334
1.049875
0.77294
1.13559
1.10171
0.785602
0.847226
0.697161
6.126721
1.002169
29.368477
0.942307
0.968701
1.005268
0.951923
1.03381
1.166992
0.632968
0.683398
0.769798
1.081813
30.24811
0.807043
1.09849
0.756176
0.984049
0.915992
0.97527
1.046086
1.048773
0.806331
1.067489
0.892747
0.910409
1.07177
1.305736
1.074959
1.109794
0.812149
0.958583
0.881258
0.942303
1.082481
0.99985
1.009073
0.762719
0.995524
0.773377
1.133561
0.778776
0.961187
1.051604
1.055382
1.034364
0.926866
0.956436
0.850705
0.649395
0.923202
1.142564
1.344674
0.840779
1.135225
1.126148
1.171576
0.968068
0.975242
1.02961
1.166561
0.86694
1.005195
1.092256
0.816346
0.988922
1.128037
0.639248
1.183768
0.614303
1.168411
1.11663
1.30651
0.942912
0.701747
1.122278
0.850216
0.913952
1.245661
0.981647
1.121493
0.974783
3.158416
0.957144
0.994106
3.083747
1.34923
0.974022
0.803915
0.650249
0.858807
1.048725
0.950882
1.001369
1.115465
0.703931
1.106167
0.687081
1.144464
1.005969
0.768983
0.701415
0.890773
0.935286
1.184254
1.203058
0.660384
1.042568
1.227754
1.128015
0.815825
0.626492
0.96123
0.964824
1.056493
0.96996
0.996483
1.525875
1.084568
0.896493
0.859636
0.805985
1.035639
1.843628
1.104211
0.956449
1.059408
1.007181
1.239743
1.498289
0.857866
0.708478
1.062599
1.134198
1.003214
0.969461
0.684613
0.68342
1.04996
0.97996
25.619145
0.698807
0.996358
1.102906
0.752122
0.936558
0.714603
0.664108
1.224347
1.188069
1.172905
1.022774
1.092069
1.017181
0.989184
0.711765
0.835264
0.642418
1.270398
1.07992
1.118104
0.972162
0.804741
1.16499
0.976619
0.965548
1.281412
0.798473
1.301882
0.873431
1.138188
1.011212
1.195135
0.650945
1.086266
1.094536
0.885629
0.654701
1.104959
1.048713
0.977463
1.231455
0.996109
1.09304
1.192655
1.019261
1.070753
1.235701
0.831578
0.97147
1.038128
0.997555
0.897011
1.021798
1.245221
0.983641
1.318894
1.174653
1.345658
1.380556
1.424287
0.761134
0.968518
1.086049
0.91874
0.932819
0.759497
1.166879
0.850562
0.825609
1.175527
0.876691
0.779345
0.944087
61.019777
1.000545
2.042543
2.441089
1.096541
1.004848
0.700419
1.036053
0.997391
0.723203
1.084093
1.000042
1.017367
1.017873
0.875553
1.081279
1.18706
0.867716
1.12383
1.033188
1.013325
0.65326
0.879467
0.965766
0.777298
1.311821
1.317852
1.155023
0.995085
1.147518
1.071376
0.746893
0.810575
1.204438
0.960403
1.065625
1.171377
1.14037
1.12462
0.741458
0.683809
2.864492
9.13205
1.058964
0.957411
0.955417
0.820291
1.085248
1.048592
1.208457
2.121087
0.976439
0.955339
1.087261
1.0089
0.986202
1.051748
0.938346
0.994502
0.95812
0.81593
0.969477
0.922119
0.984264
0.782608
0.995709
1.106948
0.691768
1.089065
0.687302
1.003365
0.895633
1.059737
1.237299
1.01216
0.694888
1.193307
0.953787
1.181456
1.086779
0.735188
1.048252
0.991646
1.198474
0.765801
1.054412
1.005373
23.627396
0.846026
1.065382
0.837568
0.74803
1.018765
0.992787
0.9795
0.744643
1.033258
0.975747
0.783245
1.038954
0.970382
1.099687
1.024438
0.622486
1.142091
1.032948
1.121057
0.927306
0.988758
1.004632
0.776714
1.204334
0.937488
0.991901
1.070795
0.993099
1.091764
1.067855
0.77649
0.782401
0.965788
0.891338
1.114848
0.967583
1.101393
0.658916
1.129927
1.045536
0.590157
1.03052
1.080465
1.182626
1.058323
1.121053
1.067196
0.791235
0.968831
1.075732
1.097241
1.117726
0.999892
1.299243
1.063426
0.705774
1.053994
0.67377
0.795774
0.996825
0.825263
1.027245
0.920359
0.987223
0.676528
61.513978
0.997641
0.6936
0.921854
2.086351
1.001053
1.081258
1.004116
1.015272
1.044627
1.102248
1.134479
1.048854
1.159495
1.193168
0.937538
1.093938
1.106123
1.078048
1.00979
1.190637
0.680223
1.050615
0.804768
0.999969
1.055018
1.226232
1.131397
0.813933
1.061757
0.671615
0.915467
0.979415
0.851409
0.699373
0.956147
1.048896
0.756404
1.03494
1.01657
1.011752
1.020891
0.99078
1.100245
0.960725
1.015031
0.978546
1.047308
0.642649
1.041542
1.014188
1.111131
1.128632
1.099713
0.657776
0.887261
1.035165
1.161859
0.851
1.199816
0.943726
0.904993
0.715936
0.831467
0.926815
1.007631
1.043343
1.020181
0.948802
1.057954
1.011173
0.777555
1.100332
1.116194
1.150232
0.990102
1.115484
0.805627
0.665632
1.026865
1.000261
1.174795
0.895831
1.027105
1.135416
1.159617
1.045915
0.75308
0.971368
0.71838
1.194195
1.187787
0.638928
1.054433
0.87165
1.123981
1.230955
0.764987
1.002909
1.026598
1.008406
61.132168
0.920417
0.960031
0.976163
0.760309
0.660645
0.849911
0.95892
2.489636
1.260785
1.039108
1.017059
0.954266
0.967979
0.782748
0.758853
1.076726
0.883601
1.121292
1.232234
0.995158
1.107546
0.882959
1.103591
1.210343
1.13265
0.921832
1.148628
1.124307
1.163737
0.893358
1.072068
0.965018
1.149494
0.905164
1.071932
0.89202
1.069449
0.799944
1.185847
1.067423
1.027436
1.136318
1.088025
1.154943
0.966073
0.914437
1.014992
1.241633
1.242946
1.222009
0.995183
1.030835
0.932489
1.001593
1.006187
1.211847
1.179738
1.126469
0.635336
0.787421
0.958858
0.934593
0.956263
1.000893
1.002267
0.763654
1.201011
0.779077
1.221433
1.002486
27.78457
1.066019
1.171288
0.954627
0.837877
0.736273
0.933002
0.963152
1.139198
1.170162
0.638206
1.02998
1.16491
1.204151
0.784875
1.006224
0.875867
0.968874
1.074511
0.604939
0.734782
1.016122
1.212381
61.083471
0.984938
0.966585
1.049855
1.150861
1.038412
0.848416
0.884892
0.93821
1.109128
0.998129
1.145182
0.605295
0.817899
0.985141
0.982222
0.835439
1.007255
0.841894
1.013616
1.00046
0.962779
0.866773
1.041659
1.126482
0.648577
1.02589
0.680732
1.258421
1.052449
1.076471
0.882085
1.108281
1.028083
1.036767
0.981784
0.857814
1.085166
0.886289
1.104263
0.974464
0.628794
1.10146
1.040243
0.908108
0.961232
1.089833
1.027694
1.084123
0.924992
0.736943
0.929579
1.119093
0.765483
0.9265
0.781796
0.795779
0.8808
0.779456
0.866815
0.910178
1.006748
0.873208
0.923678
1.187221
0.975051
0.862428
0.652452
1.007171
1.002832
1.168194
0.749897
1.029747
0.875111
1.141528
0.92374
0.97958
0.716699
0.769984
1.06769
0.920369
1.122718
1.118567
1.219756
1.061742
1.132451
1.168286
1.089564
1.25286
0.598606
1.091827
1.094507
0.79348
0.651076
1.046128
1.055456
1.092655
1.225262
1.131457
0.70284
0.822459
1.071801
1.123163
1.157202
0.95252
1.032063
0.908938
1.195038
0.867634
0.914865
0.807399
1.158806
0.650191
0.945184
0.993983
1.088583
0.803813
0.600238
0.945504
0.59907
1.065791
0.914728
0.789909
0.970873
1.07969
0.756075
1.03245
1.047432
1.00899
1.074736
0.811178
1.170632
0.991918
0.621976
0.855082
0.98685
0.786415
0.626305
1.16742
1.008056
0.677006
1.218455
0.633764
1.094433
0.954344
0.982636
0.905486
0.996894
0.82559
1.002697
1.232391
0.686944
0.926534
0.994656
1.298823
1.101769
1.165357
0.684094
1.069163
0.997919
1.104218
1.012913
1.191332
1.160703
1.117701
1.79266
0.837098
1.05303
1.142001
0.950637
0.897167
0.7502
0.773809
0.946468
1.149219
1.183063
0.955544
1.111225
1.031299
1.095542
0.927585
1.326457
0.830541
0.71177
1.098995
1.019505
0.98082
1.078854
0.821605
0.951837
0.975948
1.02502
1.043971
1.117975
0.98072
1.234373
0.934418
1.17813
0.943731
0.993419
1.088991
1.001292
0.994669
1.92134
1.006508
1.020382
1.050079
1.26148
0.907676
0.823643
1.023058
1.244898
0.96631
1.119403
1.146015
1.165323
1.050708
1.039571
1.003957
0.990072
1.089057
1.300246
0.682441
0.739932
1.114936
1.322416
1.230908
1.047774
0.845718
1.057922
1.125383
1.047095
1.094997
1.077056
1.160611
0.978576
0.966856
0.722035
0.811506
0.816045
0.677801
0.772456
0.74311
1.057716
1.0483
1.076284
1.048443
0.7603
0.921748
0.655119
0.926967
1.071239
1.183536
1.198209
1.188566
1.010173
1.217591
0.751977
1.092645
0.920711
1.133785
1.234373
0.731766
1.101943
1.030121
1.049142
24.053367
1.095724
1.015491
1.411537
1.202328
1.242585
0.84942
1.110151
0.888891
1.062997
1.188312
1.27063
0.938958
0.934306
0.641287
1.03641
1.097825
0.61542
0.860467
1.017503
0.933865
0.937605
1.141323
1.034959
0.932999
0.953672
1.136427
1.007218
1.100185
1.013623
1.004136
1.027749
1.312099
1.025781
1.172271
1.089034
0.76382
0.990777
1.042678
0.63835
1.195753
0.630883
0.955782
0.995692
1.065673
1.310352
1.017383
0.641902
0.918507
0.947912
0.980188
0.989889
0.917583
0.983918
1.009267
1.159932
1.118231
0.749289
0.905932
0.893392
5.651213
0.643939
0.95158
0.947595
1.160608
1.025544
1.189506
1.151856
1.142824
1.057956
0.719106
1.138029
1.240138
0.980894
1.018572
0.829068
1.048924
0.710753
0.719739
1.000323
1.067162
1.019657
1.050402
1.145384
0.608858
1.199735
0.9067
0.90844
1.037015
1.40511
0.962732
1.065726
1.090542
0.905083
1.060369
0.93362
1.122925
0.723595
1.0933
1.080343
0.957421
0.995196
0.99563
1.041965
1.138857
0.617206
1.163648
0.949977
1.054786
0.966975
0.999078
1.070882
1.04403
0.618229
1.139155
0.63221
0.926062
1.026748
0.763767
0.766897
1.165426
0.993549
1.031464
0.998662
0.747218
1.128858
1.017605
1.046421
26.230064
1.154125
1.097933
1.027897
1.246082
1.037606
0.990691
1.16813
1.02433
1.156922
0.958572
1.055514
0.923104
0.688205
0.978721
0.619755
0.747347
0.965503
0.637277
1.183716
0.927442
0.992226
0.959974
0.996715
0.963711
0.738218
1.036183
0.808492
0.695589
0.768697
0.989009
0.854381
0.825421
0.972245
0.722939
0.678597
1.16622
0.79669
1.067216
1.212634
0.771942
0.696315
0.819043
1.07323
0.984258
1.115352
0.945693
1.111662
1.035239
0.685123
1.072897
1.09343
1.115739
1.050016
0.85031
1.015607
1.046068
1.270481
1.176504
0.969786
1.046581
1.104131
1.0312
0.675196
3.286656
0.850126
1.070439
0.658607
1.217552
1.009872
1.201646
1.072438
0.677104
0.999877
0.678656
1.171249
1.15858
1.001227
0.957019
0.940544
0.780102
0.707944
0.996019
1.045167
1.253394
0.673623
1.140434
1.011709
1.080619
1.050384
1.053049
1.037555
1.101672
1.028566
0.968118
0.599872
1.084279
1.040894
1.090033
1.245051
1.006515
0.779198
0.918786
0.961557
0.980232
0.957928
1.099742
0.829084
0.873347
0.638116
1.062589
0.702597
1.035769
1.053334
0.83015
1.097846
0.790869
0.651695
1.017551
1.00783
0.930958
1.219585
0.92132
0.612041
1.018083
0.999941
0.947207
0.946732
0.986286
0.964321
0.709948
0.889005
1.135521
0.950915
1.059369
0.989989
0.744064
0.698021
0.645971
1.041534
0.67528
1.087331
27.720177
0.959063
0.969662
1.019009
0.671567
0.907922
1.013778
0.992965
1.049447
0.895543
1.133362
1.152998
1.851682
0.785883
1.138556
1.092312
1.063608
0.908819
1.111091
1.082789
1.020504
0.622284
1.142148
1.079479
0.651045
0.949903
1.080319
0.927857
0.625824
0.971862
1.152567
0.916194
0.910273
1.088486
1.07224
1.003247
0.798047
1.091985
1.027663
1.128938
1.165432
1.193132
0.755579
1.18935
0.764166
0.942304
1.072564
0.624038
1.116544
0.947626
2.207251
1.217611
1.04754
1.010106
0.720138
0.919201
0.557622
0.823754
1.185064
0.988137
1.023545
0.605012
0.78711
0.668189
0.882161
0.836715
0.985647
1.249397
0.889962
0.954121
1.327747
1.029079
1.882554
1.201499
1.216211
0.975836
1.042924
1.046346
1.030617
0.943019
1.146528
0.958501
0.751589
0.621631
0.729352
3.095473
1.228578
0.959052
1.020912
0.955008
1.103419
0.717291
1.270887
1.209745
1.216318
0.949988
1.051327
0.716379
0.764968
0.97211
1.0217
1.104699
0.742791
1.087479
1.04356
1.055346
0.879107
1.011631
0.894739
1.136238
0.879447
1.219332
0.96666
1.25257
0.822201
1.28857
0.940367
0.820294
1.081479
0.675707
1.163416
0.965745
1.158508
0.913586
1.064498
0.916883
1.074069
0.817274
1.143576
1.237619
0.900894
1.215019
0.691885
0.981121
1.18909
0.909106
1.079718
0.597075
0.995095
1.214201
0.632251
1.146922
1.237627
1.012651
0.810195
0.649704
1.134948
1.188582
0.853107
1.059134
28.972614
0.894503
1.049673
1.071629
1.11748
0.825585
0.863149
0.944516
0.839169
0.967903
1.164011
1.067045
0.89309
1.041817
1.052348
1.211134
1.092344
0.823792
1.085547
1.358301
1.084261
0.898106
0.95544
0.932181
1.047546
0.866384
0.957896
1.082652
1.254898
1.042671
1.087042
0.972965
28.666049
1.102325
0.948228
0.855182
1.297832
1.417288
1.181794
1.038539
1.081668
0.893301
0.975381
0.887838
1.044976
1.031357
0.848781
1.283513
1.049305
0.840664
1.029674
1.1685
1.077024
0.936031
0.665371
0.832356
0.993494
1.111855
1.075005
0.683868
0.751173
1.06338
0.700204
1.029166
0.973963
25.271548
0.926927
1.102182
0.577753
1.115047
1.114192
0.648545
1.044481
0.985008
1.117337
1.235764
0.979256
1.082299
0.874708
0.902878
0.737531
3.157533
0.840217
0.83938
0.985191
0.92726
1.052555
1.115638
1.178921
1.017103
0.826506
0.694488
1.129571
0.726954
0.821831
0.876359
0.984511
0.594314
0.923762
0.89968
0.932736
1.053236
1.140636
0.991914
0.63722
1.135134
1.055943
1.032414
0.997614
0.718808
0.677207
1.07321
0.945655
1.129577
1.177791
0.718015
1.108647
1.253491
0.791703
0.991026
1.070024
0.926802
1.019215
0.769043
1.06916
0.699606
0.732455
0.791671
0.931583
0.797931
0.786358
0.980612
1.146269
1.107431
1.035952
0.853081
0.689482
0.723429
0.665614
0.776624
0.596471
1.022706
1.200074
0.655737
0.625552
0.909002
0.981004
0.959598
0.602553
1.013832
1.165536
0.974006
1.59414
0.910097
1.037053
0.861763
0.890046
0.631804
0.646952
1.041899
1.106469
0.832823
1.120821
0.924375
0.730349
0.887675
1.085809
0.592019
1.034618
1.012838
0.895969
1.033933
1.07379
0.90477
1.059326
1.03329
1.160097
0.995749
1.043622
0.73467
0.772574
0.786274
1.024679
0.729586
1.089628
0.932778
0.848233
0.894095
1.182596
1.100197
1.036423
0.811306
1.152455
0.687193
0.889064
0.991453
1.220337
0.944888
1.081485
0.976211
0.635373
0.895635
0.890045
1.035844
1.045252
1.01381
0.950867
0.946459
0.751834
0.755647
0.94321
0.994769
1.069261
0.918878
1.078677
0.597735
1.052005
1.037686
0.975639
0.70711
0.73936
0.979373
0.662076
1.032881
1.002468
1.013037
1.065902
0.699186
0.943831
1.151721
1.123429
1.031
1.090405
0.937124
0.99459
0.852642
0.946849
0.556935
1.001926
0.9313
0.910355
1.067169
0.957155
0.963432
1.127643
1.206906
1.180714
0.677143
0.857783
0.972515
1.056367
0.862305
1.093681
0.671991
1.039147
0.956505
1.001913
0.957917
1.115565
0.636333
0.663038
1.078968
0.595255
1.250897
0.677856
0.961118
0.788705
1.020317
1.062924
1.216919
1.167738
0.973585
0.983885
0.719015
1.083437
1.83713
1.140019
0.960588
0.889299
1.155775
0.967018
0.97079
0.978162
0.829756
0.899316
0.925371
0.632063
1.006351
1.177247
0.913094
1.092662
1.602571
1.056695
1.229892
0.817075
0.650912
0.849211
0.656379
0.780789
1.092077
1.021062
0.892781
0.97878
61.001496
1.056274
0.87074
0.966897
0.946979
1.12007
0.776052
1.134672
0.947914
0.969031
0.680808
0.996552
0.881913
1.092351
1.139974
1.011101
1.004949
0.936228
0.751971
1.091912
0.663035
0.915358
0.616337
0.788307
0.908359
0.868863
1.164884
0.978571
1.068213
0.984541
0.885587
0.797982
0.55931
1.101397
0.981274
0.715311
0.75596
0.608969
0.883017
1.069428
0.790903
0.710427
1.158113
24.519204
0.873968
1.156071
1.117323
0.729834
0.918104
55.80597
1.126059
1.216809
0.961317
1.147
1.100388
1.141632
0.980187
0.811851
1.149894
1.209347
1.247216
1.247708
0.765115
0.967012
0.880521
1.069432
0.990619
1.08399
0.726481
0.896151
0.917403
0.946634
1.005991
1.142375
1.1558
0.771459
0.882954
0.929184
1.088744
1.152411
1.096528
0.897208
0.640719
0.922532
1.121436
0.952483
0.952614
0.998851
0.830387
0.98928
0.628874
1.061632
1.112481
0.810185
1.053777
0.615655
1.014313
1.017899
1.032996
0.929899
0.898734
0.86893
0.953265
0.678635
1.068066
0.905812
0.590914
0.957132
0.983039
1.106048
0.864945
0.95947
1.104828
1.031184
1.029734
1.10508
0.965203
0.910599
0.92608
0.975295
0.768225
0.718354
1.011754
0.877123
32.256403
0.962421
0.83879
0.874092
1.171132
0.848017
0.804482
1.033467
1.103078
1.036075
0.94743
1.123834
0.755689
0.900376
0.921709
0.984522
0.86644
1.010204
0.968539
1.019067
1.013934
0.676568
0.97099
0.865411
1.176197
1.050486
1.001331
1.020299
0.594683
4.147959
0.918212
0.867824
0.71821
0.934006
0.615012
2.146492
0.699398
1.028382
0.998486
0.940031
1.128487
0.855326
0.900947
0.972337
0.939902
0.970558
0.987341
0.661106
1.042496
1.108397
0.560293
1.040879
0.654963
0.956548
0.936679
0.866591
1.061152
0.920138
0.932889
0.875732
0.85642
0.942451
0.69856
1.0159
0.918257
1.037691
0.90042
0.915389
1.100308
1.040123
0.950883
0.929916
1.098913
0.914143
0.680943
0.911029
0.64506
1.006232
0.990412
0.663436
0.907095
0.913292
0.987165
0.687487
0.691559
0.803823
0.943998
0.843158
1.047372
0.921623
0.778891
0.662277
0.758337
0.71667
1.079564
1.008178
0.853215
0.982555
0.880507
0.977776
0.736458
0.835361
1.926978
0.999672
0.881599
0.835655
0.849728
0.62473
1.019272
0.674699
0.931906
0.719902
0.881971
0.932535
0.969941
0.912928
0.765863
0.824504
0.989761
0.636335
1.005741
0.971404
0.862018
0.64268
0.919109
0.663493
0.611567
0.899351
0.950657
0.804395
0.918388
0.977314
1.033811
0.75476
1.04321
0.907636
0.972862
0.658515
0.927481
0.716759
0.95324
1.082805
0.941559
0.830546
0.956276
1.122077
0.731789
0.810402
0.92951
1.002642
0.831259
0.905278
0.993085
1.107879
0.834618
0.8244
1.123393
1.055611
0.816894
1.167016
0.90507
1.008035
0.943424
1.087548
0.979697
0.621982
0.799645
1.015966
0.682473
27.347695
0.761586
0.995338
0.769386
0.982368
1.068485
0.915178
0.968451
0.979982
1.027768
0.989533
0.622466
1.004663
0.609202
0.601545
0.597191
1.004552
0.964025
0.885841
0.884565
0.991854
1.1046
0.988171
0.96154
0.992246
0.914524
0.569917
0.839783
0.948063
0.996341
0.942061
1.108459
0.91533
0.992349
0.912763
0.871865
0.924411
0.792306
0.818078
1.075913
0.991731
0.979265
0.652413
0.808818
1.122185
0.647163
0.931996
0.872278
1.031006
0.919918
0.842882
0.862967
0.778191
0.850025
1.194281
0.848469
0.939959
0.943507
0.879852
0.900877
0.914412
0.755517
1.006575
0.764656
0.877505
0.554607
0.855527
0.934326
0.965663
0.999564
0.971431
0.738128
1.004685
0.918795
0.551723
0.891283
0.995732
0.86881
0.653529
1.043305
1.152422
0.854098
0.979925
0.827294
0.663562
0.944976
0.963765
0.865947
0.998978
1.13038
1.033064
0.841235
0.995143
1.005116
0.993795
23.729815
1.052549
0.922903
1.006475
0.877572
0.561706
0.671769
1.302902
0.651311
0.791981
1.221592
1.441334
0.831511
0.93911
0.820126
0.772015
1.201714
1.102134
0.760197
0.973016
1.333665
0.80671
0.970144
0.902517
0.778137
0.928952
0.906428
1.144464
0.953118
1.131863
0.844287
1.072009
0.608368
0.922696
0.913883
0.94755
0.977976
0.875539
57.197639
1.181327
1.125018
0.925065
1.06689
1.04658
1.095072
0.927186
0.886809
0.912347
1.040664
0.651831
0.853648
0.902042
0.877905
0.594516
0.957118
1.006046
0.916072
0.898105
0.93887
0.992542
0.714086
0.659139
0.853683
0.801209
0.827016
0.772497
1.148157
1.035664
0.888138
0.946656
0.881093
0.955288
0.9963
0.973197
0.880147
0.969757
0.686226
24.001875
0.891298
0.974956
0.932836
0.908971
0.884017
0.995941
0.921754
1.119527
1.060547
0.957095
1.001557
1.813014
0.790554
1.06195
1.02053
0.722751
1.021183
1.138363
1.006956
0.79328
0.95565
0.889585
0.848583
1.025621
0.998171
0.972782
1.090129
0.897296
0.696204
1.120076
2.507316
0.785795
1.101387
0.663222
1.076713
0.966571
2.927686
1.123468
0.9002
1.013176
0.9825
0.933747
0.931499
0.759017
0.8975
1.026649
0.841779
0.94072
0.978706
0.994013
1.032657
0.90872
0.76583
0.92351
1.062818
0.663161
0.929132
1.04366
1.014665
1.228188
1.058786
0.677056
0.75137
1.089405
0.921297
0.973227
1.000713
1.002869
1.032019
1.166798
0.862035
1.039425
1.028429
0.626394
1.057606
0.971583
0.842382
0.915441
1.635013
1.07942
0.827371
0.750901
0.913258
1.007607
0.961733
1.005656
0.964053
1.014267
1.11557
0.914965
0.904379
1.051237
0.901442
0.821189
0.648506
0.881489
0.963532
0.696711
0.955123
0.951803
0.9104
0.898663
1.002143
1.076753
0.700172
1.057712
1.002824
1.555547
0.629795
0.811145
0.788214
0.757407
1.015797
1.032028
0.741036
0.818563
0.984476
0.599558
1.084538
0.591341
0.903621
0.671327
1.056973
1.00134
0.923502
0.906143
0.868767
1.694687
52.752465
0.916354
1.034445
0.958482
1.011753
1.146228
1.044334
1.076675
0.934148
0.847945
0.850782
0.831578
0.895025
0.874659
1.055769
1.164665
1.029314
1.03844
0.628246
0.861591
0.962167
0.829883
0.773694
0.686335
0.965093
0.76939
0.956358
29.697125
0.872102
0.721843
0.878903
1.175864
0.812795
1.005126
0.929363
1.269019
1.007403
1.153163
0.824586
0.94797
0.94317
0.898946
0.67818
0.967811
0.891784
0.955479
0.906593
0.977421
0.748787
0.987007
0.995553
0.906825
0.973636
0.957671
1.033491
23.699305
0.799796
0.665295
0.863891
0.699435
0.680779
1.031116
0.957629
1.100615
1.067759
1.013376
0.946481
1.090099
0.820912
1.009029
0.881841
0.891413
0.895588
0.897328
0.994377
0.809441
0.79204
0.642816
0.814536
0.638422
1.062398
0.922077
1.092884
0.565293
0.998598
0.732832
0.944835
0.575223
0.708479
0.905671
0.864151
0.720314
0.781004
0.903415
0.889998
0.771725
0.935059
0.617777
0.95247
0.9627
1.118824
0.883235
0.760411
1.062316
1.107213
0.915461
0.799285
0.553933
0.920653
0.900626
1.216215
0.884989
0.907583
0.930478
0.837492
1.118249
0.933122
0.75357
0.842177
1.031997
0.851659
0.920625
1.05768
1.088198
0.896509
0.869719
0.964512
0.578226
0.929088
0.630872
0.651337
0.921333
1.054232
0.918448
1.09163
0.927234
0.820264
0.807429
0.959252
0.9224
0.958621
1.013572
1.197224
0.961217
1.089581
1.028548
0.759801
0.782616
1.121668
1.073218
0.720321
0.766417
1.026582
1.087646
0.778428
0.653064
1.050718
1.029229
1.171991
1.022059
0.84895
0.969383
0.933256
0.560806
0.839404
0.547768
1.088792
0.604846
0.772805
0.556701
1.003773
1.053981
1.025178
0.961492
0.912997
1.070829
1.02463
0.891481
0.916324
0.561369
1.300498
0.976786
0.93788
1.043851
0.795826
0.649772
0.575573
0.875183
0.838781
1.096337
0.88277
0.951144
1.15363
1.090434
0.585101
0.598102
0.849046
0.943267
0.900139
0.930624
0.925803
1.061958
1.13525
1.070126
1.150575
0.881871
0.976781
0.685831
0.998121
0.979257
1.102259
1.091135
0.663979
0.807958
0.785019
0.851749
0.799074
0.84989
0.60666
0.913017
0.57807
0.932013
1.096961
1.121284
0.769405
0.900782
0.583321
1.051612
0.850303
0.989469
0.882855
1.041055
0.880955
0.721525
1.004211
0.941186
0.912298
0.708061
0.972946
0.869707
0.991533
0.747593
1.07201
0.887336
0.942535
1.177321
0.855205
0.525257
0.926281
0.590285
1.074237
0.840245
0.937066
1.036178
1.022068
0.893162
0.563105
1.184778
0.917148
0.778261
0.823575
0.841714
0.878303
0.877972
1.044943
1.016988
0.928466
1.141728
0.686113
0.850614
0.608726
0.793472
0.594583
0.89451
0.751003
1.079889
1.072966
1.115253
0.77416
0.999397
1.011845
0.959212
0.935599
1.13584
0.81909
0.551645
0.842417
0.950047
1.085642
0.786066
0.85076
1.074678
0.893628
1.037415
1.058728
0.793768
1.030473
0.837772
0.687676
0.972374
1.024016
1.14218
0.977184
1.054331
1.125874
0.828285
0.997916
1.040441
0.780226
0.992883
0.870697
0.528525
0.781775
0.726457
1.045679
1.092182
0.86717
1.155046
0.920187
0.993589
0.993869
1.057379
1.002435
0.909468
0.933423
0.737661
1.665052
1.165948
0.873223
1.407852
0.817326
1.04715
0.936643
0.735548
0.764685
0.959909
0.516698
1.107755
0.685758
1.011859
0.758707
1.134905
1.101171
0.73813
0.99097
0.935084
0.965347
0.80387
0.943737
0.942165
0.994853
1.0364
0.976412
0.708356
0.660798
1.02775
0.737964
0.863081
0.772648
0.828786
0.965497
1.036655
0.685386
0.563092
0.657744
0.595741
0.626748
0.952239
0.964862
0.853759
0.897374
1.096925
1.002229
0.957723
0.902868
0.914178
0.615233
0.748607
0.813145
0.892526
0.761026
1.148761
0.968905
0.847322
0.694542
0.854274
0.971376
0.600904
1.038783
1.036553
0.884787
0.908751
0.711769
1.044138
0.95568
1.147551
26.881324
1.004592
0.849607
1.101053
0.908514
1.115713
0.916171
0.953108
0.988741
0.759738
1.018578
1.134708
1.235231
0.963717
0.73375
1.130343
0.962666
1.097883
0.837102
0.840134
1.125989
0.826681
0.932507
0.672503
0.888009
0.905239
0.865367
1.173522
0.857581
0.860632
0.989166
1.060194
0.747045
0.878585
0.911908
1.129623
0.729106
1.209375
0.516789
1.039884
0.674704
0.774876
0.847551
0.817611
0.959239
0.939045
0.718529
0.873049
1.033748
0.697217
0.901668
0.914609
0.948131
6.185498
1.006255
0.886894
1.058875
1.0939
0.730081
1.032663
0.813186
0.678939
0.885869
0.700375
0.833685
0.851015
1.110197
0.845455
0.831443
1.077399
1.051711
1.036781
0.526992
0.907223
0.610068
1.774245
0.851974
0.63542
0.943403
0.791984
0.880711
1.133964
0.883259
1.245769
0.87395
1.100328
0.644104
1.560315
0.931165
0.919067
0.948679
0.964851
0.898102
0.646811
0.902647
0.941296
0.778748
0.730725
0.66365
0.65301
0.892456
1.058702
0.719358
0.915994
0.89715
1.137166
0.942229
0.956082
0.880466
0.977855
0.800708
0.618226
0.903244
0.551155
0.877535
0.836557
0.822968
0.902352
0.819161
0.792664
0.986328
0.828478
0.816551
0.922828
0.915488
1.025646
0.8898
0.661566
0.916918
0.86465
1.113085
1.060103
0.607167
0.837466
0.583458
0.772419
0.766212
0.539322
0.787332
1.005745
0.84437
1.125662
1.291196
0.675455
0.600852
0.819334
0.94705
0.983765
0.833641
0.707246
0.721715
0.660849
0.625682
1.079855
0.772441
0.822511
1.021387
1.024936
0.597519
1.052026
0.897639
1.133708
0.751017
0.965942
0.900827
1.01123
0.95225
0.708998
0.899057
0.819298
0.786984
1.11664
0.878381
0.947742
0.820286
0.669302
0.718405
0.999005
0.875409
0.5893
0.91126
0.872836
0.852293
0.796097
0.792023
0.888459
0.64546
0.918978
0.880892
0.69343
0.84138
0.861068
0.923456
1.085585
0.836061
0.971616
0.938716
0.823467
0.811976
0.956905
0.871236
0.951889
0.901121
0.915042
0.98333
0.962769
0.941419
0.946958
0.803669
1.034238
0.840015
0.938033
0.671182
1.116657
0.771107
0.992519
0.834446
1.106492
0.706398
0.947793
1.117256
0.974292
0.542934
0.8641
0.60163
0.759385
1.91555
0.952446
1.039343
0.882954
1.07077
0.858066
0.963104
0.89416
0.663873
0.752967
1.051503
1.007769
0.847218
0.754818
0.906411
1.053788
0.701452
1.127001
0.566061
0.799342
0.932113
0.952018
0.92598
0.93728
0.943693
0.729856
0.822597
0.769287
0.878775
1.000944
1.06424
0.829094
0.86193
0.825282
0.939986
0.895126
1.100019
0.962813
0.732795
1.079173
1.029015
0.782055
1.076089
0.726911
0.955059
1.02591
0.806071
1.002841
0.926885
1.085847
1.0174
0.943963
0.957188
0.776582
0.845153
1.554458
0.872735
1.064279
0.749608
0.740964
0.632202
0.827693
0.950974
0.576001
1.356121
0.612553
0.91486
0.913307
0.776836
0.97314
0.84538
0.967294
1.213633
0.63139
0.546647
0.611508
0.95434
0.94994
0.894587
0.649536
0.911162
1.036049
0.882667
0.730621
1.045544
0.979431
0.889825
0.879696
0.952562
25.586033
0.994599
1.039635
0.900959
0.646256
0.753637
0.907987
0.853622
0.987856
0.848256
0.911111
0.972186
0.638344
1.011795
0.914272
0.960896
0.636223
0.856014
0.850237
0.892219
0.918693
0.773921
1.000463
0.95118
0.892408
0.649249
0.969369
0.605525
0.881983
1.127202
0.872654
0.997626
0.991022
0.67281
1.055137
0.814713
0.882564
0.886166
0.689364
0.79748
0.86001
0.883612
0.895893
0.826385
0.776289
0.771978
0.966119
0.515923
1.084714
0.813412
1.056998
0.964101
0.788313
0.483557
0.911326
0.722509
1.024565
1.04412
0.953361
0.876245
0.948022
0.92477
0.861375
0.852502
1.050135
0.616044
0.88005
0.810435
0.77385
0.969402
0.667652
0.856115
3.891108
0.79454
1.008232
27.953832
0.81212
0.803174
0.888985
1.121506
0.658116
0.807867
0.77763
0.653479
0.9185
0.929738
0.587903
0.644123
1.044302
29.244544
0.718477
0.976274
1.080108
1.031287
0.806879
0.723176
1.041737
0.910768
0.969191
0.937596
0.988695
0.572906
0.720926
0.636374
0.714999
0.79434
0.885315
0.904133
0.971936
0.821102
1.112943
0.982283
0.978902
1.123263
0.823074
0.651698
0.866777
0.90019
0.954305
0.724771
0.658797
0.716004
0.982174
0.834083
1.06567
0.777822
1.087657
0.907101
0.615716
0.893875
0.798037
1.028389
0.82794
0.765581
1.070905
0.836985
0.870278
0.793277
1.169639
0.840048
0.502406
0.795657
0.896016
0.90032
1.099864
0.804816
0.961637
0.828017
0.825491
1.019955
1.088606
0.849291
1.017508
0.818826
0.617845
0.87535
0.786858
0.641848
0.974232
0.942169
1.155308
0.882881
1.147149
0.768603
1.126678
0.862051
0.890278
0.899712
0.786503
0.748841
0.52711
0.635576
0.774791
0.933907
1.151973
0.843025
1.039236
0.849097
1.02484
0.77293
0.546722
0.859151
0.868178
1.019679
1.034199
1.703771
0.885777
0.922523
0.820477
0.861357
0.903695
0.904935
0.908733
0.829967
1.020913
1.125554
1.006345
0.77302
0.742387
0.854459
0.810112
0.917359
0.690596
0.907831
0.950394
0.964158
0.621143
0.929229
0.800172
0.753203
0.920257
1.128394
0.807649
1.043047
0.800268
0.870534
0.8599
0.714252
0.638147
0.613137
0.87265
0.744745
1.109027
1.088019
0.819495
0.929566
0.787503
0.883273
0.922916
0.822789
0.931456
0.798788
1.030764
0.643819
0.932614
0.964427
0.655734
0.871525
0.987748
0.945299
0.763848
0.931926
1.029582
0.866874
0.913556
0.722485
0.83051
0.884249
1.031828
1.036512
0.914729
0.906265
0.993987
0.817955
1.039955
22.977488
0.965792
0.608388
0.806144
0.702345
0.778546
0.669152
0.832572
0.974639
0.951475
0.697174
0.814458
0.93821
1.011561
0.980082
0.827131
0.729422
1.014052
0.967253
0.810014
0.780567
0.893859
0.816261
0.897518
0.530298
0.759888
0.839724
0.902273
1.099732
0.854395
0.835522
0.744456
0.704883
1.039077
0.645737
0.668299
0.879308
1.019025
0.867265
0.792268
0.908498
0.74932
0.900625
0.712296
0.829473
0.723664
1.006616
0.961234
0.543512
1.045289
1.112954
0.939623
0.706149
0.942864
0.79905
1.03142
1.076658
0.585231
0.801535
0.527464
0.833392
0.997634
0.838074
0.755933
1.054229
1.053952
0.946513
0.864114
1.00585
0.676189
0.671492
0.924854
0.610661
1.049533
0.594071
1.156845
0.715053
0.614418
0.737029
0.886426
0.906825
0.799872
0.60728
0.635696
0.968683
0.965613
0.806038
0.723061
0.882013
0.885971
0.952473
1.168905
0.939071
1.172179
1.022354
0.956069
0.92293
0.907001
0.809142
0.669994
0.882037
0.824409
0.831655
1.089859
0.84196
0.869033
0.736384
0.843471
1.018594
0.7258
0.890659
0.968112
0.956226
0.831019
0.889077
0.9875
1.059958
1.068473
0.832483
0.943933
0.781852
0.975254
0.940702
0.908844
0.897096
0.722199
0.871973
0.773028
0.824645
0.661935
0.943016
0.873437
0.787688
3.444996
0.718742
0.657915
0.891398
0.730126
0.771533
0.901452
0.896959
1.168576
0.948139
0.627011
0.741375
0.987993
0.738215
1.019621
0.571923
0.873142
0.969687
1.158804
0.815209
0.604746
0.84978
0.945957
0.892602
0.744299
0.690928
0.856823
0.749233
0.94772
0.6033
0.693772
0.60551
0.813709
0.630089
0.82665
0.905058
0.974957
24.720157
1.034062
0.850495
0.893423
0.838563
1.043731
0.528331
0.649173
0.961201
0.929882
1.19952
0.974807
0.898573
1.111939
0.867467
0.76551
0.94951
0.969084
1.212736
0.88676
0.576615
1.004265
0.499691
0.860361
1.000072
0.704454
1.080122
0.702899
0.522345
1.155463
0.645844
0.65216
0.903322
0.900285
0.975243
0.774744
0.826274
0.868396
1.131091
0.729588
0.813931
0.879873
1.120139
0.997755
0.63961
0.873039
0.857301
0.769807
0.944958
0.833408
0.692663
1.11236
0.605021
0.865851
0.962848
0.809961
0.810325
0.780823
0.842618
0.951232
0.749313
0.774891
0.874543
0.812362
1.06396
0.89674
0.813979
0.949469
0.878086
0.950412
0.647057
0.965216
0.844201
1.094908
0.94674
0.797094
0.691296
0.93649
0.916512
0.816579
0.581582
0.945354
1.06606
1.203289
0.938346
0.703104
1.042121
0.699229
1.045011
0.803436
0.622743
0.836044
0.826575
0.782179
0.829393
0.565463
0.880779
0.901817
0.851715
0.938743
0.90883
0.879114
0.938694
1.104551
0.864805
0.910272
1.018277
1.128023
0.820206
0.903096
0.938114
0.895304
0.741946
0.833099
1.052453
0.805535
0.905966
0.574456
0.946417
0.853515
0.805588
1.008985
0.959552
0.609099
1.071675
0.909385
0.814387
0.856962
0.529322
0.932372
0.598248
0.639031
0.901869
0.934017
0.96923
0.785849
0.79047
0.851696
0.958714
0.62074
0.90848
0.815263
0.901662
0.720219
0.872813
0.844987
0.996324
1.009638
0.853386
0.800736
1.078911
0.791774
0.837487
0.583788
0.640339
0.953948
0.594839
0.602716
0.677368
0.8765
0.887843
0.971758
1.216953
1.126706
0.661127
1.122454
0.880092
1.038321
0.91746
0.573858
1.043518
0.84767
0.695627
0.660869
0.615016
0.927798
0.590853
1.016975
0.924041
0.820566
0.696503
0.824559
0.868057
1.02532
0.64501
0.68114
0.79652
0.62028
0.931577
0.808766
0.952856
0.988562
0.723423
0.852242
0.879661
0.911166
0.771984
0.833319
0.576732
1.102841
0.929388
0.977783
1.041297
0.718696
0.867445
0.895036
0.82679
0.973684
0.946309
0.960756
0.985117
0.938876
1.354293
0.891798
0.947375
1.0261
0.870373
0.969329
0.838536
0.622026
0.778169
0.871206
0.811636
0.647731
0.846464
0.878338
0.784664
0.943041
0.84258
0.770689
1.036675
0.757815
0.718393
0.930802
0.553266
0.867466
0.864644
0.590987
0.874603
0.886831
0.614726
0.879142
0.846005
0.801299
0.861148
0.80956
0.657494
0.711226
1.107249
0.699868
0.623794
0.904246
0.934735
0.814537
1.030734
0.77887
0.600034
0.955346
23.478914
0.810093
0.90152
0.810462
0.617126
1.037598
0.545823
1.036039
1.037141
0.949366
0.782968
0.695312
0.871879
0.739706
0.890025
0.898032
1.089075
1.033825
0.966461
1.003254
0.873025
0.875577
0.970432
1.055787
0.865378
0.848865
1.205126
0.859259
0.560661
1.783075
0.694992
0.594257
0.580488
1.044228
57.50647
0.838925
0.89314
1.056561
0.84424
0.756558
0.792601
0.698359
0.710625
0.549154
1.090414
0.904525
0.737593
0.9459
0.811216
0.835995
0.566358
0.763862
0.883603
0.885711
0.698452
0.904555
0.845137
1.07225
0.746692
1.146144
0.813938
0.971456
1.047996
1.031507
0.970478
0.750546
0.832904
0.915019
0.722582
0.828554
0.982756
0.987748
0.794762
0.928292
0.835156
0.809556
0.895514
0.63709
0.916342
0.817863
0.729842
30.679079
0.977675
1.015415
0.722984
0.983106
0.81199
0.872322
1.041079
0.827598
0.882523
0.871159
0.650025
0.698127
0.606683
0.661836
0.71657
0.945456
0.960877
1.034241
0.752703
0.996745
0.978522
0.846954
0.599065
0.70551
0.629277
1.06327
0.688495
0.712885
0.644764
0.600653
0.858402
2.945146
0.759841
0.658131
0.586613
0.922209
0.912111
0.593541
0.737576
0.513405
0.749063
1.06839
0.947944
0.749595
0.670162
1.125859
0.60756
1.052603
0.948424
0.785652
0.994089
0.803697
0.607903
1.144036
0.838593
0.734528
0.93975
0.547386
0.756037
0.879495
0.698844
0.878754
1.037012
0.543658
0.914661
0.855649
0.995462
0.857624
0.860662
1.017029
0.93477
0.72581
0.928761
0.991237
0.904281
0.89153
1.451374
24.716033
0.871551
0.867923
0.884211
0.674757
0.894436
0.656921
0.728563
0.870255
0.946182
1.021737
0.783269
1.046053
0.851713
1.006498
0.82498
0.789823
0.904264
0.782281
0.836294
1.024982
0.508852
1.010635
27.222885
0.785277
1.021075
0.757273
0.658442
