26.332664
4.514478
3.155088
2.867147
2.884917
2.885669
3.054421
2.512121
2.615826
2.243953
2.496594
2.527923
32.760538
2.42251
2.478362
2.209506
2.304256
2.541281
2.238429
2.31049
2.046038
2.347915
2.00461
2.206927
2.058979
1.84607
2.284321
2.434844
2.122746
1.941105
1.863196
2.045129
1.867899
2.114324
2.001891
2.216129
2.277337
1.98438
20.155366
3.331277
1.880836
1.650416
7.760232
1.855065
1.879298
1.910831
1.857266
1.751785
1.717961
1.52442
1.932563
1.797971
1.970604
1.760566
1.657474
1.683219
1.602282
1.634968
1.804141
1.536957
1.571794
1.239537
1.923723
1.296994
1.656978
1.15787
1.606411
1.543954
1.608961
1.57976
1.459999
1.456039
1.781904
1.484206
1.411875
1.623762
1.590599
1.482038
1.539844
1.297385
1.490325
1.098844
1.452289
1.109963
1.422383
1.497644
1.584867
1.467732
1.543456
1.46494
1.296542
1.397953
1.318503
1.476498
1.675138
1.371012
1.523518
1.358405
1.21594
1.432157
1.488007
1.163552
1.736491
1.43241
1.372787
19.201992
1.670432
1.381823
1.594387
1.463687
1.459145
1.514097
2.658069
1.575986
1.527288
1.345411
1.55843
1.135584
1.432634
1.307558
1.358766
1.367901
1.172914
1.418356
1.549605
1.257114
1.573081
1.076199
1.464158
1.396997
1.740623
1.334314
1.564649
1.449893
1.616569
1.41187
1.647134
1.199013
1.360605
1.440714
3.904111
1.278308
1.536914
1.076771
1.333699
1.027264
1.445335
1.374408
1.463337
1.114698
1.376224
1.361314
21.732136
1.134059
1.474458
1.636556
1.44151
1.31258
1.442421
1.555874
1.345414
1.366057
1.322714
1.378042
1.606145
1.555512
1.428654
1.378731
1.040366
61.4957
1.366556
1.367351
1.393528
1.05989
1.192819
1.444349
1.288584
1.345664
1.409463
1.110477
1.146099
1.351835
1.383791
1.396294
1.533827
1.407555
1.367496
1.290401
61.566492
1.512069
1.323008
0.980747
1.33933
0.974686
0.973947
1.101423
1.484561
0.935583
1.240775
0.977909
1.077843
1.417633
1.367955
1.55741
1.191215
1.416089
1.412792
1.102629
1.458612
0.979633
1.382316
0.965613
1.567512
1.376818
1.12489
1.142554
1.314498
1.545575
1.305146
1.366379
1.260753
1.421575
1.417881
1.454994
1.373529
1.380561
1.132898
1.369545
1.44529
0.984992
1.379184
1.020864
1.082264
1.096421
1.713469
1.015616
1.780546
1.074044
1.377759
1.365524
1.431716
1.352458
1.142481
1.399671
1.13868
1.135431
1.360811
1.387537
1.487457
1.628428
1.272417
62.042806
1.43187
0.966295
1.516544
1.312277
1.176551
1.27019
1.555107
1.080066
1.370412
1.017591
1.366092
1.447612
1.249241
1.396046
1.453766
1.32283
1.148958
0.929327
1.191505
1.269998
1.566235
1.428774
1.412307
1.370399
1.127987
1.326069
1.306001
1.32851
1.262973
1.315813
1.455158
1.295346
1.351924
1.244171
1.359907
1.400721
1.531572
1.450519
1.461812
1.352978
1.458912
1.022648
1.304012
1.296731
1.177116
0.956583
1.407897
1.210336
1.382759
0.954935
1.374694
1.303253
1.312855
1.076245
1.325099
1.536825
1.171586
1.348276
78.537402
1.345314
1.387699
1.424428
1.278065
1.365861
1.259887
1.327263
1.132585
1.667926
1.457463
1.264234
1.370646
1.382501
1.366933
1.193343
1.361844
1.245504
1.075135
1.258029
1.197195
1.292814
1.068008
1.334916
1.468126
1.084451
1.3059
0.922627
1.481054
1.30009
1.279074
1.310305
1.339266
0.867382
1.073063
2.007803
1.072695
2.035551
1.028504
1.250098
1.075485
1.131661
1.306643
0.982642
1.094254
1.342099
1.072995
1.052863
1.358279
1.289553
1.450648
1.190657
1.200549
1.277244
1.098908
1.202542
1.449768
0.968141
1.1789
1.329655
1.584316
1.084967
1.206785
1.270056
1.378555
1.410152
0.889947
1.363825
1.216737
1.168405
1.215641
0.970965
1.154381
0.994289
1.354435
1.324942
1.259411
0.808657
1.236507
1.000464
1.124302
0.890922
1.415121
25.78146
61.596926
0.877943
1.318317
0.862025
1.049166
0.832388
1.405114
1.25807
1.420915
1.328012
1.452085
1.109227
1.035622
1.36035
1.440463
1.272336
0.980463
0.79952
1.191859
1.330321
1.312581
1.328916
1.294656
1.217805
1.231839
1.32173
1.261805
1.246308
1.029657
1.15362
1.414461
1.634028
1.021969
1.289294
1.152639
1.169542
1.209642
1.488923
1.083463
0.885826
1.393114
1.275613
1.448293
1.288062
1.426615
1.254958
1.04428
1.203458
1.090106
1.216473
1.062234
1.039814
1.473589
1.283039
1.460802
1.323115
1.22564
1.025501
1.427508
1.260326
1.356882
1.215923
1.382948
0.909295
1.422305
1.23104
1.120519
1.232307
1.453679
0.996798
2.352619
1.125645
1.35654
1.108607
1.439206
1.472968
1.427464
1.370729
1.254829
1.401434
1.308447
1.292365
1.544149
31.280599
1.269181
1.294885
1.059383
1.306028
1.463753
1.309415
1.046229
1.015662
1.410886
1.115482
1.381021
1.32927
1.4151
1.408784
1.102221
1.283882
1.334142
1.321345
1.160422
1.077527
1.331546
1.042032
1.336998
1.281172
1.31642
1.393656
1.384764
1.43698
1.192113
1.111875
1.172843
1.308043
1.324993
1.252025
1.312198
1.301189
1.040318
1.342594
1.39085
1.186696
1.482383
1.413516
1.366694
1.094043
1.454047
1.305088
1.14058
1.097869
1.467785
1.377916
1.417669
1.094544
1.155886
1.293675
1.195809
1.088862
1.002792
1.389722
1.337247
1.057422
1.380064
1.455092
1.159116
1.13229
1.42215
1.005701
61.010343
1.325615
1.309896
1.382887
1.232176
1.367437
1.332435
0.980988
1.099505
1.265082
1.474716
1.440898
1.318563
1.210725
1.414609
1.438849
1.357567
0.9812
1.375464
1.194062
1.373023
1.127579
1.086886
1.043399
1.328423
1.348384
1.327976
1.214263
1.055838
1.327477
1.300064
1.119454
1.348012
1.337864
1.567774
1.155172
1.195237
1.350446
1.416167
1.176184
1.496109
1.158417
1.478226
1.320953
1.390811
1.1757
1.291617
1.26781
1.412626
1.097507
1.233214
1.051696
1.254255
0.971377
1.394071
1.244228
1.033117
1.150069
1.329235
1.328073
1.025209
1.372593
1.485357
1.310494
1.198451
1.268956
1.134237
1.366417
1.317638
1.423549
2.035786
17.786341
1.41003
1.324306
1.065835
1.282132
1.379716
1.087092
1.280099
1.157074
1.413344
1.13891
1.224045
1.293519
1.011796
1.189312
1.013892
1.262701
1.317447
1.308322
1.452505
1.178565
1.328128
1.4262
1.232478
61.105284
1.394565
1.140706
1.142661
1.325958
1.230152
1.240857
1.076925
1.201675
1.209461
1.06876
1.218227
1.016377
1.206173
1.274047
1.147898
1.32004
1.299199
0.971862
1.068325
1.146051
1.11851
1.454164
1.466056
1.203836
1.312977
1.154476
1.356879
1.109862
0.987206
1.352234
1.295417
1.129011
1.313261
1.050958
1.056911
1.505404
1.253195
1.18262
1.132426
1.164519
1.175357
1.495421
1.154869
1.350211
1.431708
1.171291
1.262816
1.292403
1.04977
1.292447
1.108374
1.381469
1.208164
1.106629
1.18141
1.281575
1.381727
0.946702
1.304991
1.22598
1.209401
0.97531
1.141659
1.389378
1.081907
1.415562
1.414826
1.297226
1.195742
1.165017
1.025079
1.18943
1.431075
1.021365
1.015968
0.97584
1.250799
1.092504
0.974588
1.11911
1.199788
1.31509
1.145608
1.167131
1.292899
1.428329
1.209531
1.281235
1.140049
1.20059
1.29749
1.018735
0.860312
1.075262
1.27859
1.077274
1.184492
1.08277
1.243166
1.312332
1.255226
1.024476
0.922303
1.023745
1.530214
1.311331
1.533696
1.208852
1.266503
1.152779
1.308448
1.42024
1.391672
1.089919
1.086999
1.195254
1.343253
1.260826
1.31345
1.299466
1.432675
1.261549
1.309285
1.408969
1.328386
1.118636
1.095945
0.976511
1.065202
1.293884
0.958324
1.07301
1.234639
0.94899
1.006986
1.201171
0.823099
1.171738
1.173579
1.259208
1.145065
1.142206
1.158589
1.198591
1.268769
1.035242
1.248212
1.023622
0.979444
1.299719
1.381539
1.149015
1.183814
0.975057
1.198046
1.063215
1.149204
1.142965
1.204253
1.187844
1.131857
1.128696
0.844688
0.913699
1.042654
1.097713
1.213822
1.267067
1.280825
1.069051
1.320145
0.922874
1.229627
0.962382
1.095969
1.371049
1.289677
0.994013
1.116665
1.044867
1.045644
1.188983
1.185135
1.277395
1.240543
1.09482
1.168455
1.380213
1.082416
0.974869
1.180204
1.428131
1.350183
1.063164
1.232621
1.414353
1.215846
1.140128
1.269508
1.363466
1.007145
1.106849
1.32227
59.086384
1.284669
1.272255
1.358602
1.13859
1.199907
0.898861
1.166434
1.093355
1.215759
1.278618
1.170918
1.254017
1.36294
0.949107
1.38346
1.165682
1.040617
0.903032
0.953391
1.120386
1.299839
0.809817
1.288418
1.023229
1.192067
1.236682
1.032083
1.247315
1.18188
1.291457
1.172337
0.984891
0.926043
2.497674
22.319152
1.134211
1.13542
1.039727
1.42548
0.919338
1.126534
1.228185
2.006108
1.014582
0.970507
1.263478
1.149603
1.156233
1.220845
1.082626
1.020542
1.157329
1.143768
0.741761
1.237237
1.25234
0.903241
1.340265
1.153601
0.972379
1.16954
1.207587
0.812421
0.887305
1.203941
1.197196
1.081636
1.189294
1.183791
0.833568
0.795358
0.7545
1.163494
1.082535
60.661283
1.203461
1.323219
1.198
0.981165
1.159402
1.314903
1.091961
1.159117
0.967353
1.047767
0.801861
1.159022
1.313024
52.758116
1.025898
0.991539
1.121417
1.354748
1.190151
1.125949
1.223444
1.153591
1.202363
1.145668
1.122732
1.252718
1.35054
1.033817
1.290567
1.061174
1.02355
0.989507
1.353815
1.340141
1.227663
0.951373
1.180132
1.244092
1.173377
1.292534
1.150256
1.3713
1.320752
1.252616
0.835182
1.26153
1.062779
1.102011
0.757547
1.199766
1.240937
1.192339
1.299254
1.113475
1.085794
0.82578
0.79995
1.386495
1.803527
0.845881
1.127817
1.22184
1.144985
1.104245
1.256797
1.199258
0.922174
1.209068
1.07881
1.099984
1.226807
1.337772
1.231052
1.334138
1.100897
1.273212
1.089177
1.308123
0.746407
1.115615
2.065005
1.375577
1.258199
1.195293
1.309606
1.074851
1.194258
1.370785
1.158333
61.186793
1.268115
1.276091
1.205616
1.057982
1.357498
1.583428
1.164821
0.961604
1.03793
1.226222
0.91821
1.295254
1.209917
1.150861
1.133701
0.985995
1.160418
1.24462
1.094174
1.0923
1.11733
0.976858
1.068758
1.312743
1.154279
1.211013
1.34664
1.151018
1.101636
1.299532
0.961501
1.251698
0.92265
1.377123
0.935804
1.070204
1.28101
1.127488
1.213185
1.251899
1.136777
1.121029
0.781511
0.829148
1.243643
1.121012
1.001319
1.285887
1.099983
1.284019
1.283099
1.305744
1.202628
1.213303
1.099138
1.255104
1.039773
1.081694
0.826224
1.166123
1.067889
1.022962
0.998796
1.114077
1.035679
0.930124
1.206265
1.24765
1.073616
0.932917
0.982539
0.752748
0.800083
0.825748
0.930726
0.805231
0.936263
1.296452
1.180141
1.924307
1.263106
19.333209
1.173877
1.215201
1.199152
1.25304
1.325309
1.115573
1.359611
1.244773
1.141373
1.255759
1.324853
1.394259
1.002207
1.18853
0.879889
1.135722
1.101133
1.098485
1.185522
1.248867
0.983525
0.862339
1.059857
1.12086
1.141002
2.672873
1.242506
1.201759
0.892647
0.970895
0.843387
1.122095
0.90881
0.998887
1.206701
1.269859
1.097972
0.902649
0.769865
1.196096
1.036778
1.290034
1.317434
1.203442
1.046703
1.199135
1.290839
0.777033
1.193217
1.105607
1.308641
1.149304
1.223275
1.124421
1.169669
1.101287
1.063785
1.343681
0.968112
1.034595
0.967349
1.363465
0.995206
1.145975
1.255736
1.244092
1.139173
1.280062
1.212225
1.354251
1.205642
1.109023
1.118862
1.226929
1.203767
0.715515
1.211372
0.808527
1.008975
1.36755
1.134875
0.965257
1.224467
1.228269
0.769545
1.304833
65.241349
0.982144
1.16274
0.890643
1.166292
1.192032
0.937373
1.251801
1.208528
0.97217
0.993448
0.958531
1.113227
1.106848
1.174848
1.166922
0.773917
1.205143
1.184175
1.142679
1.049872
1.66842
1.20689
1.162252
1.2992
1.273151
1.072834
1.123402
1.021536
1.240316
0.749799
0.969381
1.115634
1.356145
1.260407
0.848634
1.246905
0.725483
1.313809
1.228673
1.216452
0.998915
1.075619
1.247657
0.769663
1.249797
0.723181
1.001237
1.341774
1.031634
1.210669
1.078853
1.091716
1.33718
0.938993
1.001788
1.120826
1.028384
1.024429
1.207971
1.252776
0.942792
1.042397
1.221798
0.909064
1.232109
0.998229
1.231461
1.054209
0.799854
0.896235
1.127272
0.975934
1.121741
0.904488
0.941993
1.26468
1.382655
0.923371
0.937987
1.110092
0.954208
1.162044
1.294241
0.924465
1.09197
0.812561
0.81182
0.894362
1.303425
1.009266
1.062723
1.235378
1.143461
0.989266
0.835881
1.144342
1.191682
1.129302
0.930995
1.156292
0.948524
1.281079
1.180121
0.912548
9.137759
0.837429
1.28085
1.137512
1.145543
1.237042
1.25548
1.078261
1.199598
1.003023
1.196724
1.001764
1.151784
0.981586
1.085776
1.032297
1.143489
1.042992
1.120244
0.859819
0.967947
0.837612
1.34935
1.338784
1.172491
1.037497
1.240141
0.899584
1.045676
0.794282
0.866389
0.872707
1.129233
1.024286
1.24203
1.199559
1.099599
1.136895
1.249168
0.915194
1.256479
1.087804
1.294841
1.108669
1.074333
1.318903
1.373875
1.08918
1.277123
0.71449
0.742069
0.995139
1.177829
1.210054
1.064434
1.063113
1.130897
1.267395
1.130719
0.670351
1.033377
0.81978
1.124942
0.868203
0.673338
0.771993
1.198578
1.018775
0.873238
1.142553
1.16217
0.684162
0.834772
1.324995
1.146276
1.021128
0.838268
0.866921
1.056983
1.176457
1.17291
1.116015
1.166493
1.082937
1.294081
1.11858
1.080195
1.218592
1.061472
0.878054
1.128535
1.032881
1.191075
0.94479
1.060455
0.732378
1.206523
1.060954
0.805382
1.074883
1.211152
1.004793
1.084559
1.101309
1.160475
0.849438
0.884707
1.059808
1.096304
0.972834
1.095492
1.931742
1.138756
1.046458
1.042923
1.87046
2.135875
1.271577
1.021206
1.391452
24.976835
1.179251
0.905572
1.117138
1.124689
1.08128
1.117183
1.340644
1.047915
1.010166
1.123854
1.01974
0.733673
0.90868
1.189462
1.100787
1.132949
1.170814
1.195884
0.969958
1.097575
0.927057
1.036294
1.198291
1.064464
1.211862
0.938639
0.979442
1.178255
1.106528
1.176619
1.012938
0.748941
1.038895
1.080682
1.152137
0.709414
0.86396
0.797225
1.267596
1.156675
1.297434
1.245993
1.152974
1.149105
1.159371
1.095205
0.85816
1.136895
1.056856
1.218015
1.008488
1.200273
1.002191
0.729963
1.091533
0.76198
1.11111
1.111158
1.040835
1.245539
1.000776
1.324934
1.081245
0.907685
1.176101
1.012171
1.314378
1.093993
0.994733
0.871652
1.319609
0.918856
1.250176
1.284527
1.231097
1.240747
0.96038
1.0957
1.285682
0.895134
1.121031
0.74841
1.039299
1.257475
1.060084
0.846174
1.175869
1.206908
1.975497
17.065161
1.190047
0.865461
1.083139
1.240234
1.141584
1.022738
0.86346
1.045706
0.880048
1.255338
1.416805
1.097456
0.993452
1.055961
0.755999
1.279726
1.129347
1.111069
1.031261
1.214709
1.131088
1.015324
0.930764
0.988758
1.024605
0.753263
1.191631
1.102006
1.021813
1.156518
1.273329
0.820439
1.105326
1.275097
0.945856
0.797205
1.19531
1.134107
1.062581
1.135066
1.25622
1.057906
1.122762
0.668817
1.122965
1.030658
20.267103
0.848349
1.108823
0.751338
0.992206
1.216881
0.697448
1.139534
0.805252
1.250426
0.990273
1.144382
0.997063
1.14244
1.178096
1.054523
0.753685
1.073291
1.046297
1.147184
0.998739
0.890743
0.787055
0.748499
1.089752
1.078536
1.273353
1.114059
1.175282
1.11849
1.124368
1.08247
0.781478
1.143978
1.099763
0.700535
1.098971
1.230992
1.13747
1.132902
1.113853
1.245524
0.964698
1.179722
1.211295
0.831812
0.960344
1.047824
1.058126
1.124169
0.900184
1.083991
0.705521
1.147572
1.089406
1.15094
1.234869
1.086166
0.761475
1.046736
1.174701
1.30562
0.675446
1.327314
1.192579
0.969424
0.996731
1.053945
1.065902
1.310046
1.243643
1.213871
1.079644
1.272803
0.853443
1.323121
1.266307
1.252696
1.210709
1.16765
1.012306
1.334503
1.244406
1.140799
1.043619
1.168741
0.818578
0.785947
1.022873
1.068271
1.016373
0.870672
1.069882
1.183642
0.826011
2.032925
0.973755
1.13561
1.079373
0.710642
1.118124
0.726382
1.089925
1.088021
0.875599
1.095898
1.00304
0.908632
1.772775
0.850475
1.084756
0.783378
1.152367
1.213893
0.850717
1.197419
1.093875
1.191678
0.859821
0.811772
1.088849
0.735467
0.993373
0.789669
0.914209
1.009038
1.088542
1.159188
0.827341
0.811474
1.169792
1.053676
1.129754
1.18984
0.898884
1.02168
1.23229
1.177109
1.16854
0.843661
1.047212
1.083971
1.238236
1.107496
1.106161
0.969281
1.137466
0.832921
1.171706
1.040881
1.247391
1.072247
1.243691
0.834747
1.101647
0.775993
1.029415
1.119971
1.18716
1.102333
1.020564
1.075483
1.078998
1.226397
0.738548
1.137714
1.043828
0.812629
1.085923
1.225259
1.065206
1.249172
1.092758
1.080008
1.174302
1.112143
0.866873
0.844591
0.806504
0.783641
1.055973
1.182575
1.122346
1.141577
1.073893
0.991933
1.242373
1.0041
1.001338
1.238069
1.24403
1.045218
1.199601
1.233073
1.030881
1.126733
0.990424
1.04653
0.997021
0.867629
1.240825
1.179888
1.181549
0.890644
1.168503
0.951792
1.089988
1.178313
1.195411
1.22014
1.18828
1.237163
0.861274
1.175735
1.028662
1.085851
1.144839
1.116543
1.092703
1.087817
0.965076
1.06014
1.056941
0.914123
1.183282
0.95157
1.055195
1.278132
0.905427
1.157979
0.996662
0.747903
1.064182
1.08741
0.757463
1.087078
1.260167
1.150549
1.147018
0.841593
1.049786
0.852387
1.127409
1.054624
1.029307
0.688598
1.178875
0.817951
0.762865
1.207275
1.081351
0.734092
0.924756
0.735303
1.129333
1.002742
1.200329
1.05517
1.103677
1.256298
1.105043
1.040339
0.97033
1.080691
0.936891
1.02699
1.099063
0.968449
56.779321
0.987911
0.917986
1.087262
1.099328
0.849784
0.743819
1.203261
0.821874
1.046749
0.780398
1.097314
0.991185
1.099743
0.837299
0.828786
1.092834
1.094885
1.218938
0.968034
0.891305
1.108382
0.828046
1.178893
0.725597
0.916979
1.124305
1.233417
0.953408
1.165958
1.324889
0.883904
1.100543
1.095385
11.323297
1.190823
1.092909
1.078217
1.020074
1.048661
1.096034
0.818718
1.09416
1.022814
0.771388
1.268637
2.397567
1.170025
1.08542
1.124988
1.047497
0.812349
1.091467
1.007085
1.048626
1.139956
1.064415
1.295025
0.779405
1.258937
1.03712
0.863479
1.061212
1.142012
0.881827
1.04162
1.122658
0.866708
1.141228
1.027461
1.085201
0.997425
0.708084
1.169166
1.115943
1.203599
1.112609
0.817441
0.675166
1.239278
1.130954
0.856752
0.67914
1.05882
1.062838
1.2221
1.03619
0.905398
1.260517
1.111303
0.73652
1.027671
0.764626
1.099499
1.109661
1.244774
1.002164
1.070623
0.776541
0.751652
0.818168
1.119654
0.751582
1.088773
1.02429
0.918628
0.778441
1.111137
1.008685
1.078538
0.650816
1.055663
0.797759
0.693983
0.786208
1.14816
0.827579
1.206586
0.709654
1.162267
0.854561
1.182689
1.267531
1.157043
1.14241
1.28134
0.764147
1.098149
0.831105
1.037108
1.031027
25.156169
0.853705
1.425012
1.125523
1.072005
1.174558
0.943822
0.821206
1.071078
1.01446
0.965815
0.975319
1.235849
1.0675
1.128063
1.109946
61.62594
1.017742
0.988051
1.041765
1.044299
1.151489
1.251464
1.037128
1.171214
1.120858
1.014289
1.176111
1.046744
1.028271
0.977335
1.042442
1.164145
0.927206
1.327281
0.981581
1.062519
1.164762
0.887124
1.428362
0.73555
1.148133
1.019584
1.072161
1.235885
0.72215
0.701791
1.086458
1.06881
1.017996
1.010947
1.197634
1.146565
1.010033
0.791997
0.996967
1.204819
1.048122
1.178527
1.073298
1.210619
1.307394
0.909964
0.780529
0.782679
1.080752
0.78738
1.051388
0.853748
0.889078
1.058049
1.412607
0.842738
1.016959
0.781473
1.180908
1.031299
1.087451
1.002016
1.089961
0.83207
2.355781
1.145322
1.247592
0.915498
1.12597
1.218069
1.238497
1.173157
0.922188
0.834097
1.245579
0.947221
0.956745
1.184657
1.182447
1.14924
0.995359
1.036453
1.204287
1.003035
1.207566
1.216792
0.741349
1.213177
1.209618
0.876393
0.858623
1.211678
0.750333
0.811297
0.959935
1.015615
0.984228
1.052297
1.227323
0.694064
0.811681
1.094976
0.689018
1.05992
1.090279
1.085839
1.082398
0.954673
1.030616
0.947656
0.877729
0.940041
0.932826
1.147007
0.943061
1.307003
1.064288
0.835203
0.861449
1.084281
1.177216
1.0672
1.18248
1.047714
1.168976
1.093935
1.12126
1.116856
1.000328
1.220009
1.04532
1.184349
0.823281
0.842512
1.146109
0.778953
1.192368
1.202443
1.028726
1.18049
0.767919
0.851706
0.994185
1.167329
0.973782
1.101103
0.880627
1.754898
1.019202
0.910046
1.040001
1.187828
1.184335
1.193291
1.07061
0.739798
0.895573
0.789114
1.130739
0.769246
1.064383
0.698229
1.170899
1.210536
1.19267
1.106139
1.053527
1.150337
0.918365
1.098097
0.779377
1.053945
1.049096
1.002789
1.194153
1.223855
1.188421
1.245827
0.877763
1.174054
1.080789
1.040828
0.831531
0.975186
1.097462
0.89629
1.025502
1.232019
1.192862
0.952016
0.830765
0.744189
1.233313
1.408429
0.788185
1.160923
1.094883
1.336465
30.383053
0.879349
1.198562
1.222493
0.844819
1.269448
1.098838
1.12292
1.194957
1.134216
1.137825
1.088578
0.846396
1.078345
1.102979
1.111665
1.075471
1.121714
1.093216
1.027707
1.092145
1.228577
1.190833
0.75984
0.805431
0.990001
1.134042
1.1279
0.749276
0.816968
0.993743
1.025502
1.126145
1.023158
1.088344
0.67581
1.096072
1.31291
1.026946
0.866855
0.800496
1.129537
1.062377
1.340068
1.05532
1.274863
1.13964
1.337199
0.973212
1.216624
0.830839
1.093377
1.02271
0.733115
0.942475
1.103495
1.181499
29.971023
0.983511
0.733603
0.764988
0.70039
0.857633
1.057001
1.136114
1.069867
1.08988
0.992799
1.087246
1.016482
1.228548
1.087352
0.895687
1.200417
1.038116
0.668857
1.244582
1.070589
1.145514
1.245411
0.895178
1.004287
1.235324
1.148699
1.102148
1.194541
0.945581
0.818146
0.907129
0.725168
0.983605
1.147829
0.698591
1.045998
0.971574
0.987393
1.191383
0.797366
0.701116
0.896585
1.032987
0.745214
1.191095
1.049011
0.890921
1.23984
1.011062
1.204411
0.938185
1.127815
1.079598
1.22285
1.024849
0.928277
1.258181
1.184665
1.2798
1.05135
1.231789
0.905804
1.059157
1.174431
1.194462
0.839964
0.935398
1.228901
0.872655
1.164446
1.037612
0.966177
1.01541
1.295024
1.113197
0.98554
1.292386
0.840067
0.959324
0.74422
1.266787
0.706689
0.836295
1.081201
1.284421
1.229531
1.168104
1.037665
0.874886
1.195704
1.063082
0.923607
1.206654
1.165264
1.122372
1.059504
1.186835
1.194334
1.106528
1.120118
1.090319
1.082966
1.166882
1.101534
1.00314
1.010104
0.872179
0.694851
1.017044
1.042824
1.114588
0.837164
1.079173
0.662425
1.119375
1.107588
1.003371
1.053929
0.898545
0.750731
0.998539
1.062897
0.946231
1.043186
0.760057
0.657677
1.147727
0.990854
1.002011
1.020775
0.961691
1.175402
0.998798
1.051594
1.149141
0.835268
1.03349
1.203091
1.153442
1.015758
1.009032
0.907147
0.952877
1.030044
0.91374
1.247904
1.216302
0.995815
1.177162
1.212592
1.229729
0.796475
0.718879
1.064904
0.760784
1.218118
1.050779
1.035671
0.995774
1.016234
1.116983
1.114633
1.007572
1.175016
0.972231
1.199607
1.159766
0.975388
0.79342
0.732385
1.191671
1.21073
0.742905
1.264187
1.08221
1.227601
1.144808
0.758886
1.139261
1.044553
0.647574
0.842517
0.992521
1.049299
0.782124
1.112165
1.85315
21.615475
1.027073
1.137357
1.124187
0.801692
1.131075
0.800622
0.732847
0.799673
1.079998
1.075453
1.065788
0.708687
1.100435
1.067375
1.04455
1.030576
1.061532
0.675048
1.133171
1.080384
0.886666
1.037059
0.771697
1.004648
1.092766
0.97495
0.953829
0.655948
1.250109
0.953356
1.037599
1.075285
1.116064
1.093957
0.846253
1.089673
1.036807
1.072574
1.068288
1.105472
0.987223
1.009576
0.998095
1.090778
1.15027
0.832415
52.806272
0.856054
1.060348
1.00516
1.231621
1.089188
0.676268
1.137417
0.953024
1.211742
1.11666
1.056039
1.040337
1.125517
0.95039
0.997573
0.657861
1.185295
0.752656
1.039605
1.181657
1.189083
1.115513
0.835958
1.189636
1.061686
1.084373
1.02466
0.719084
1.13041
1.190435
1.194073
1.018197
1.115178
1.12384
0.87881
0.97879
1.141028
0.893228
1.011137
1.000168
1.10203
0.858356
0.989188
0.842456
1.311251
0.97242
1.107946
1.132433
1.102403
1.077914
1.23719
0.987776
1.014081
0.758558
1.199615
1.08077
1.07254
1.286776
1.068864
1.006427
0.652824
0.747382
0.979019
0.967517
0.985107
0.926217
1.009851
1.111237
1.018672
1.355316
0.74411
0.654834
1.118275
0.995143
1.226666
0.765772
1.315667
0.858046
1.032125
0.985357
0.778804
1.216699
1.090606
1.256212
1.126538
1.150283
1.255778
0.755745
1.067826
1.007132
1.179749
1.057508
1.129213
0.681636
1.218597
1.013536
1.177739
1.146581
1.261212
0.858002
1.24524
1.177355
1.291813
1.103553
1.173821
0.923004
1.01171
1.169875
1.139256
1.113017
0.922977
1.020194
1.238884
0.970007
0.959387
0.943336
0.843922
0.982455
1.066965
1.293319
1.233206
1.016237
1.002531
0.926276
0.841998
1.094542
0.681555
0.868544
1.045527
1.014606
1.198911
1.205655
0.980961
1.006274
1.147346
1.098182
0.991213
1.152505
0.653246
1.056224
1.119772
1.215961
1.133732
1.114205
1.045249
0.988981
1.094737
1.198646
0.972944
0.87134
0.918614
1.036137
0.881797
1.044
1.073366
1.236326
1.01827
0.972576
1.030794
1.07417
1.032189
0.947126
0.849066
0.881777
0.627592
1.178814
1.013416
1.132416
1.007374
0.982845
1.063024
1.13608
0.963254
1.076373
1.237487
0.982624
1.045783
1.050987
1.132742
0.984161
1.0393
0.704469
0.682409
0.612507
0.751659
0.72062
1.168639
1.029491
0.667201
1.031759
1.211286
1.02986
1.03871
25.850399
1.059492
1.167966
0.823362
1.153978
1.033711
1.330308
0.850563
0.613649
0.907594
1.04885
1.076204
1.110115
1.194136
1.076475
0.77026
1.027876
0.742195
1.057491
0.708372
1.018347
0.965895
1.18783
0.992639
0.97849
1.061009
1.160997
1.205164
1.03272
30.470842
0.976024
0.677678
1.142418
1.205231
0.863987
1.184978
1.131649
1.105381
1.102745
0.758343
1.133278
1.067908
1.113602
1.109948
1.166796
1.179779
1.107322
1.036431
1.041042
1.038062
1.142469
0.952086
0.900035
1.117589
0.928565
1.129263
0.944989
0.997032
1.071424
1.208906
1.061328
0.714575
0.957438
0.640951
0.882941
1.028208
1.018725
1.122475
1.187085
0.734318
1.082671
1.020409
1.05941
0.743084
1.33841
0.942064
25.662543
0.840602
1.019368
0.894218
1.232135
1.125643
0.82414
0.840885
1.077162
0.956754
1.051491
0.985508
0.778506
0.91871
1.013757
1.037713
1.037556
1.212467
0.987461
1.289081
1.128517
1.142238
0.933446
0.770603
0.950658
1.202582
0.833555
1.071219
0.97301
0.984045
1.304741
0.729962
0.96699
0.652128
0.661755
0.984479
0.985608
0.829115
0.783523
1.026413
1.170041
1.224595
0.702903
1.093009
0.915158
1.001378
1.23406
1.237348
0.797645
0.833543
0.653752
0.677451
1.033778
0.742922
0.998896
0.944433
0.96692
1.140808
0.962405
0.980471
0.616478
1.057197
1.00789
0.758376
0.730672
1.119605
1.267429
1.102044
0.786261
1.03138
1.042121
0.693368
1.005543
0.90318
1.131764
25.322679
0.77987
1.071986
0.927351
0.919171
1.359146
1.159846
1.105857
0.934619
1.106989
1.049609
0.751054
1.346982
0.923737
1.049969
0.938644
1.067692
0.979153
0.998037
0.844971
0.70871
0.956407
1.121581
1.025684
1.034192
1.245275
0.707545
1.067534
1.08174
0.982076
0.835049
0.948028
1.037968
0.933229
0.952675
1.093993
1.215843
1.072221
1.172735
1.02047
0.863873
0.99911
1.091709
1.013531
0.958883
1.145101
1.037292
0.65929
0.952144
1.122587
1.138531
0.763081
0.961817
1.02507
1.021983
1.028876
1.15696
0.896617
1.004547
1.119485
1.017364
0.667752
1.261868
1.150195
0.721802
0.998697
1.174233
1.015123
1.013909
1.101156
0.949374
1.047339
1.203052
1.007154
1.027648
0.979302
0.979105
1.134373
1.018096
0.902307
0.942231
0.990498
1.361478
1.011136
1.079018
1.324161
0.813312
0.984681
0.818184
1.091366
1.253208
0.68903
1.02804
0.944322
0.998613
1.270408
1.141267
1.12872
1.074174
0.702947
0.700075
0.697033
1.147943
1.034838
1.118341
0.715444
0.980517
0.960984
1.000205
0.870824
1.017143
0.906014
0.883886
1.167633
1.275294
0.846332
0.995492
0.781125
1.074138
0.91354
0.984756
0.974286
0.715902
0.980254
1.024712
1.247962
1.112642
0.819128
1.196976
0.955962
1.166657
1.174157
1.110885
1.045416
0.812231
0.791309
1.139294
0.79819
0.95126
0.984849
0.69314
0.928583
0.748373
0.78398
28.211821
0.678733
1.041982
1.145352
1.162665
1.106507
0.71621
0.702869
1.149057
0.977476
0.90644
0.751051
0.992143
1.087834
1.077798
1.11755
0.913204
1.026024
0.903273
1.055358
0.822136
1.000846
0.907324
1.03356
1.009088
0.951975
1.186416
0.692668
1.112859
1.074041
1.074742
1.084871
0.870687
0.705007
1.010133
0.769191
1.186775
0.995915
1.025054
0.687838
1.177479
0.987336
1.175909
1.094317
1.160835
0.74362
1.034217
0.998104
0.98314
0.673091
1.284072
1.083023
1.139789
1.071249
1.177224
1.033732
1.054256
1.025018
1.087035
1.061948
1.04118
0.788254
1.062851
0.896821
1.07474
0.643132
1.183044
1.010758
0.954374
1.0359
1.386192
0.952341
0.668619
0.75548
0.720263
0.720385
1.090782
0.972526
1.083492
0.920151
1.090034
0.856141
0.763076
1.133324
0.663311
1.09075
1.056376
0.661809
0.817412
0.900659
1.07407
0.961292
0.925668
0.859754
0.88739
0.924721
0.815576
0.721146
0.692752
0.957455
0.97547
1.032376
0.643751
1.070567
0.694897
1.036392
1.147189
0.946073
0.939753
0.920093
0.667
1.081887
0.973827
0.917955
0.734586
0.935044
0.991263
1.209883
27.933927
0.696462
1.062859
0.914355
1.037808
0.955073
1.112794
0.895911
0.959024
0.885428
1.093011
0.69543
0.776829
1.202652
1.076196
1.05505
0.868842
1.08152
0.95851
0.923473
1.129594
0.938173
1.064931
1.009303
1.170281
1.163187
0.677817
1.073563
0.978987
0.786707
1.135067
1.219498
0.693615
0.998582
0.660785
1.054028
0.780449
0.98298
1.064618
1.216879
1.087465
1.022737
0.652239
0.987325
0.964897
0.967781
1.057275
1.120461
1.008174
0.976639
1.093466
1.154687
1.163087
0.971708
0.804558
1.084066
1.065484
0.982928
1.063925
0.663402
0.914331
0.92752
0.891493
0.96329
0.969016
1.005549
1.022982
0.971786
1.09305
0.717641
1.069068
1.035921
1.184693
1.116659
0.717346
1.167487
1.007824
0.762637
1.171527
0.894102
1.057598
0.975612
0.960653
1.103668
0.950208
0.977223
0.988481
0.857382
0.683672
0.639566
0.717478
1.001359
1.070428
0.942539
0.749354
0.97811
0.713974
0.916669
1.141032
0.884723
0.730756
0.947078
0.671328
1.072057
1.126344
0.631976
0.645442
0.705891
1.126975
0.880863
1.072311
0.832053
1.166758
1.126938
0.937832
0.778767
1.079706
0.966332
1.18785
1.018532
1.165895
1.654796
0.783737
1.004572
0.762685
1.066037
0.994035
0.72243
1.112249
1.043808
1.081313
1.162142
1.197224
1.058353
0.836923
0.965795
0.90591
0.95461
1.172075
0.719555
0.769067
1.020489
1.039463
1.014231
1.17012
0.893501
0.820999
0.789214
1.126405
0.656721
0.825408
0.958149
1.506495
0.864056
1.000891
0.957836
0.675792
0.676092
0.981891
1.059922
0.620508
1.074779
1.252084
0.991001
1.046376
0.672708
0.918609
1.078329
0.945084
1.064876
1.144633
1.396446
0.974802
1.027455
0.769968
0.718406
1.113867
0.964288
1.017099
0.815435
1.083311
1.124425
0.999778
1.098612
1.118382
0.668183
1.023549
1.042954
1.134125
0.670791
0.977141
1.08117
0.965795
1.661719
0.964197
0.924533
0.928336
0.862804
1.026051
1.816669
1.26992
0.928576
0.873027
1.032522
0.895105
0.956907
0.940328
1.05002
0.998459
1.112911
1.063007
1.000428
0.670189
0.701939
0.974574
1.185075
0.68774
0.800629
1.23878
0.831859
1.046612
1.022477
1.03713
1.037333
0.984647
0.695367
1.014221
1.240013
0.920473
0.846688
1.099576
0.943903
1.19062
1.08168
0.975746
1.142742
0.91657
0.743878
0.991074
0.850688
0.917275
0.893367
1.127565
1.069593
1.093375
0.988935
1.084427
1.154348
1.175052
0.81906
1.000147
0.969325
1.198954
0.740257
0.667459
1.107372
0.988564
1.068759
0.750854
1.073116
0.998664
25.02884
1.1493
1.258225
1.202998
0.952889
1.159058
0.79235
1.056773
1.060065
0.898605
1.065651
0.73
1.211921
1.17735
0.737587
0.937536
0.943092
0.73305
1.06673
1.191101
0.656749
0.906253
1.054784
0.713245
1.452642
0.684228
1.03285
1.265119
0.810173
1.104846
0.874905
1.122261
0.825742
0.983146
1.436631
1.096917
1.635368
0.981955
1.050784
1.040237
1.026822
1.085794
0.677689
0.979739
0.744384
1.160224
1.325981
1.040441
0.756232
0.679307
0.837161
0.957574
0.976176
1.254469
0.699645
1.021456
0.685358
22.827546
1.314982
0.9747
0.978057
1.114108
1.078263
0.746144
0.865674
0.734425
0.989668
1.07551
1.074299
1.09343
0.980919
0.980666
1.025269
1.048914
0.972835
1.286008
1.00522
0.961562
1.028758
1.023158
0.983188
1.048643
0.805166
1.12992
0.99245
0.942589
1.938334
1.20619
0.770505
1.424421
0.978271
1.28208
1.043926
0.990594
0.947633
1.188977
0.929181
0.754094
1.019758
1.96899
0.970921
1.167333
0.980909
1.018481
0.981701
1.074396
1.8849
1.137805
0.759066
0.994954
0.961415
1.092067
1.029424
0.791749
0.777211
0.952978
0.726285
1.095674
0.614972
1.004603
1.070386
1.101981
52.430524
0.798828
1.117095
0.988779
0.770569
0.764258
0.958603
1.174819
0.962332
1.173482
0.970434
0.973335
0.926657
1.115855
1.015675
1.16133
1.191106
1.155982
1.214797
0.842181
1.168599
0.874639
0.93742
1.179756
1.003223
1.038143
0.711215
1.177551
0.960599
0.889335
0.613007
1.119094
1.047272
1.021888
1.000956
0.737513
0.838504
1.017413
0.635021
0.609479
0.975092
1.338549
0.931211
0.967334
0.975875
0.87172
0.634944
1.040858
0.987422
0.895199
0.944291
0.833071
1.210109
1.005663
0.929537
0.886087
1.001575
1.171895
0.958568
1.02978
0.844136
0.992687
1.055355
0.879836
0.912635
0.856275
1.019437
0.765157
0.975811
1.029959
0.925829
1.240297
1.01691
1.039304
0.727872
0.614321
0.917404
0.958844
0.894836
0.653956
1.043634
0.997229
1.068847
1.044862
1.001721
1.096604
0.700877
1.082857
1.01559
0.850916
0.886324
0.708316
1.205801
1.119627
1.048746
1.051107
1.227817
1.056985
1.133632
0.905428
1.10274
0.697718
1.048514
0.651642
0.632111
1.200778
0.870391
1.197381
1.079994
1.055526
0.996633
0.867443
1.148455
0.754362
0.928552
1.009042
1.078615
0.781273
0.937168
1.066357
1.198545
1.118582
0.851406
1.149611
1.083044
1.01032
0.729021
1.072033
0.645251
0.665134
1.163728
1.177177
1.093796
0.836044
0.658159
1.128317
1.227745
1.020794
0.998834
0.756195
1.059295
1.345764
1.131379
0.72268
1.043149
1.307677
1.420596
1.109309
1.191076
1.028812
1.020499
1.043683
1.064307
1.200849
0.961223
1.122259
0.757159
0.982915
1.463467
1.288476
1.178578
0.702084
0.863871
0.893043
0.964932
1.005247
1.021271
0.975243
1.006108
1.133701
0.905475
1.12462
1.310135
1.077781
1.109633
1.04993
1.186391
1.162664
0.976458
0.98535
0.802109
1.158069
1.235519
0.961534
0.936932
1.099441
1.110823
0.993554
0.705167
0.81222
0.976007
1.01548
1.084108
1.052713
1.018066
1.017809
0.629396
1.14943
0.737934
1.114746
0.909204
1.005623
1.018645
1.230251
0.721059
0.976877
0.682822
1.018946
1.063961
0.917536
0.929994
1.002882
0.87904
0.940273
0.993201
0.739422
1.037167
0.964325
1.059221
0.626289
1.077739
0.988573
1.054799
0.729697
0.62552
1.004264
0.925873
1.055377
1.074662
1.156068
1.044052
0.607091
0.844506
1.180886
0.928299
0.719743
1.081536
0.668245
0.967583
0.95033
0.601697
1.120738
0.710595
0.768571
1.004257
1.078939
1.104499
0.682429
0.971065
0.791126
0.791161
0.94146
1.215674
0.678344
1.01638
1.002908
1.228544
1.061516
1.035492
1.045572
0.735768
0.936972
0.701674
25.492888
0.799236
1.117923
0.694135
1.064294
0.988073
1.218342
0.96557
1.018665
0.935556
1.194724
1.027261
0.733706
0.788621
0.917669
1.002793
0.992383
1.186747
1.105922
0.861721
1.21115
0.999295
0.677737
0.943245
0.853696
0.70931
1.095827
1.091427
0.980667
0.714166
1.305185
0.943115
1.109785
1.420457
1.092469
1.026373
1.16769
0.990564
1.293322
0.747281
1.214591
0.739123
1.124894
1.31672
1.061637
0.913207
0.995268
1.018303
1.158542
0.829589
1.201242
0.855885
0.743032
0.938156
0.688954
1.058955
0.765249
1.122073
0.873271
0.860298
1.068588
0.662705
0.93778
1.188755
0.98662
0.901048
0.733026
0.848592
1.106242
1.148296
0.966248
0.734869
17.263349
0.968096
1.010483
0.815447
1.18271
1.527675
0.763135
0.627659
1.099461
0.670217
1.229419
0.905912
1.098859
0.892098
0.910512
0.917584
0.975523
0.946822
0.950626
0.870626
1.213845
0.986187
1.037931
1.020834
1.298847
0.662739
1.082341
0.97277
1.142858
1.045119
0.962276
0.806691
0.946779
0.638563
1.222216
1.005073
1.226898
1.02344
0.715043
1.169605
1.065982
0.981382
1.0773
1.121688
1.226251
1.133261
0.762479
0.940104
1.065567
1.067141
0.817082
1.004522
1.132937
1.121365
1.306352
0.998924
1.067671
0.939882
0.745882
0.847238
0.91628
0.71585
0.817303
0.848752
1.136179
0.97122
0.694976
0.993733
0.782857
1.006352
1.062396
1.058217
1.211849
0.821104
1.276129
0.649196
0.947266
0.813154
0.659208
0.843164
0.973517
0.847761
0.906495
0.629779
0.89791
0.773352
0.953864
0.920761
0.991894
0.973715
1.829204
1.089062
0.930706
0.928443
1.09733
1.087376
1.026463
0.979144
1.914234
1.029822
0.920068
1.01826
0.867591
0.950221
1.205966
0.65121
0.734552
0.986577
1.073234
0.975456
1.038369
0.96642
0.752324
0.939349
0.935948
0.939345
0.648982
0.695914
1.11089
0.697124
1.226231
25.731035
0.818881
1.134522
1.036315
1.172908
1.182633
0.697989
1.224759
1.139537
1.003792
1.170019
1.090769
0.75685
1.060477
0.999962
0.792739
1.002505
1.000667
1.010533
0.806581
0.957105
0.744765
0.925067
0.924613
1.079951
1.022225
0.842819
1.096436
0.89586
1.054665
1.072243
0.66595
0.907184
0.704701
0.681386
0.853911
1.00876
1.054201
1.05806
1.010706
0.66479
1.015876
0.717625
0.939615
1.146911
0.710008
0.788861
1.034776
0.850613
0.928482
0.988837
1.040407
0.911487
1.074113
0.984822
0.745063
0.963706
0.941581
0.863359
0.965758
0.94196
1.006046
0.917489
0.925464
1.011842
0.991175
1.014959
0.685553
1.311172
0.938547
0.872555
1.037218
1.118968
0.987441
28.378321
1.045952
0.954785
0.91373
0.931601
1.201732
0.906563
0.918105
0.780105
0.947917
0.860069
1.139632
0.95728
1.092057
0.812384
1.017662
1.023778
0.909683
0.888487
1.095608
0.844589
1.043896
0.634743
1.001613
0.878935
1.007201
0.951483
0.932489
0.864681
1.291342
1.010344
1.255849
0.649653
0.852339
1.058361
1.100543
0.865573
1.178775
0.881975
1.132915
1.166898
1.081854
1.004656
0.672228
0.986889
0.679422
0.955738
0.951811
1.082238
0.987915
0.779275
0.970522
1.088474
0.987831
0.642814
0.631071
0.715015
1.138163
0.773551
1.291508
1.37209
0.716625
0.894488
1.218132
0.926309
1.091251
1.020401
1.00389
1.020054
0.962739
0.654646
1.057654
0.673676
1.074807
0.810107
1.136814
1.103485
0.701826
1.109945
0.707036
0.66877
1.04714
0.852216
0.733901
0.924155
1.159284
17.764043
1.075636
60.996032
1.171318
0.775869
1.043082
1.022288
1.0793
0.92195
0.789603
0.827635
0.851963
0.933399
0.992903
0.966768
1.108958
1.114583
0.987396
1.13422
1.068585
1.066171
1.168454
1.011017
1.053643
0.943525
1.08525
1.404925
0.828922
0.984208
1.024351
1.17079
1.112134
1.087841
0.952086
0.977932
0.621334
1.006156
0.985407
1.21121
0.653923
1.021338
1.082353
1.113363
0.803068
1.1065
0.933799
1.236617
0.891841
0.732782
0.978409
1.17829
1.164959
0.915472
1.129993
0.981887
1.18567
1.16318
1.075799
0.601821
1.185257
1.132074
1.001018
0.895255
0.881859
1.02598
0.990623
0.978148
0.931787
0.57988
1.055713
0.580665
1.182306
0.898308
0.941185
0.976642
0.834375
0.925883
1.065521
0.911109
0.85012
1.10437
0.851034
1.038782
0.779106
0.930788
1.011307
0.695154
0.762711
0.638114
0.631162
1.048248
0.756007
0.913429
1.129959
0.954367
0.977145
0.937232
0.667771
0.813393
1.018489
1.104504
0.965425
0.840161
0.765737
0.910957
0.97719
1.027578
1.051854
1.094838
1.069492
0.74362
0.881412
0.617897
1.076458
0.602014
0.975918
0.706205
1.187879
0.979306
0.689427
0.87256
0.899376
0.854781
1.006031
1.050423
1.004162
0.908164
0.927936
0.958298
0.656301
1.175966
1.108576
0.895908
0.967612
0.710254
0.988532
0.982294
0.921578
1.10168
1.052119
0.697998
0.862177
1.117349
0.847034
0.872984
1.17479
0.828536
1.049334
0.882776
0.836447
0.996496
1.022911
0.945956
0.986745
0.842906
0.858851
1.102746
0.613149
0.694647
1.144173
0.977157
1.239935
0.793157
1.03312
0.992347
0.768788
0.994381
1.0055
0.915478
1.123307
1.078251
0.962893
0.713775
0.759633
0.970793
0.990146
0.859363
0.843116
0.958764
0.970697
0.834033
0.921009
1.067374
0.980033
23.875031
1.084345
0.762914
1.155689
0.806008
0.86428
0.989005
0.98517
1.046221
0.781284
0.737082
1.091456
0.92137
1.055227
0.823052
1.20321
1.018856
1.273321
0.945996
0.966868
1.049405
1.163439
0.98605
0.703088
0.895696
25.704136
0.81984
1.205297
0.965598
1.070108
0.841196
0.966115
1.205287
1.142558
1.030764
0.660413
0.870342
1.045129
0.980966
1.178576
0.969612
0.713625
0.907221
0.937335
0.873617
1.072178
0.868154
1.174196
0.844822
1.088122
1.146319
0.659844
0.875071
1.03804
1.04381
0.947398
0.923739
1.010864
1.082591
2.373257
0.796655
1.039817
0.983175
1.072035
1.085691
1.069268
0.964352
1.093578
1.067068
1.154304
0.939088
0.984297
0.918565
1.087308
0.988014
0.991045
0.900014
1.021438
0.934156
0.82447
0.78254
0.99212
0.614703
1.131102
0.687277
0.988206
0.990363
1.109037
1.063232
1.180217
0.874324
0.884949
1.145027
1.031663
0.85108
1.054965
0.819447
0.716894
1.141822
0.766223
0.99932
0.967917
0.860389
0.706297
0.98533
0.943015
1.07305
0.826488
0.94401
1.128102
0.931455
1.250069
1.120549
0.946472
1.047294
0.903763
0.963912
1.132353
0.722298
0.890109
1.070964
1.224081
1.207352
1.114498
0.990759
1.009765
0.90271
0.951455
0.880263
0.942619
0.883437
0.960135
0.928397
0.609265
0.859117
0.996751
0.912542
1.092511
0.758276
0.758172
1.189192
1.241854
0.872006
0.823066
0.995687
1.042035
0.87995
0.972701
0.641414
1.051923
0.823751
1.212731
1.059577
0.952471
0.713438
0.973607
0.72305
0.999424
1.133771
1.05146
0.907566
1.073047
0.71008
0.64477
0.910172
0.958202
0.878661
0.955721
1.023407
0.656459
0.745524
1.006825
1.096087
0.924656
0.89766
0.974164
0.949961
0.791759
0.932561
1.235615
1.025204
0.760528
1.028873
1.070031
0.831152
0.933073
0.951248
1.022112
0.979019
1.277136
0.969507
1.174443
0.983229
0.979526
0.926629
0.725988
1.074046
0.690237
0.679705
1.251258
0.672081
1.156582
1.091133
0.970432
1.206061
1.118352
0.981247
1.072342
1.089794
1.104434
0.692564
0.652771
0.91212
1.041305
0.929237
0.826447
1.114319
0.991021
1.12063
1.103693
0.612634
1.179061
0.804837
0.932755
0.875308
0.906242
1.040487
1.138778
0.890728
1.147316
0.907107
0.790031
0.677715
1.068839
1.086357
1.18561
0.668173
0.744397
0.961003
1.039235
0.90427
1.075381
1.121055
0.686476
29.544732
0.937021
0.944543
1.046208
0.867862
1.112569
1.065132
0.857777
0.92595
0.706267
0.999341
0.66006
1.070261
1.03245
0.952484
0.972896
1.04026
1.074751
0.950072
0.935251
1.195226
0.913957
0.715193
1.039259
0.680613
0.728647
0.609905
0.952933
0.818204
0.695571
0.959419
0.814296
0.96677
1.043379
0.974073
0.671224
0.898248
0.733589
1.05276
28.424938
0.911161
1.212277
1.011042
0.971374
1.203339
1.230976
1.197853
1.092097
1.13789
1.008376
0.902114
0.851042
0.955556
0.807665
0.627749
1.074403
0.820841
0.728029
0.749998
0.948852
0.887053
0.941815
1.044673
1.060023
0.951631
0.943434
0.966232
0.975579
0.675269
0.918
0.881691
0.9769
1.039473
0.944296
0.886393
1.05306
1.300824
1.116261
1.02476
1.010494
0.905583
1.046426
0.964178
0.982522
0.94468
0.824584
0.956753
0.984059
1.183061
0.933687
0.836552
0.723858
0.94607
0.975511
1.071154
0.796182
0.882887
0.926667
0.916719
1.061106
0.615962
0.742507
0.652917
1.00443
1.024183
0.967563
1.094409
1.064716
1.043998
0.963351
1.13315
0.729519
1.037743
0.941689
1.161536
1.072755
0.855538
0.9921
1.178899
0.87906
1.03132
1.187447
0.891077
0.76435
0.953577
1.026594
1.069128
0.86461
0.801033
1.01553
0.973388
0.844096
1.148105
1.157659
0.683197
0.66675
0.985151
0.990902
0.886013
1.152704
0.960666
1.098639
0.82357
0.784801
1.092558
1.034836
1.222707
0.974793
0.991251
0.763984
1.097687
1.218321
0.778609
0.578494
0.913478
0.988777
0.881057
1.197388
1.019467
1.158876
0.934958
1.2995
0.931659
0.647973
0.905902
0.643452
0.965788
0.9921
0.917516
0.947821
1.27032
0.686421
0.970412
0.962412
0.889839
0.857442
1.162336
0.675378
0.791057
1.014848
0.982599
1.18358
0.817374
1.076778
0.613057
0.941394
0.977742
0.658021
0.839614
0.899624
0.848498
0.879723
0.873352
0.819232
0.965396
0.772349
0.965393
1.057529
0.916737
0.765261
0.866648
1.018609
0.663767
1.076291
0.935124
1.075137
0.91196
1.011584
1.025015
0.871787
1.190636
0.967225
1.198952
1.143857
1.120235
0.98478
0.959868
0.884019
0.704812
0.762144
0.969098
1.003071
0.76489
0.6831
1.004201
0.662638
1.099413
0.629489
0.798896
1.058947
0.857415
1.020003
1.000154
0.938962
1.138385
0.955331
0.835171
0.708184
1.029353
0.898564
0.681198
0.93421
0.583607
1.153415
0.914067
0.709895
0.882905
0.683042
0.680313
1.031058
1.086069
1.043123
1.042278
0.932337
1.015746
0.745028
0.745628
1.060804
0.678844
0.986741
0.621931
1.004322
0.984661
1.083223
27.37735
0.974868
0.932777
0.900197
0.873317
1.165565
0.96419
1.003869
0.65625
1.062456
1.090911
0.93099
1.052401
1.149763
0.994734
0.937878
0.912706
0.822717
0.876535
0.704007
0.984036
0.988057
0.695714
0.933568
1.082308
1.03788
0.988551
0.867489
0.618092
0.95892
0.950623
1.040735
0.943283
1.038356
0.730892
0.642407
0.848317
0.684754
1.011501
0.752974
1.126283
0.978683
1.014208
0.654136
0.787547
0.925606
1.045663
0.962897
1.116344
0.691923
0.995088
1.02291
0.921033
1.092024
1.000633
1.173594
0.955406
1.164361
1.072375
0.985048
0.917826
0.834846
1.096995
1.166141
1.036582
1.237529
0.741034
0.748141
1.164219
1.203249
0.905296
1.15399
0.925338
0.992439
0.826707
1.173268
1.082341
1.01871
0.996789
1.08703
1.076482
0.918589
0.952536
0.927822
1.186223
0.979534
0.638716
0.814174
0.837853
0.955256
1.072267
0.983644
0.811033
1.001469
1.029796
1.126691
1.025102
0.874952
0.913432
0.982579
0.908775
1.023081
0.984069
1.019343
0.782214
0.791718
1.097842
0.874881
0.977702
0.998917
1.1406
0.90593
0.991829
1.128703
1.17403
0.893741
0.729576
1.089664
0.949407
1.029997
1.009151
1.049661
0.745354
0.692576
0.734065
0.997811
0.979398
0.981231
1.16154
1.027064
0.630212
1.038816
0.885155
0.673866
0.951787
0.579219
0.74419
1.065676
0.909626
1.195193
1.01077
0.665115
0.744723
0.587269
1.289439
0.93788
1.178667
0.92353
1.067096
0.970489
1.177931
1.185787
0.813984
0.93164
0.805755
0.958221
0.881403
1.046733
1.044194
0.872959
1.06209
1.142636
1.0862
1.016144
0.985404
0.957816
0.810828
1.019543
0.917286
0.96612
0.96601
1.225199
0.642056
0.692574
1.013273
1.072959
0.860377
1.124522
1.000471
0.965207
0.924629
1.227699
0.938186
0.696725
1.762005
1.215818
1.095362
1.169578
0.90714
1.007693
0.951949
1.001317
0.954706
1.140145
0.887362
1.069431
1.067037
0.996791
0.990002
1.002198
0.903394
0.68053
27.547687
0.83823
1.048004
0.988941
1.156992
0.961851
0.997237
1.191418
0.796336
0.681276
0.753305
0.877973
1.173877
0.902457
0.965731
1.150372
1.118788
0.763033
1.847591
25.673897
0.766397
0.984456
0.975797
1.204093
1.149295
0.942567
0.887508
1.840419
0.944
1.127055
0.884257
0.963371
0.761843
0.720063
1.074024
1.295268
1.21216
0.959684
0.554012
1.119323
1.067684
0.951542
0.910251
0.763973
1.105452
0.694596
1.020199
0.961806
1.09046
1.129238
1.018512
0.830982
1.053455
0.735359
0.890901
1.049276
