0.870467
0.692721
0.893899
1.050542
1.210638
0.84414
0.874024
0.956215
0.935564
0.782406
0.644723
0.934822
0.815192
0.608629
0.796636
0.59131
0.907303
1.02306
0.946208
0.879794
0.7939
0.822465
0.84811
0.888312
1.068755
0.85415
3.063433
0.743839
0.821585
0.951632
0.877867
0.808736
0.987079
0.890704
0.833706
0.937528
0.928572
0.704
1.017861
0.792991
0.852854
0.728688
0.942312
0.942123
1.098884
0.500764
0.875189
0.922097
0.564787
1.08265
0.94718
0.77598
1.011649
0.990293
0.73
0.758614
1.012109
0.841692
0.501407
0.628426
0.722609
0.971083
0.81776
4.604808
0.948381
0.875743
0.815384
0.975615
30.279765
0.683719
0.752366
0.820754
0.877956
0.923448
0.690393
0.898336
0.929136
0.880264
0.800599
0.720856
1.007837
0.845046
0.592662
0.661164
0.836788
0.902593
0.634112
0.610089
0.640937
0.804826
0.913341
0.796742
0.568751
0.871512
0.636462
0.672167
1.025044
0.876655
0.509882
0.650446
0.907518
0.993352
1.043741
1.979352
0.838499
0.771739
0.926119
0.780202
0.914968
0.996605
0.671633
0.908223
0.813254
26.764596
1.139962
0.792019
2.092214
0.772332
0.857459
0.542911
1.010733
0.554272
0.788992
0.82902
0.911412
0.986577
0.532377
0.854472
0.818343
0.894722
0.541674
0.926563
0.934022
0.886746
1.041873
0.865908
0.765156
0.993899
0.828933
0.891337
0.849257
0.747864
0.861434
29.818407
0.537941
0.873869
0.826188
0.842092
1.006448
0.823814
0.805415
0.917605
0.870187
0.975317
0.654829
0.652423
0.941379
0.894552
0.952223
1.052381
0.939022
0.603178
0.716155
0.724085
1.078528
0.940366
0.597448
0.560847
0.888755
0.825749
0.779661
0.648678
0.856199
0.622924
0.886727
0.67588
0.726583
0.886455
0.566205
0.860666
0.937628
0.628747
0.995763
0.60874
1.035055
0.528509
0.726326
0.982576
0.643585
0.587979
0.683834
0.81989
0.506683
0.797984
0.598498
0.934625
0.847024
0.869665
0.87559
0.99613
0.899596
0.744332
0.863886
0.838942
0.956739
0.9442
0.810705
0.628755
0.99889
0.837217
0.542254
0.883624
1.821121
0.842657
0.802825
0.602893
0.811317
0.804862
0.826769
0.935883
0.947467
0.993477
0.665795
0.899945
0.85547
0.924484
0.716812
0.943782
0.927716
0.810664
0.791898
0.857027
28.967218
1.09407
0.94843
0.762779
0.718184
0.80999
0.816742
0.921496
0.669566
0.939142
0.955443
1.004929
0.954471
0.831022
0.668356
1.022387
0.918731
0.680824
0.62843
59.243766
0.875575
0.577338
0.947996
0.828989
0.749459
0.745288
0.849276
0.873786
0.93182
0.54943
0.846824
0.878581
0.634062
0.829617
1.183158
0.714919
1.278286
0.83689
0.867036
0.569099
0.62846
0.665964
0.868697
0.935254
1.01026
0.950915
0.646371
1.009487
0.647943
1.189722
0.93431
0.921289
0.893113
0.998533
0.535204
0.981214
0.819035
0.949764
0.976881
1.006631
0.812337
0.600377
0.98881
0.848118
0.541258
0.832183
0.939093
0.847735
0.935884
0.81941
0.805369
0.920835
0.847784
1.001855
0.82293
0.559954
0.874463
0.943306
0.923926
0.517509
0.672573
1.201935
0.854919
0.787844
1.025915
0.729325
0.867125
0.989746
1.152163
0.936112
0.841168
1.008621
0.591074
0.824298
0.873139
0.82248
0.880925
0.837547
0.934629
0.739279
0.837999
0.640841
3.744002
1.124615
1.003817
0.888904
0.857786
0.722307
0.574113
1.717752
0.902541
0.856905
0.863339
0.656303
0.858394
0.939122
1.00412
0.927904
0.764284
0.893805
0.509556
0.653569
0.969032
0.546392
0.62464
0.791752
0.893829
0.873757
0.844866
0.601371
0.892638
0.841327
0.869461
0.839074
0.550232
0.820527
0.727884
0.628757
0.606437
1.007527
30.489736
0.740384
0.909962
0.860365
1.014225
0.935409
0.916013
0.953749
0.973962
1.14042
0.879377
0.927111
0.61114
0.771986
0.701986
0.988793
1.085054
1.013395
0.592977
1.08091
0.692904
0.634826
0.89185
0.812969
0.861377
1.008961
0.570895
0.927199
1.066779
0.953858
1.089796
0.9602
6.580504
1.086063
0.729077
1.133282
0.645824
0.929969
0.778424
0.582493
1.023367
0.616715
0.751027
0.810729
0.90756
0.78724
0.723436
1.151129
0.953248
0.999857
55.940281
0.877543
1.697728
0.777595
0.899341
0.875434
0.92214
0.67414
1.01685
0.515139
0.808321
0.969685
0.913689
0.652842
0.878545
0.865292
1.004673
0.794414
0.776466
0.742851
0.993305
0.910881
0.813451
0.701577
0.774227
0.941566
0.762563
0.927322
0.829928
0.843109
0.590886
0.951933
0.857412
1.06418
0.500663
0.826999
1.106826
0.780589
0.628853
0.916821
1.225496
0.941767
1.091075
0.639647
0.586221
0.550098
0.735038
0.63693
0.655467
0.887468
0.826075
0.821121
0.897206
0.883357
0.848305
0.874448
0.84918
0.969061
0.943105
29.55428
0.872157
0.985187
0.816129
0.928448
0.634704
0.794908
0.831585
0.661515
0.79422
0.893037
1.007848
0.674965
0.853802
0.922963
0.841309
0.984172
0.590763
0.732078
0.797535
0.779805
0.613685
0.813435
0.517772
0.875297
0.569792
0.534168
1.050846
0.859582
0.842492
0.885786
0.717221
0.688891
0.996138
0.997993
0.569311
0.674983
0.878204
0.865975
0.842078
0.91209
0.894388
0.585879
0.567199
0.85999
0.494172
0.973818
1.81957
0.89992
0.571293
0.573966
0.906954
29.818152
0.611965
0.918245
0.850792
0.854672
0.73014
0.951918
1.265084
1.076618
1.099157
0.823533
1.665083
1.094215
1.547435
0.983146
0.864673
0.852748
0.691788
0.865708
0.797186
1.026429
0.816497
0.627476
1.189574
0.952704
0.776946
0.535596
1.034441
0.986871
0.627433
0.855156
0.61034
0.523095
0.970359
1.871204
0.835839
0.939881
0.850261
0.526287
0.992009
1.006431
0.941536
0.761428
0.874951
1.010633
0.919932
0.759219
0.653581
1.059421
0.596308
1.051144
0.950209
1.9182
0.632253
0.980111
0.981135
0.606209
0.649866
0.849199
0.915872
0.89375
0.885276
0.691531
1.3431
0.721737
0.816634
0.910446
1.04381
0.892504
0.900036
0.845223
0.857649
1.096486
0.885281
1.147186
1.01375
0.578575
0.894982
0.786906
0.800902
0.88525
0.816765
0.591548
0.909777
0.650031
0.643397
0.954815
0.760605
0.904803
0.728251
0.709124
0.874335
0.999959
0.784533
0.96268
0.969373
1.049263
1.059018
0.591269
0.831395
0.525679
0.991141
0.702177
0.976332
0.655998
0.965328
0.802243
0.524546
0.982143
0.851226
0.89037
0.859778
0.764802
1.002373
0.856728
0.948736
0.587241
0.951375
0.945371
1.055018
0.856426
0.654351
0.922291
1.020133
0.85272
0.708158
0.860241
0.912723
0.943124
0.742769
0.524746
1.160434
0.642067
0.496703
0.518306
0.744757
0.782584
0.89798
0.797425
0.847334
0.5398
1.011986
0.81557
1.022727
1.066372
0.837466
0.682626
1.139638
0.61427
0.933438
30.894552
0.921365
0.96768
0.617542
0.829163
0.73744
0.840564
0.550059
0.772843
0.940508
1.022461
1.118325
0.8535
0.564105
0.609841
1.043943
1.010558
0.58985
0.842637
0.887545
0.936436
0.600783
0.886603
0.541177
0.601259
0.619015
0.730959
0.937154
0.92638
0.976349
1.001535
0.766455
0.802378
0.671471
1.0258
0.546088
0.573466
0.62153
0.828899
0.685732
0.956699
0.632715
0.566331
1.030999
1.204877
1.025141
0.871442
0.546325
1.023878
1.044674
0.724008
0.886047
0.911055
0.828667
0.836708
0.671294
0.810265
0.820575
0.927406
0.628123
3.27058
0.875131
0.866978
1.125219
0.837196
0.56314
0.893981
0.762225
0.971688
0.946209
1.061166
0.883395
0.967403
1.050318
0.93374
1.020808
0.902792
0.832303
0.94593
0.977367
0.916329
0.983486
0.847512
0.624421
1.024338
0.939319
0.817876
0.769327
0.631612
0.858782
1.021506
0.835398
0.492622
0.917487
0.891584
0.896862
0.682618
0.922125
0.903924
0.848644
0.543487
0.851027
0.826747
0.552393
4.549169
1.041535
0.820572
0.896117
0.503308
0.514574
0.822939
0.863529
28.974326
0.899783
0.878749
0.969357
0.826964
1.39656
1.914641
1.029965
1.006504
0.927207
0.668475
0.711971
1.011075
0.823417
0.593426
1.038462
0.853592
0.890868
0.752695
0.959067
1.02953
1.02056
0.866759
0.80106
1.030224
0.640014
0.876015
0.996948
1.070448
0.510056
0.880342
0.660921
0.941468
0.851893
0.626908
1.086362
0.990937
0.852514
0.990141
0.584772
0.881631
0.847573
0.60307
1.040606
0.973901
0.714523
0.558665
1.961901
0.932573
0.902856
0.981036
0.954798
0.821341
0.929833
0.826676
0.862531
1.082023
0.504608
0.658024
0.897426
0.852831
0.644915
0.908403
0.857907
0.998824
0.708288
1.062785
0.928418
1.033196
0.842302
1.028131
0.826026
0.974757
0.848394
0.81646
0.873612
0.553798
0.787185
0.818863
0.99967
0.983451
0.845322
0.844793
0.866138
0.838204
0.590479
0.801491
0.907427
0.994445
0.827246
0.934163
1.069692
0.846478
0.83824
0.990365
0.869108
0.863773
0.525974
0.905192
0.677764
0.953226
0.580287
0.884787
0.742769
0.916478
0.876111
0.58923
1.014071
0.880542
0.558706
0.965693
0.571597
0.925255
1.035674
0.901661
1.938986
0.874977
0.65823
0.912675
0.873903
0.975458
0.733573
0.88075
1.029941
0.612315
0.921869
0.934573
0.96885
2.091839
0.812879
0.986443
1.040616
0.886063
0.706604
0.490502
0.877083
0.719197
0.774867
0.865859
0.99474
0.901557
1.029643
0.841658
0.853019
1.144902
0.632836
0.98337
0.902652
0.619798
0.537825
0.902571
1.053296
0.997391
0.64757
0.884371
0.829162
0.765776
0.997812
1.159909
30.488142
0.895805
0.529354
0.841688
0.80927
0.596754
0.945073
0.794036
0.564061
0.856038
0.90794
0.799102
0.923196
0.791671
0.83439
0.753076
0.994637
0.587361
0.980833
0.879808
0.850996
0.926373
1.187631
0.785515
2.030704
0.841933
0.942418
0.901784
0.829682
0.851568
0.936394
0.658422
1.062456
0.873267
0.937091
0.487258
0.607373
0.937888
0.893235
0.965164
0.53796
0.929505
1.006229
0.674303
0.503556
0.888772
0.831346
0.812625
0.916489
0.984301
1.101297
1.049961
0.56903
1.078904
0.494408
0.858076
0.489394
0.540711
0.905588
1.113406
0.711989
0.550921
0.735963
0.835671
0.50126
0.820116
0.83271
0.594438
0.628104
0.673993
0.875627
0.976461
0.98229
0.527607
1.084698
0.87969
0.510481
0.686136
0.920456
0.737447
0.544904
0.718184
0.914501
0.596692
1.036178
0.876136
0.905584
0.799942
0.823889
0.876682
0.71108
0.808093
0.631638
0.966406
0.789706
0.878084
0.887301
0.850706
0.871152
0.686659
0.912902
0.765361
0.901584
0.835332
0.849207
0.933401
2.302382
1.065809
0.912127
0.525695
0.900536
0.883925
1.101835
0.554824
0.565252
0.925318
0.579698
1.091505
0.622058
0.915218
1.576926
1.375251
0.940616
0.589363
0.8677
0.826415
0.85494
0.984378
0.771449
0.687209
0.922117
0.904485
0.719116
0.538917
3.233374
0.62198
0.621156
0.827437
0.972203
0.853114
0.833611
0.900551
0.976028
0.739862
0.780021
0.755201
0.922379
1.066713
1.063791
0.7514
0.823697
0.942297
0.823143
0.945901
0.688831
0.716624
0.757913
0.740062
0.925049
0.866405
0.595051
0.861387
0.843594
1.031795
0.589406
0.892779
67.694646
0.892256
0.84618
0.581429
0.952
0.915247
0.568964
1.119586
0.880405
0.589021
0.813135
0.767277
0.541201
0.833675
0.760969
0.86829
0.770395
0.72553
0.591031
0.693897
0.939066
0.51061
0.903855
0.897014
1.09008
0.550058
0.880687
1.038141
0.923032
0.602473
0.536556
0.635015
0.548273
0.622183
0.597227
0.494448
0.895935
0.901361
0.822045
0.618416
0.554991
1.111747
0.535993
0.853736
0.702185
0.641342
0.827429
0.504596
0.92944
0.5662
1.229021
0.975211
0.872715
0.750654
0.888559
0.84661
1.0547
0.908529
0.772669
0.681581
0.959498
0.901847
0.90116
0.879888
0.793021
0.66505
0.711747
0.87479
0.541168
0.72368
0.583456
0.787914
1.076962
0.987424
0.897584
0.915483
0.836974
0.907731
0.913049
0.886019
0.871858
0.959596
0.82824
0.820521
0.543138
0.768839
26.269399
0.901829
0.741224
1.066633
0.75663
0.565714
0.898403
0.926942
0.847586
1.049421
0.940168
1.135229
0.685317
0.828205
0.949459
0.841884
0.752301
0.911383
0.904237
1.03836
0.799117
0.865353
0.522827
0.733726
0.803226
1.149329
0.925622
0.838603
1.085463
1.102279
0.957857
1.044819
0.89519
0.857321
0.809952
0.846712
0.577924
0.962363
0.881335
0.954984
0.622343
0.871476
0.950528
0.850214
1.015847
0.50151
0.91911
0.568954
1.22741
0.868193
0.842294
0.55277
0.766
0.828482
0.505243
0.89796
1.054409
0.874612
0.874927
0.780099
0.918986
0.910947
0.962758
0.615478
0.971013
1.026534
0.990555
0.90632
0.632736
0.834509
0.892099
0.965023
0.801263
0.825494
0.971929
0.849556
0.962657
0.891866
0.8565
1.045679
0.888873
0.947203
0.952894
0.908111
0.865809
0.590447
0.564338
0.795177
1.056262
1.039017
0.85643
0.975849
0.867296
0.551914
0.983657
0.980834
1.072807
0.796076
1.029496
0.569909
0.964862
0.97193
0.872756
0.926585
1.113551
0.802737
0.599892
0.876282
0.953399
