1.009782
1.010263
0.72004
0.63492
1.13802
1.004091
1.053148
1.083255
1.108429
0.984809
0.991638
0.697107
1.010883
0.959908
0.865626
0.993051
0.784445
0.955531
1.083806
0.729486
1.018593
0.981864
0.941579
0.616946
0.688232
0.680151
0.62954
1.007782
0.95289
0.720517
0.668718
1.029802
1.007155
0.999701
1.042856
1.060495
0.670434
1.046759
1.002163
0.642111
0.939279
0.760781
0.694294
0.782543
0.75525
1.033852
0.87399
1.116256
1.04326
1.050807
0.959117
0.916942
0.993925
0.874012
0.957044
0.931613
0.899978
0.977254
1.207315
1.209975
0.881472
0.795626
1.092487
1.190252
1.180074
0.957866
1.013054
0.692499
1.009534
1.042443
0.987339
0.993197
0.68883
1.033122
1.040291
0.961824
1.681488
1.223217
0.985019
1.102147
0.899978
0.971115
0.918486
0.953539
1.050885
0.992083
1.01642
3.98496
0.934152
1.133091
1.107511
0.627981
1.021985
0.732066
0.86465
1.14263
1.066864
0.940703
0.898369
1.006389
0.997413
1.022539
0.95997
0.649123
1.030953
0.990824
1.048357
0.749001
0.790976
0.930068
0.854907
0.918646
0.632052
1.177098
0.642464
1.047079
0.970908
1.156339
0.878824
1.05749
0.780546
0.614297
0.703827
0.959923
1.047497
0.62975
0.969651
0.95585
1.112721
1.130761
1.17433
0.641513
1.036122
0.971947
0.701261
1.063438
1.112881
0.853109
0.989969
0.764999
0.948884
1.050076
0.698794
0.905905
1.116377
1.128176
0.9517
0.98296
0.618758
0.92609
0.787644
0.942215
0.641271
0.948082
1.195439
0.775379
0.886118
0.89151
1.163307
1.223223
1.204171
0.984577
0.928729
1.072823
0.768974
0.968118
0.972439
0.950116
1.11999
0.94051
0.743383
0.966389
0.700779
0.931773
0.748799
0.929509
0.961552
1.023141
0.86522
1.106081
0.651325
0.949836
0.697649
1.073718
0.858819
0.919165
0.655172
0.647042
0.926997
0.915911
1.070032
0.728198
0.998336
0.551747
1.21218
0.990965
1.141956
0.700058
0.95773
1.148012
1.025804
0.995312
0.787899
1.191215
0.756772
1.076386
1.135349
1.042527
0.998691
1.014739
0.971459
0.658471
1.802362
0.81722
0.775174
1.241706
0.974677
1.033332
0.933064
0.994727
0.63418
0.868977
0.922245
0.710959
0.941422
0.672503
1.000846
1.158543
0.970499
1.005376
0.835619
0.736477
0.776905
0.906905
1.129334
0.758065
1.154095
1.038996
1.035399
1.084866
0.975451
0.647964
0.973625
0.851835
0.659471
1.053235
0.927226
0.929237
0.984874
0.995835
0.927982
0.93264
0.962722
1.269259
0.695436
1.094703
0.853261
1.108457
1.100028
0.769546
1.062947
1.058972
0.928455
0.946667
1.13293
0.989666
0.985201
1.178773
1.002786
1.002287
0.623151
0.963011
1.133498
0.985579
0.952734
0.921745
0.983152
0.671676
1.033936
0.725744
1.230527
0.767938
0.967994
0.916953
0.964522
0.931129
0.918078
0.626326
0.687296
0.925827
0.772974
1.195677
0.978413
0.844644
0.652836
1.073577
1.080299
1.020981
0.697937
0.682404
0.68549
1.034089
0.731086
0.598473
0.92507
0.792692
0.612563
0.954592
0.706281
1.006738
1.05445
0.953906
0.910735
0.604395
0.934707
1.057614
0.745574
0.963186
1.075437
0.583029
0.623066
1.039836
0.893018
0.753859
0.977217
1.053843
1.162446
0.897028
0.73825
0.972654
1.02241
0.997003
0.655916
0.957883
0.935209
0.708463
1.054196
55.48731
0.690784
1.025354
1.143944
1.777338
0.999766
1.1206
0.964812
0.979982
1.077389
0.92652
0.793149
0.995277
0.659353
1.072633
1.113391
1.05921
0.98616
0.825184
0.979348
0.754826
1.046215
1.132623
1.001997
0.951619
0.994415
0.812616
0.979286
0.964625
0.987149
0.666166
1.053546
0.956904
1.160921
1.03639
1.070626
1.017695
1.135319
0.991822
1.173015
0.608532
1.008861
0.703497
0.637904
1.047576
1.117137
1.003688
1.018791
0.742705
1.060865
0.975656
0.942552
0.795412
1.121494
0.647256
0.951541
1.033946
1.014791
0.970948
0.94362
0.889304
0.991343
1.161625
0.696681
1.021036
0.601045
0.933027
0.753397
0.962238
0.9687
0.630674
0.967619
0.984577
1.677131
1.036783
0.869152
0.914023
0.909216
0.86778
1.077397
0.893097
1.157918
0.705931
1.167859
0.967656
1.115632
0.771125
0.821995
26.796493
0.794693
0.870803
0.817932
1.056257
27.788085
0.995739
1.05808
1.073059
1.056501
1.081291
0.970081
1.003457
0.836324
1.152268
0.924345
0.898176
0.978442
0.902616
0.807867
1.022938
1.181953
1.052211
1.101313
0.775571
0.768752
1.077385
1.146336
1.018433
1.028274
1.173919
1.104875
0.710995
0.951709
1.077709
0.755571
1.038605
0.948831
0.633304
0.901112
1.168016
1.082323
1.084564
0.954897
0.908301
0.928255
1.039474
0.933254
0.73973
27.105639
0.979745
1.153934
1.076901
0.609496
0.804155
0.727175
0.795348
0.869776
1.020866
1.112077
0.720673
1.04631
1.197229
1.084157
0.956982
0.908795
0.969216
1.134035
1.178315
0.963868
1.048546
1.003745
0.723784
0.887222
0.868767
1.00518
0.978018
1.176867
1.133695
0.817114
0.820323
0.917484
0.947076
1.050519
0.85545
0.938408
1.087601
0.967897
1.159441
1.17823
0.606047
0.995011
1.001836
1.100975
1.228725
1.266501
0.687923
1.078421
0.926158
0.730482
0.850699
1.133491
0.716074
1.873435
1.04695
1.166458
1.056035
0.961576
1.068087
1.12325
1.08195
2.462664
0.93359
1.209876
0.831638
0.79103
1.171693
0.667632
0.713739
1.854944
1.179991
1.087143
0.85124
0.965471
0.786119
1.21047
0.884542
0.963916
0.74807
1.095297
0.95834
0.955242
1.058803
1.023316
1.072974
0.67048
0.821741
1.001507
1.144096
1.155472
1.06281
0.879953
1.960349
0.903115
0.91017
1.112256
1.045739
0.955484
0.607904
0.759248
1.116545
1.117908
1.096333
0.749597
0.888208
1.167422
0.883674
1.066113
1.1075
0.702017
0.736625
1.099833
0.627446
0.863062
0.935749
1.168821
0.858397
1.107228
0.731439
0.890678
1.036128
0.946129
0.754652
0.644156
0.722054
1.215332
0.870287
0.864099
1.080225
0.99545
0.975546
0.791509
0.607155
0.58033
0.921342
0.846486
1.110493
1.035152
1.077914
0.962621
0.937356
0.681105
0.881349
0.978239
1.07185
1.089987
1.147213
0.981782
1.051311
1.034669
0.99831
1.046064
0.621999
0.972283
1.200758
0.722382
0.972241
1.143821
1.035469
0.735352
1.051735
1.633228
1.03793
0.694281
1.040545
0.995855
1.057238
0.842872
0.954391
0.960018
1.057434
0.846268
1.124995
1.05038
0.876982
0.722989
0.869666
0.955882
0.804579
1.016401
0.964147
1.208265
1.043262
1.044178
1.039617
0.950277
0.652085
1.125643
1.273602
1.023162
0.932033
1.055662
0.923194
1.00179
1.01721
0.688344
1.027801
0.735105
0.892334
0.608884
0.97431
1.000144
0.958088
0.985531
1.09167
0.698871
0.731392
0.670911
0.767035
0.847126
0.98849
1.162679
1.084175
1.029076
1.134829
1.006346
0.890028
0.962481
1.071342
1.196578
0.992865
0.992132
1.089132
0.781439
0.851455
0.963437
0.698732
0.917177
0.78148
1.036938
1.117168
1.155675
0.937328
0.910566
0.954487
0.731927
0.687932
1.206646
1.127932
1.089705
1.01794
0.954682
0.727115
0.963292
0.891388
0.993672
1.004165
0.936412
0.591733
0.919042
1.024634
0.698615
1.044217
0.670935
0.68996
1.153821
0.635716
0.930442
0.9705
1.008196
0.75974
0.708303
1.049563
0.97151
1.055306
1.015117
0.669241
1.048996
0.682685
0.990517
1.013284
1.020097
1.087266
0.970459
0.682808
1.086382
1.033625
1.040349
0.998752
1.044423
0.795599
1.140159
1.012919
1.370816
0.626643
0.855175
1.093863
0.925315
0.581689
0.978213
1.081911
1.075483
1.047367
1.067853
0.825593
0.979732
1.179524
1.086201
1.086298
0.709225
1.052445
0.888956
1.137662
0.855464
1.026022
0.898659
0.811129
1.008929
1.122694
0.982307
0.707067
1.014104
0.965265
1.08102
1.090735
1.100373
0.969155
0.948067
1.128219
0.966407
1.08138
1.044075
1.085067
1.227686
0.888151
0.835536
0.876003
1.009385
1.00007
1.05758
0.984696
1.04361
0.828501
1.079522
1.041877
1.01874
0.671091
0.992427
0.842203
1.1332
0.969551
1.086935
1.072889
0.921034
0.899555
0.994997
1.235718
1.057059
0.934129
0.998114
0.88719
1.06264
1.099607
1.245725
1.016859
0.690237
0.605026
30.926246
0.708571
0.965288
1.012483
1.100509
0.99164
0.69521
1.199139
1.13878
0.912219
1.760569
1.023474
1.22974
1.072969
1.086899
0.952733
1.14132
1.018379
0.885651
0.966382
1.12694
1.088276
0.878611
0.943576
0.961196
0.924933
0.968891
0.941378
0.98477
0.677028
0.958521
0.96577
0.606235
0.933654
1.183777
0.854744
1.078415
0.902873
0.891028
1.047646
1.051878
0.645491
0.675303
0.614031
0.921498
0.897836
0.980868
1.026487
1.088477
0.810584
1.021667
0.886323
1.115238
0.877251
0.639648
1.081006
1.035556
0.614386
1.065362
0.83517
0.955925
1.054246
0.966809
0.864485
0.968836
0.736864
0.906404
0.948719
0.676629
1.060706
0.95866
1.009596
1.107625
0.931399
1.017792
1.014618
0.785934
0.635278
0.927774
0.652123
1.012523
0.6637
0.973388
1.738503
0.916657
0.602752
0.953346
1.216301
0.64338
0.671547
1.022297
1.886628
1.015429
0.958966
1.416034
1.003669
1.202329
1.207194
1.151708
0.736181
0.962684
30.790822
0.828983
1.037691
0.822028
0.939233
0.96125
1.177604
1.23507
1.1061
0.917823
0.946396
0.932521
1.038953
0.63501
0.942574
1.253474
0.687155
0.835042
0.896338
0.936278
0.91108
1.062377
0.650023
0.957352
1.0214
0.711628
0.963475
0.635577
0.969022
0.98897
1.04438
0.695497
0.957394
0.822826
0.924042
0.980484
0.993865
0.970296
0.951281
0.977618
0.781322
0.8428
0.610659
1.023972
1.108999
0.896474
1.165616
0.80825
0.720462
0.816797
0.875291
1.049878
0.984649
0.71048
0.997265
1.187714
1.01824
1.119085
1.050463
0.63054
0.659353
0.990766
0.946735
0.898732
1.905463
1.180823
0.675213
0.621329
0.678947
0.658708
0.942003
1.001811
1.003377
1.056398
0.740208
0.936389
0.935815
0.998869
1.018673
0.899848
0.917392
0.891684
0.909718
1.014567
0.672271
0.989916
1.034684
1.091978
0.938554
1.076888
0.912734
1.139104
1.068331
0.673863
0.927889
1.141525
0.891308
1.052767
0.901674
0.901528
0.919811
0.969155
1.102271
0.743429
0.961538
1.064298
1.092413
0.650397
0.889892
0.636633
0.994568
0.980131
1.012912
1.041879
0.702079
0.981523
1.010004
0.918803
0.824619
0.676956
0.904119
0.627264
0.937725
0.873702
0.704353
1.0764
0.67577
1.085922
0.637536
0.932245
1.215535
0.946601
0.984527
0.727133
0.980722
0.995537
1.147783
1.057981
1.009273
0.956004
1.014826
0.760745
1.069045
0.694835
0.900602
0.617868
0.9717
1.221575
0.929222
0.633423
1.072455
0.599715
0.985394
0.992734
0.976569
0.687981
1.02199
0.914344
0.992479
0.710385
1.035722
0.779013
0.875095
1.04589
1.065394
0.881803
1.086293
1.031993
0.741773
0.757474
1.111157
1.229288
1.027159
0.935094
1.128156
1.03647
1.026794
1.010871
1.088403
0.970139
0.912581
0.936004
1.083333
1.124553
0.963106
0.987785
0.681622
1.103415
1.005795
0.613578
0.957912
0.900958
1.069205
0.983347
0.677591
0.989576
0.940053
1.127181
1.069216
0.963733
1.142565
1.146164
0.605548
1.012533
1.028872
0.964632
1.048336
0.937549
0.984059
1.062175
1.008623
0.994705
0.907757
1.154955
0.983752
1.117375
0.974667
0.979421
0.979779
0.925334
1.073161
0.897557
1.215055
0.632306
1.040025
0.689459
0.933289
0.977735
0.958745
0.948343
0.896401
0.626879
0.955794
0.935772
0.984841
0.648787
0.963053
0.892418
0.731513
0.683379
0.941978
1.118571
0.902095
1.147242
0.891509
0.72345
0.658826
0.724842
0.670496
1.045255
1.021144
0.983724
0.880504
1.087203
1.195368
0.929233
0.862759
1.187287
1.10926
0.697502
0.62156
1.014867
1.013641
1.176574
1.03928
0.725945
0.632483
1.078501
1.024002
0.721044
1.097808
0.95218
1.012132
0.803287
0.823659
0.954752
0.673934
0.598278
0.959462
1.138474
0.976341
0.952526
0.661258
0.688205
1.070318
0.975241
0.971667
0.889585
1.027832
1.170625
0.770469
1.1278
0.989759
0.983541
1.028445
1.054998
0.841284
0.961363
0.989513
1.007333
0.966734
0.884599
0.898973
0.723556
0.702581
1.020962
1.067533
1.080644
1.178022
1.030209
0.681391
0.81601
1.058185
1.051325
0.626442
0.649865
1.236962
1.060072
1.185027
0.998493
0.952347
0.945926
0.988561
0.939201
0.953004
0.931341
1.496539
1.118475
0.750594
1.176294
0.944312
0.998324
0.599482
0.820718
1.014959
1.247794
0.975937
0.778209
0.658343
0.969684
1.0027
1.021929
0.713033
0.943189
1.793327
0.760282
0.946636
1.010379
0.982677
0.645005
0.963777
1.015332
1.081262
1.062572
0.866244
1.144057
1.106021
1.003975
1.141093
1.249177
0.948733
1.072074
0.662872
0.96753
1.096413
1.108364
1.071246
0.843769
0.788978
1.103119
1.296943
1.016295
0.940299
1.055657
0.666361
1.197688
1.045436
1.03632
0.888305
0.988069
0.900067
0.995426
