0.891249
0.697887
0.98042
1.071097
0.710592
1.14571
0.839222
1.163568
0.925319
0.727078
0.740628
1.133199
1.088118
0.626927
0.923824
0.942493
0.724606
0.768447
0.951829
0.978235
1.098836
0.925378
1.099834
1.065739
1.142129
1.073533
0.89122
1.055433
0.983021
1.000438
0.656417
1.031475
0.667039
0.988579
0.7014
0.972316
1.008552
0.883522
0.994555
0.972198
0.975082
1.038017
1.081064
0.945503
1.060754
1.000998
1.068175
0.912198
0.921144
0.813751
0.937904
0.930147
0.970977
1.175372
0.9439
0.958841
0.91658
1.024268
0.758631
0.939427
0.664261
0.692682
1.0081
1.002812
0.937949
0.977679
1.063076
1.115715
0.963109
0.798421
0.83055
0.726317
0.79666
0.833562
0.762632
0.972418
1.074928
1.189266
1.232365
1.066892
0.666956
0.958831
1.021162
0.990465
0.73127
1.107057
0.737664
1.008866
0.967983
1.067483
0.951825
0.93927
0.923005
1.129042
0.872096
0.658074
1.099694
1.059619
1.038183
1.234204
0.754692
0.966006
0.607603
0.570266
0.831115
1.020624
0.734173
0.972897
1.185804
31.179846
1.063922
0.686796
0.956716
1.006729
27.349999
1.062424
0.826508
0.976647
0.957427
1.015055
1.021243
0.775867
1.041832
1.025058
0.923942
0.588922
0.657541
1.124586
0.669144
0.939171
1.082619
0.712912
1.767877
0.937964
3.058635
1.022275
0.864813
0.644455
0.674163
1.03752
0.798674
1.707903
0.990405
0.654613
0.980379
1.106929
1.055106
0.782497
1.195977
0.961053
0.96362
0.984579
1.018513
0.988056
0.945313
0.930888
0.949245
1.071538
0.702262
0.911635
0.61973
1.075142
1.058544
4.784062
1.021482
0.934241
0.996554
1.149529
0.976906
1.020168
1.057238
0.62457
1.061136
0.788584
0.785578
0.872268
1.04146
0.917794
0.659935
0.96242
0.968736
1.017492
0.72794
1.012086
0.982024
0.597053
0.936795
0.63787
1.013187
0.646528
0.935612
0.967349
0.983219
0.708655
1.023339
1.033493
1.035492
1.033455
1.012506
0.969261
0.755218
0.946363
0.939517
0.701945
0.971829
0.607053
0.977599
0.643561
1.044827
1.018235
1.053228
0.768325
0.775999
1.054347
1.004545
0.988307
0.668536
1.055804
0.949993
0.967756
0.944486
0.987454
0.966275
1.03764
0.984736
0.936473
1.038906
1.038933
0.671316
1.005778
0.742588
0.759844
1.025077
0.723933
0.985639
1.007358
0.927015
0.708712
1.082221
0.96508
1.056686
0.688498
1.024174
0.834493
0.992101
0.916494
1.224494
0.984002
1.107317
0.763625
1.10838
0.941023
0.980458
1.040524
1.053263
1.142257
1.131724
1.244491
1.115055
1.268863
0.97243
1.11922
0.659642
1.000588
1.103722
1.23148
1.275755
1.054106
0.702182
0.974424
1.031518
0.915767
1.07225
1.082223
1.105731
1.182147
0.940784
1.064146
0.69142
0.652705
0.708578
0.940932
0.654486
1.082555
1.927036
0.999615
0.722391
0.953579
0.694711
0.984808
1.002593
0.699424
0.855714
0.751339
1.134749
0.926063
0.62846
0.985901
1.098169
1.030327
1.10732
1.020533
1.164636
0.997605
0.791882
0.947106
0.938019
1.108414
1.140407
0.99643
0.999647
0.695292
1.078633
1.052535
1.083047
0.606331
0.934029
0.660987
1.163023
0.908907
0.921824
1.08187
0.85006
1.204743
1.108635
1.218431
0.960748
0.981042
1.121643
0.848905
1.166734
0.649944
1.033217
1.158174
1.134381
0.785947
1.308516
0.752941
1.039433
1.342693
1.063461
1.240048
23.779802
0.994191
1.002505
0.994791
0.843327
0.981274
0.745236
0.937303
1.215121
1.003529
1.044173
0.770465
0.858471
0.705462
0.725338
1.019436
1.192373
1.1048
1.079174
1.072331
0.868792
1.172023
0.734614
1.209766
0.639551
1.038574
1.151964
1.259385
0.764911
1.074067
0.797441
0.977516
1.214218
1.815523
0.94877
0.621266
0.6875
1.032687
0.696159
0.671367
1.062011
1.151844
0.951144
0.896718
1.007787
1.151356
0.965988
0.993437
1.094838
1.27317
1.081068
1.101049
0.714299
1.055425
1.130215
0.646281
0.696532
0.9773
1.057777
1.25766
0.864477
0.675716
0.981599
0.999963
0.98424
1.103336
0.813585
0.836844
0.996625
0.834603
0.908163
1.110671
1.016073
1.042232
0.715752
1.037716
1.061064
0.758336
1.032471
1.143772
1.160316
0.688562
1.015587
1.191067
0.971402
1.149645
0.997885
0.67789
0.915144
1.123708
0.972263
0.924181
0.995343
0.928868
1.010772
1.032113
0.940476
0.986955
0.685772
0.881706
1.155773
1.163738
0.822318
1.053565
1.06361
0.970068
0.747553
1.03243
1.000033
1.03729
0.707641
1.031462
0.975208
1.227028
1.049844
0.990741
0.979773
0.668184
0.949325
1.037628
0.709014
0.867558
1.03377
1.010817
0.994966
0.932067
0.871839
0.963042
0.940381
1.203081
0.949462
0.712825
0.674466
0.619796
1.035615
0.987489
1.060725
1.04717
0.993913
0.669034
0.930757
1.050062
0.998464
0.840808
0.932852
1.027049
0.791131
1.098187
0.977845
0.991147
1.005275
1.235819
0.763766
1.398301
1.134824
1.025808
1.008798
0.723359
0.932157
1.028262
0.643453
1.148162
1.233223
0.941036
0.697499
1.22037
1.051792
0.910785
1.11445
0.75505
1.17466
1.135899
0.845848
0.989737
0.981416
1.005743
1.18078
0.660635
0.988895
1.015987
0.884723
1.180991
1.003328
0.623318
0.883668
0.703693
0.646967
0.651787
1.30884
1.075973
1.126958
1.003913
0.719395
1.147645
0.777731
1.031296
0.819644
1.070858
1.101758
0.594979
0.865238
1.00633
0.951336
0.927532
1.214985
1.269065
0.968581
0.980163
0.737608
0.666382
1.075484
0.748467
0.988471
0.661046
0.908897
0.876334
0.964916
1.003636
1.019855
0.93854
0.698941
1.148538
1.109984
1.06672
0.6981
0.96379
1.031393
0.734136
0.740844
1.124241
0.940215
1.077465
1.008368
1.049033
1.028898
0.733677
1.067153
0.710195
0.676564
1.09013
0.98926
0.936978
0.868495
1.024447
0.613304
0.748856
1.097577
0.730749
0.794489
0.949031
1.032304
1.075751
0.629015
1.532738
1.101287
0.963438
1.147692
1.105659
0.697542
0.661905
0.97218
1.077102
1.058337
0.833714
1.032753
0.995461
0.954643
9.159824
1.03457
0.711043
1.080407
0.987547
1.063541
0.712488
1.064908
1.136083
1.077163
0.731088
0.92388
1.066376
0.697056
0.985116
0.919642
1.127166
1.111541
0.929112
1.010785
0.844501
1.210355
0.991601
1.174879
0.662809
1.008488
1.106355
1.097288
1.120198
1.114796
1.146199
0.989251
0.70679
1.010765
1.059019
1.152647
0.721723
1.155954
0.983736
0.923823
1.0714
0.995397
0.764029
1.032022
0.685269
1.0027
1.076874
0.984983
1.135153
0.653478
1.091057
1.078383
0.602
0.992862
1.077132
0.711913
0.963186
0.910534
0.932583
0.956328
0.737281
1.058926
1.155952
1.016258
0.999424
1.04617
1.134929
0.937415
1.057994
0.928898
1.019814
0.708556
0.931877
1.128292
30.292662
0.965778
0.712749
1.109601
1.074741
1.33088
1.015492
0.7374
1.207459
0.85719
0.640854
1.040997
0.694099
1.015022
0.912805
0.917755
1.075036
1.062184
0.622652
0.970092
1.003092
1.02299
1.015858
0.74299
0.916717
0.813491
0.746573
0.980064
0.937236
1.0196
0.656514
0.712935
0.992235
0.782918
0.677978
0.927397
1.271744
0.991818
1.002357
0.865822
1.018937
0.661792
29.230657
0.657769
1.033448
1.17451
1.016518
1.319271
1.002136
0.684662
1.115574
1.107292
0.670336
0.8268
1.024045
0.956557
0.977578
1.043927
1.034536
0.973099
0.917602
1.038366
1.104489
0.94503
1.065085
1.053445
1.049021
0.774591
0.934336
0.848904
1.045318
0.934321
1.041429
0.927037
0.747394
0.998686
0.884268
0.965389
0.849202
0.917442
1.002251
0.786262
0.960648
0.684106
1.103883
1.058096
0.984867
0.925576
0.794109
1.05931
0.884924
1.012139
1.010954
0.941414
0.987644
0.580134
0.926831
1.057436
0.993324
0.733691
0.968233
0.5885
0.641563
0.694687
0.921138
1.00802
0.684578
0.565634
0.980037
1.075288
1.067017
1.011434
0.608021
0.686581
0.953462
1.024838
1.050807
0.93364
0.591137
0.9868
0.551948
1.129498
0.86345
0.978661
0.931471
0.752866
0.620334
22.530052
1.015087
0.744121
0.956281
0.995761
1.050747
0.926576
0.920862
1.061746
0.838454
0.939281
0.948304
0.910775
1.012985
1.683
1.1858
1.031314
1.057249
1.00004
0.713271
1.238897
0.806445
0.916591
1.060939
0.956803
1.103795
0.996228
1.017372
0.838465
0.977445
0.75595
1.00638
1.1065
0.952346
0.839021
0.97442
0.722637
1.038379
0.956178
1.098075
1.124488
1.100393
0.959815
0.949905
0.991131
0.611728
0.878779
0.65562
0.985965
0.966698
1.721682
1.04101
0.663388
0.651428
1.000286
0.957466
0.917013
0.977942
0.920246
0.995326
0.738813
1.029136
1.025007
1.028972
0.74316
0.914735
0.98262
1.199339
0.91941
0.938754
1.002141
1.025335
0.970802
1.043277
1.059625
0.605965
0.999361
1.034509
1.00626
0.611778
1.007196
0.586023
0.751747
1.088155
1.131174
0.991497
1.03682
0.874694
1.033951
1.080105
1.033895
0.700652
0.930365
0.8054
1.163297
1.083161
0.74213
1.036588
1.011594
0.997657
0.964393
0.614802
1.01582
1.043396
1.024638
1.17703
1.063665
0.89124
1.049112
0.975377
0.773543
1.064601
0.788884
1.147827
0.940875
1.094579
0.684642
1.292378
0.999016
0.921282
1.144314
0.599249
1.114688
1.033232
1.105393
1.104877
0.745584
1.09831
1.697801
0.946707
1.066314
0.983538
1.174825
0.989317
0.951881
1.150766
7.833675
1.065542
0.97918
1.048366
0.999112
1.03376
0.930829
1.029945
0.929034
0.954542
0.694716
0.739616
1.024244
60.39114
0.987005
0.723678
0.938935
0.998831
1.085587
0.676543
0.969053
0.966182
1.189403
0.956682
0.945094
0.722236
0.874225
0.993945
1.029562
0.99574
0.981664
1.068394
1.038293
1.053571
1.181033
0.9895
0.889284
0.7354
0.636613
1.160699
1.113229
0.755834
0.859468
0.818429
0.835913
1.251958
0.61643
0.969377
0.995203
0.739127
1.125493
1.119538
1.071772
1.108301
0.66748
0.919709
0.920982
1.320179
0.719875
1.065156
1.116165
0.710814
1.097789
0.617081
1.10956
0.778578
0.681126
0.901635
0.983039
0.837851
0.951915
0.968939
0.768367
0.676207
1.115844
0.98515
0.83401
0.979336
0.962606
0.710544
0.959528
0.66247
0.977496
1.097084
1.024001
1.214942
0.941924
0.958788
1.087584
0.991165
1.920399
1.04251
1.131577
1.090932
0.922555
0.835811
1.147551
0.93672
0.858855
1.078054
0.746375
0.797464
1.08169
0.861664
1.053601
1.1035
0.993578
0.923969
0.708227
1.01793
1.168366
0.655785
0.739952
0.588016
1.113154
0.955206
0.968438
0.89301
0.815868
0.808339
0.919024
0.993285
0.76331
0.990269
0.999583
0.941211
1.179286
0.906088
1.041002
1.001145
1.004452
1.061721
0.888551
1.238071
1.017629
1.045126
0.954977
0.967594
1.041658
0.901001
0.792018
0.727277
0.899497
0.731276
1.088134
1.181156
0.979308
0.902011
0.670267
0.885635
0.699844
0.875381
0.823114
1.012439
0.962453
0.734979
0.648737
0.967617
1.032008
0.831911
0.968346
0.857621
0.847209
0.910599
1.166108
0.689599
0.735974
1.184182
1.020346
0.963807
0.699104
1.084502
0.727049
0.888598
1.107979
1.066238
0.812032
0.870378
1.163941
1.087173
1.150455
0.872503
0.908237
0.766463
1.113859
0.858019
1.05595
0.716169
1.060183
1.044759
0.630312
1.204915
1.209611
0.684614
0.997832
1.015125
0.860333
1.09642
1.148273
1.165802
1.038984
1.041251
1.034077
1.036228
2.731991
0.922382
1.205179
1.010976
1.122308
0.854448
0.896132
0.940287
1.15041
1.197338
0.956403
1.00829
1.06995
0.597151
0.69127
0.577996
0.767569
0.854824
1.221125
1.029596
1.094231
0.979378
0.999774
1.022196
0.907978
0.991636
1.023254
1.452549
1.099327
0.990939
0.80611
0.860321
1.19995
1.17061
0.92613
0.670816
0.942784
1.002918
1.068856
0.710924
0.750716
1.151094
1.051085
1.076284
1.178958
0.900888
0.875636
1.23643
1.092331
1.08972
0.97777
0.792955
0.983379
0.859955
1.217419
1.120911
0.893264
1.172446
0.996321
1.02454
0.695411
1.078303
0.992351
1.079589
0.756437
0.851425
0.952597
0.946127
59.554797
1.081603
0.87077
0.73604
1.209257
0.936832
0.946119
1.175297
1.204163
1.101983
1.104503
0.604716
1.130244
0.654001
1.007463
1.063907
0.798354
0.992748
0.641934
0.996142
1.092707
1.051341
1.02689
1.087807
0.821847
0.811075
1.093262
1.146037
1.136898
0.998943
0.659868
1.082362
1.072884
0.945255
0.951608
0.623838
0.610071
1.011674
0.969675
0.645862
1.026703
1.130018
28.38155
1.027491
1.101852
0.647332
0.733428
0.672321
0.994154
0.983288
1.066243
0.9843
0.958994
1.023093
1.044661
0.952814
1.004973
0.923127
1.774997
0.69189
1.081407
0.974857
1.110171
0.726371
1.051907
0.951428
1.068538
1.186252
11.398757
1.163882
0.844318
0.944311
1.09919
0.626329
1.04665
1.027692
1.017242
1.030623
0.787899
1.289104
1.174177
1.011352
0.996977
1.072643
0.677999
1.006556
1.09154
1.054972
0.741853
0.688427
1.016888
0.973497
1.066708
1.034549
1.056947
0.873956
1.054534
