0.844742
2.074384
0.595763
0.765785
0.873384
0.580933
0.931481
0.817959
0.819916
0.914562
0.898852
1.029576
1.064731
0.929692
0.717281
1.078979
0.888791
0.974403
0.65678
0.823155
0.768779
0.600462
0.954736
0.903044
0.907907
0.74873
0.7447
0.941485
0.653991
0.702955
0.949231
1.038837
0.914573
0.966498
1.026981
0.778557
0.959632
0.866081
0.646241
0.943061
0.691865
0.970196
0.820733
0.957095
1.025909
1.081409
1.047103
0.898111
0.83861
0.758737
1.103585
0.980127
0.660585
0.57059
0.774367
0.955514
0.858454
0.606745
0.877242
0.984098
0.889078
0.861984
0.91194
0.932765
0.889319
0.93596
0.829958
0.846304
2.947675
0.948283
0.929995
0.926103
0.903668
0.8375
0.567065
0.7853
0.897156
0.848248
1.111816
0.995725
1.091765
0.807768
0.595168
0.664253
0.796685
26.527448
0.772164
0.819701
0.56897
0.54927
0.669537
0.935876
1.168035
0.686781
1.03322
0.813189
0.573549
0.878398
0.579272
0.962349
0.847402
0.74249
0.936504
1.091326
1.038098
0.708617
1.028629
0.546163
0.540835
1.042437
0.917928
1.045189
0.914493
0.741101
0.715316
0.940893
0.89845
0.590874
0.826337
0.907733
0.738219
1.073199
1.036046
0.828803
0.63771
1.076127
1.041991
0.842854
0.816133
1.019103
0.886962
1.164498
1.905854
0.792041
0.862375
0.646957
0.994547
0.924672
0.980338
0.818404
0.942159
0.937002
0.821116
0.962258
0.534427
0.900925
0.526109
1.118258
0.688184
0.749441
0.684585
0.501143
0.92514
0.730972
0.878464
0.759435
0.968907
0.766348
1.074316
0.632493
0.932739
0.965578
1.047484
0.766364
0.810181
0.609071
0.868512
0.926196
0.709825
1.147184
0.831121
0.896955
0.626335
1.046394
0.914352
0.874525
0.912552
0.869507
0.853915
0.75258
0.853975
0.645481
0.932796
0.806084
0.93638
0.861033
0.819926
0.857492
0.767084
0.962141
0.844932
0.907903
0.588739
0.930535
0.54381
0.498807
0.574221
0.529427
0.906078
0.924788
0.877424
0.499844
0.793993
0.913664
0.779509
0.891522
0.944237
1.068728
0.694849
3.007177
0.906804
0.809767
1.002597
0.876478
0.784073
1.183561
0.882478
0.764783
0.691804
0.754316
1.017786
0.827534
1.053613
0.926814
0.884562
0.866362
0.824054
0.636709
1.102501
0.934027
0.930352
0.891298
0.727632
0.911524
0.64531
0.946854
0.845968
1.162877
1.188676
0.80309
1.080723
0.87647
1.188036
1.092904
0.768859
0.678369
0.964683
0.761705
0.894846
1.05063
1.095631
0.949213
0.824847
0.793532
0.544949
0.549056
0.902402
0.840242
1.180913
0.887813
0.983769
0.924108
1.098452
0.959307
0.910586
1.040198
0.557565
0.999563
1.059207
0.671433
1.131384
0.895953
0.663038
0.90584
0.953169
0.914345
1.008438
1.169354
1.028925
0.667868
1.234374
0.829385
0.951266
1.066882
0.812773
1.145078
1.065849
0.790362
0.8906
1.037496
0.527123
1.037265
1.088238
0.957392
0.852205
0.772103
1.220991
0.927266
0.596294
0.562317
0.918809
0.617153
0.84557
1.143113
0.925049
0.584316
0.519473
0.861332
0.960661
0.84342
0.890189
0.873298
0.844609
0.651001
0.534837
0.904863
0.900116
1.155241
0.852861
0.51403
0.858875
0.645189
1.113472
0.895905
1.014402
0.889846
0.967673
0.936116
0.942515
1.016532
1.076117
1.159247
0.784347
1.015295
0.692016
1.0579
0.575441
1.075527
0.948698
0.66473
0.637886
0.823462
1.687904
1.171613
0.616276
0.633717
1.082111
0.498193
0.804142
0.551855
1.319393
0.803927
0.945618
0.919249
0.892461
0.873599
0.867184
0.818332
0.950041
0.577625
0.58988
0.532108
0.90654
1.027673
0.952496
0.714545
0.944304
1.121084
0.825954
0.872851
1.068131
0.772535
0.693122
1.001654
0.896066
4.014153
0.959875
1.106663
0.950377
0.928513
0.928984
0.939835
0.773763
0.973432
0.902528
0.58686
0.927944
0.61015
0.818181
0.920772
0.794515
1.088858
0.796003
0.969208
1.106021
1.135119
0.858394
0.897521
0.89288
0.566738
0.803172
0.588937
0.880957
0.888964
0.8536
4.603115
0.838598
0.82341
0.830789
1.001555
0.567773
1.02143
0.636414
0.898252
0.904861
0.98151
0.970761
1.118578
0.895843
0.988923
1.003402
0.921275
0.62073
0.859025
0.817783
0.844389
0.546782
1.020471
0.888704
0.870955
0.879541
0.899792
0.879644
0.966783
0.719423
0.61755
0.543662
0.996315
0.881544
0.955091
0.984937
0.582648
0.887272
0.710417
3.465958
0.865921
0.613139
0.911684
0.959031
1.133053
1.098478
0.834403
0.895816
0.896627
0.650897
0.983987
0.577709
0.938938
0.946353
0.941833
0.969514
0.512838
0.802217
0.621787
0.853919
0.577145
0.801387
0.635767
0.917664
0.552094
0.569101
0.857418
0.585648
0.845256
1.093559
1.016382
0.61932
0.559202
0.88879
0.816415
0.636065
0.884379
0.850509
0.914846
0.804944
1.003114
0.745538
0.577004
29.298694
0.524087
0.923004
0.707931
0.777849
0.941063
0.883407
0.968058
0.724447
0.712555
0.821285
1.142598
0.645039
0.492774
0.883654
0.645158
0.685248
1.042222
0.934416
0.920941
0.828005
0.516424
0.887072
1.200467
1.000631
0.988176
1.10174
0.560493
0.74129
0.794916
1.005323
0.885447
1.052066
0.828388
1.064381
0.69734
0.809848
1.029436
0.854362
0.89757
0.935685
0.977355
0.74162
0.885622
0.759575
0.891523
0.874154
0.7207
0.868571
1.086493
0.960143
0.900836
0.795625
0.85426
0.945583
1.068498
0.799192
0.943124
0.742732
0.718694
0.660908
0.80883
1.032842
0.785898
0.961778
1.179769
0.90499
0.831685
0.812922
0.946971
0.781131
0.944984
0.748926
0.755382
0.827543
1.025898
0.870522
0.865247
0.876767
0.589249
0.583897
0.994902
0.939849
1.201895
0.864118
0.898517
0.866474
0.897306
1.417212
0.918687
0.665738
0.972279
0.793179
0.75084
0.877834
0.915895
1.033356
0.80249
0.899857
1.017217
0.828839
1.390155
0.756
0.823181
0.511764
0.581628
0.935032
0.885289
0.784888
0.856587
0.866381
0.8651
1.067682
1.101323
0.624835
0.608214
0.924493
0.616399
0.563606
0.619401
0.847774
0.853872
0.583242
0.867968
0.89074
1.124214
0.847297
0.967175
0.897471
0.837807
0.864938
0.848592
0.717661
1.09798
0.874379
1.139464
0.817238
0.854709
0.86406
0.599628
0.51547
0.752766
0.790088
0.98207
0.9581
0.87772
0.809631
0.943713
0.790323
0.938318
0.940588
0.865174
1.379219
0.915271
0.948837
1.152813
0.524546
0.86525
0.80741
1.032915
0.846392
0.566311
1.041568
0.929935
0.572844
0.900985
1.05568
0.766707
0.786339
0.816904
0.94229
0.830056
0.781646
0.890169
0.600822
0.643907
2.967349
1.145904
0.547794
0.765105
0.938732
0.605391
0.66158
0.879772
0.861862
0.849084
0.873491
1.104912
0.775095
0.53855
0.923381
0.880016
0.883649
1.066819
0.552902
1.000776
0.563016
0.916041
1.034242
0.874835
0.892595
1.00658
0.918707
0.860988
0.936734
0.892256
0.73614
0.85279
0.985217
0.933148
1.041506
0.572685
0.583255
1.006862
0.925625
1.183555
0.668011
0.867337
1.000123
0.863685
0.860946
1.143017
1.025799
0.930318
0.761989
1.090656
0.793299
0.903649
1.052033
0.881133
0.722755
0.568487
0.889326
0.961863
1.048857
0.858913
0.868471
0.921017
0.833985
0.80212
0.8768
1.021422
0.835193
0.976171
0.678092
0.68857
0.815738
0.871061
0.897138
0.730746
0.940739
4.018982
0.696787
1.012486
0.928366
0.723017
0.893335
0.615854
0.642626
0.647624
0.587451
0.945484
0.912264
0.691103
1.987944
1.130824
0.857205
0.892234
0.654566
1.172848
0.968593
0.855104
0.484252
0.864899
0.883298
0.892437
0.885155
0.733272
0.858172
0.916344
0.857296
0.953898
0.543013
0.904406
0.715676
0.863272
0.722192
0.524512
0.995694
0.608552
0.83154
0.841583
0.575427
0.597362
4.487063
28.330817
0.90648
0.559439
0.843323
0.474674
1.094901
0.995279
0.83658
0.775629
0.75218
0.595962
0.721301
0.973281
0.843615
0.654797
1.030392
0.669447
0.924635
1.106849
0.884158
0.977423
0.733898
0.949989
0.866063
0.878587
0.909663
0.903968
0.852233
0.79878
0.677245
0.602342
0.87813
0.835805
0.935142
0.863668
0.931104
1.046455
0.521353
0.853475
0.744922
0.789835
0.521293
0.842321
0.94587
0.869352
1.063618
0.874568
0.920588
0.875081
0.860123
0.792392
0.675146
0.703171
0.977969
0.806369
31.00508
1.059627
0.867726
0.843319
0.80567
0.899814
0.843086
0.898045
0.823031
0.833371
0.785489
0.829513
0.866846
0.611271
0.868703
0.912931
0.557721
0.90594
0.857729
0.919258
1.010974
0.810006
1.069049
0.509336
1.029818
0.831497
0.52976
0.792459
0.552592
0.880112
0.580315
0.589067
0.789227
0.484125
0.931113
0.992891
0.983858
0.846592
0.873366
0.985084
0.798981
0.871701
0.927716
0.627149
1.052921
0.734657
0.825294
0.994764
0.601845
0.773428
0.800261
1.045493
0.833901
1.060194
1.137213
0.994482
0.945404
0.941058
0.791219
0.57507
0.981989
0.947132
0.93228
0.892151
0.542056
1.11372
0.978212
0.767632
0.608159
0.652133
1.065055
0.698839
0.836858
0.86695
0.652579
0.561267
0.899112
0.806764
0.831633
0.904704
0.70909
0.785426
0.954901
0.629779
0.980257
0.781784
0.936972
0.86991
0.968702
0.859587
0.500793
1.04382
0.869058
0.924399
0.875875
0.736168
1.094203
0.607379
0.949726
0.554254
1.851844
0.93703
0.921383
0.804167
1.011412
1.112632
0.611375
0.867739
0.900023
0.653811
0.931774
0.920301
0.880151
0.693766
0.859039
1.081365
0.699745
0.566481
0.935939
0.624429
0.92833
0.939442
0.810104
0.880588
0.965026
0.751298
0.591391
0.880129
0.849613
0.950692
0.880686
0.980327
0.887595
1.00932
0.856062
1.75468
0.482794
0.925545
0.524916
0.791466
0.856562
0.640321
0.713147
1.034692
0.885221
0.997946
1.032314
0.947898
0.915905
0.926574
0.944464
1.117712
0.865505
0.624483
0.998169
0.911002
0.767962
0.926981
0.928969
0.927969
1.181966
1.056029
0.944347
0.924614
0.910171
0.925154
0.833247
0.817515
0.93517
1.027988
0.547327
0.92967
0.638372
0.972164
0.918391
0.977068
0.82922
0.885056
0.800103
1.004885
0.963145
1.004792
1.093431
0.822808
0.917416
1.015422
0.775778
0.978246
0.915477
0.89198
0.544341
0.788294
0.903076
0.745937
0.730002
1.07959
0.697212
0.841351
1.072384
0.978641
0.896787
0.940896
0.750903
0.941345
0.86506
0.541412
1.045989
0.918138
0.697678
0.991882
0.553258
1.120888
0.592507
0.50696
0.735366
0.694703
1.132044
0.882744
1.040183
1.052401
0.89226
0.926034
0.704838
1.002222
0.612568
0.918848
0.953534
0.974637
0.757581
1.195939
0.934988
0.650511
0.992989
0.931405
0.575233
1.041362
0.936828
0.530003
0.616474
0.645009
0.957404
0.939626
0.549952
0.836309
0.91967
0.927935
0.669209
0.872866
0.952045
0.843725
0.734586
0.845926
0.944141
0.827486
0.884742
0.840282
0.952309
0.864955
0.978113
0.833543
0.925118
0.528822
0.558181
1.034202
0.984693
0.956415
0.733126
0.898329
0.888643
0.999483
0.981842
0.981324
0.558405
1.250095
1.115941
0.889335
0.958418
0.544078
0.929651
0.630299
0.857068
0.832811
0.888298
0.979802
1.035334
0.858786
0.713903
0.873631
1.009251
0.864328
1.066251
0.94187
0.57207
0.961945
0.666946
0.747978
0.786771
0.938587
1.134607
0.76121
0.613269
0.523994
0.590127
15.925757
1.149805
1.028098
0.49757
0.524086
1.108147
0.71164
0.637441
0.578377
1.001973
0.986241
0.909226
0.59099
0.582233
0.800348
1.126506
0.892762
0.896256
0.752275
0.514546
0.971601
0.595083
0.865095
0.727013
0.882834
0.873723
0.940406
0.852351
0.976377
0.770972
0.875588
0.946785
0.744464
0.8553
0.799828
0.62259
0.878596
0.564324
0.894421
0.923146
1.549993
0.890233
0.897395
0.703613
0.94775
0.905093
0.949809
0.974782
0.876416
0.986539
1.00999
0.937878
0.604225
0.9178
0.908921
1.055916
1.01512
0.809339
0.867726
0.51921
0.958806
0.506031
0.946937
0.610127
0.624005
1.349266
0.754261
0.875031
0.987517
1.126626
0.545399
0.538258
0.873975
1.025459
1.080603
0.651459
0.571776
0.81283
0.894984
0.579116
0.925617
0.982456
1.007154
1.140926
0.524592
0.893497
0.552276
0.823747
0.886649
0.59437
0.856586
0.922304
0.72142
1.000924
0.888803
1.13101
0.929916
0.863406
0.97912
0.705963
0.845968
0.970633
0.996345
1.018074
0.821079
0.86562
1.056718
0.932613
1.007672
0.909271
0.91551
0.95386
0.949529
0.899266
0.90833
0.89503
0.891431
1.051718
0.789781
0.972918
0.562925
0.901076
1.110017
0.798543
1.103755
0.573512
0.787862
0.980156
0.755388
1.03286
0.931399
0.69378
0.682401
0.869535
0.814607
1.613277
0.955977
0.935148
1.045803
0.986471
0.805706
0.968826
0.561936
0.791963
0.559039
0.855685
1.123619
0.930345
0.867372
0.86806
1.00569
0.959618
0.776931
0.911499
0.986933
0.885249
0.830445
0.827658
1.208592
0.748355
1.15187
1.194251
0.585975
0.96792
0.930309
0.859417
0.912462
0.89696
1.022056
0.506934
0.565851
0.938269
0.860398
0.990459
