0.447104	1
0.449152	1
0.456576	1
0.461696	1
0.46220799999999995	1
0.46476799999999996	1
0.468352	1
0.9372159999999999	2
0.468864	1
0.47296	1
0.473472	1
0.947456	2
0.47526399999999996	1
0.47603199999999996	1
0.4768	1
0.477568	1
0.479104	1
0.48063999999999996	1
0.9648639999999999	2
0.48447999999999997	1
0.484992	1
0.48524799999999996	1
0.485504	1
0.48575999999999997	1
0.48704	1
0.488832	1
0.48908799999999997	1
0.489344	1
0.4896	1
0.48985599999999996	1
0.490112	1
0.9807359999999999	2
0.49216	1
0.49241599999999996	1
0.985344	2
0.9889279999999999	2
0.98944	2
0.496256	1
0.49702399999999997	1
0.995072	2
0.9955839999999999	2
0.498048	1
0.49830399999999997	1
0.49856	1
0.49907199999999996	1
0.499328	1
0.999168	2
0.49983999999999995	1
1.000192	2
0.500352	1
0.500864	1
0.50112	1
0.5013759999999999	1
0.501888	1
1.0048	2
0.502656	1
0.502912	1
0.503168	1
0.503424	1
0.50368	1
0.504192	1
0.504448	1
0.5047039999999999	1
0.505216	1
0.505472	1
0.505728	1
1.012992	2
1.521792	3
0.50752	1
1.0160639999999999	2
0.508288	1
0.508544	1
1.0211839999999999	2
1.021696	2
0.5113599999999999	1
1.023232	2
0.51264	1
0.5131519999999999	1
0.513408	1
0.513664	1
0.514176	1
0.514432	1
0.514944	1
0.516736	1
0.516992	1
0.5172479999999999	1
0.517504	1
1.03552	2
0.518016	1
1.036544	2
1.037056	2
0.518784	1
0.51904	1
1.038592	2
0.5198079999999999	1
1.040128	2
0.52032	1
1.0411519999999999	2
0.521088	1
0.521344	1
2.0864	4
0.522112	1
0.5223679999999999	1
0.52288	1
1.569408	3
0.523648	1
0.52416	1
3.671808	7
0.525056	1
1.5767039999999999	3
2.10432	4
1.053184	2
1.054208	2
1.582848	3
1.0562559999999999	2
1.58592	3
1.587456	3
1.588992	3
1.060352	2
3.714816	7
1.0624	2
2.126848	4
1.5966719999999999	3
2.130944	4
1.5997439999999998	3
1.60128	3
2.137088	4
1.0695679999999999	2
1.071616	2
3.21792	6
4.294656	8
1.0746879999999999	2
2.151424	4
2.153472	4
2.15552	4
1.6181759999999998	3
1.6197119999999998	3
4.323328	8
2.163712	4
2.1657599999999997	4
2.167808	4
1.627392	3
1.085952	2
2.71744	5
1.0879999999999999	2
2.72256	5
1.6350719999999999	3
1.091072	2
1.6381439999999998	3
2.1862399999999997	4
2.73536	5
0.547584	1
3.8366719999999996	7
2.194432	4
2.1964799999999998	4
2.200576	4
3.3039359999999998	6
2.75584	5
2.20672	4
1.104384	2
2.210816	4
2.2128639999999997	4
1.661184	3
2.21696	4
4.438016	8
3.331584	6
2.2231039999999997	4
2.78144	5
3.8975999999999997	7
2.229248	4
2.78912	5
1.1166719999999999	2
3.353088	6
2.7967999999999997	5
3.359232	6
2.241536	4
2.80448	5
2.8070399999999998	5
3.9334399999999996	7
0.5624319999999999	1
3.3776639999999998	6
1.126912	2
2.8198399999999997	5
2.25792	4
3.3899519999999996	6
5.65504	10
2.264064	4
2.2661119999999997	4
1.13408	2
5.107968	9
2.272256	4
5.117184	9
3.414528	6
4.5568	8
1.7103359999999999	3
3.9943679999999997	7
2.284544	4
2.85824	5
5.7216	10
3.436032	6
5.158656	9
3.442176	6
5.167872	9
5.17248	9
2.87616	5
2.87872	5
5.76256	10
5.190912	9
5.7728	10
4.044544	7
2.89152	5
3.472896	6
2.8966399999999997	5
4.058879999999999	7
5.223167999999999	9
3.485184	6
4.0696319999999995	7
2.90944	5
2.912	5
2.331648	4
3.5005439999999997	6
2.335744	4
5.260032	9
4.09472	7
4.683776	8
4.101888	7
4.691968	8
2.93504	5
4.11264	7
4.116224	7
3.5312639999999997	6
5.89056	10
4.716544	8
4.7206399999999995	8
3.543552	6
4.137728	7
10.057471999999999	17
6.513408	11
3.55584	6
4.152064	7
6.530304	11
3.565056	6
5.94688	10
5.3568	9
5.361408	9
4.769792	8
7.757568	13
3.583488	6
5.9776	10
8.974079999999999	15
4.790272	8
5.393663999999999	9
2.99904	5
4.20224	7
4.205824	7
5.412096	9
2.407424	4
4.216576	7
5.42592	9
4.827135999999999	8
7.246848	12
9.670656	16
4.839424	8
4.23808	7
8.483328	14
4.245248	7
6.676736	11
5.467391999999999	9
6.08	10
5.476608	9
3.04512	5
8.533503999999999	14
6.10048	10
3.66336	6
4.888576	8
7.339008	12
6.7330559999999995	11
4.288256	7
7.97056	13
7.3635839999999995	12
3.6848639999999997	6
9.21984	15
6.7668479999999995	11
5.541119999999999	9
4.929536	8
8.633856	14
8.641024	14
3.08864	5
8.65536	14
9.281279999999999	15
6.19264	10
3.7186559999999997	6
3.1014399999999998	5
4.3456	7
8.698368	14
8.083712	13
4.356352	7
6.228479999999999	10
8.103679999999999	13
3.743232	6
1.873152	3
7.498752	12
6.25408	10
3.7555199999999997	6
6.26432	10
5.6424959999999995	9
2.509824	4
6.907648	11
6.913279999999999	11
6.2899199999999995	10
8.813056	14
12.60032	20
3.15264	5
5.67936	9
6.9470719999999995	11
5.688575999999999	9
5.693184	9
6.33088	10
5.0687999999999995	8
5.072896	8
3.17312	5
5.7162239999999995	9
5.720832	9
4.45312	7
8.913408	14
5.734655999999999	9
8.290047999999999	13
5.743872	9
7.6646399999999995	12
7.031552	11
7.037184	11
10.244095999999999	16
5.126144	8
8.33664	13
7.701504	12
7.065344	11
3.21408	5
5.7899519999999995	9
6.4384	10
2.5774079999999997	4
6.44864	10
11.616767999999999	18
7.750655999999999	12
7.756799999999999	12
10.350591999999999	16
6.47424	10
3.887616	6
4.539136	7
5.84064	9
7.793664	12
11.049728	17
7.805952	12
4.557056	7
9.7728	15
2.608128	4
12.398335999999999	19
5.877504	9
12.417791999999999	19
9.157119999999999	14
9.164287999999999	14
3.2755199999999998	5
6.556159999999999	10
9.84192	15
6.5664	10
7.2286719999999995	11
7.891967999999999	12
4.607232	7
3.9521279999999996	6
5.932799999999999	9
7.256831999999999	11
7.922688	12
1.982208	3
3.967488	6
8.602879999999999	13
5.9604479999999995	9
4.639488	7
7.9595519999999995	12
11.284735999999999	17
5.978879999999999	9
3.9889919999999996	6
3.9920639999999996	6
5.326848	8
8.662784	13
8.002559999999999	12
6.67392	10
4.007423999999999	6
13.368319999999999	20
10.702848	16
8.03328	12
6.029567999999999	9
5.363712	8
10.735616	16
6.71488	10
9.408	14
6.7251199999999995	10
9.422336	14
8.755968	13
6.74048	10
4.72192	7
2.700288	4
6.75584	10
4.056576	6
6.089472	9
7.44832	11
5.421056	8
2.034432	3
8.143872	12
4.754176	7
5.43744	8
10.20288	15
7.487743999999999	11
8.174591999999999	12
5.453824	8
4.09344	6
7.510272	11
4.099584	6
2.051328	3
6.158592	9
5.4784	8
4.797184	7
6.172416	9
6.86336	10
6.181632	9
6.8736	10
6.8787199999999995	10
7.572223999999999	11
7.577856	11
6.2046719999999995	9
6.8991999999999996	10
6.904319999999999	10
1.381888	2
2.765824	4
4.843776	7
5.53984	8
3.46496	5
5.548032	8
6.94016	10
2.083584	3
5.56032	8
4.868863999999999	7
10.440959999999999	15
5.572608	8
3.4854399999999996	5
5.5808	8
6.98112	10
6.98624	10
6.292224	9
6.99648	10
8.40192	12
3.50336	5
7.713024	11
4.911872	7
6.319872	9
10.540799999999999	15
4.922624	7
4.2224639999999996	6
2.112768	3
5.638144	8
4.23168	6
7.057919999999999	10
5.6504319999999995	8
7.06816	10
4.243968	6
7.786239999999999	11
2.833408	4
7.08864	10
7.09376	10
6.388992	9
2.8415999999999997	4
5.687296	8
6.402816	9
4.9835519999999995	7
7.124479999999999	10
4.99072	7
7.848192	11
4.997888	7
9.288447999999999	13
10.010112	14
5.7241599999999995	8
2.864128	4
5.015808	7
4.3023359999999995	6
4.305408	6
9.33504	13
3.5929599999999997	5
3.59552	5
5.037312	7
0.720128	1
5.04448	7
6.490368	9
5.051648	7
6.499584	9
5.058816	7
1.4464	2
3.61856	5
4.345344	6
8.696831999999999	12
6.527232	9
4.35456	6
7.26272	10
12.355328	17
2.9091839999999998	4
7.27808	10
3.6416	5
9.474815999999999	13
2.917376	4
3.6492799999999996	5
7.30368	10
8.039679999999999	11
5.8511359999999994	8
4.391424	6
8.788992	12
5.863423999999999	8
5.13408	7
5.137664	7
5.875712	8
5.879808	8
3.67744	5
7.359999999999999	10
5.155584	7
5.896192	8
8.850432	12
3.6902399999999997	5
5.90848	8
3.69536	5
3.69792	5
5.920768	8
6.665471999999999	9
5.18784	7
6.674688	9
3.71072	5
2.970624	4
4.459008	6
8.18048	11
8.930304	12
3.7235199999999997	5
8.197376	11
2.237184	3
6.7161599999999995	9
8.961024	12
2.241792	3
10.468864	14
4.4897279999999995	6
3.7439999999999998	5
4.495871999999999	6
3.74912	5
4.502016	6
2.252544	3
4.50816	6
7.51872	10
6.771456	9
5.270271999999999	7
6.027264	8
7.539199999999999	10
3.77216	5
3.77472	5
4.532736	6
4.535807999999999	6
2.26944	3
6.812927999999999	9
4.545024	6
3.7900799999999997	5
3.034112	4
6.0723199999999995	8
8.355072	11
3.8003199999999997	5
6.845184	9
6.849792	9
4.569599999999999	6
6.096896	8
6.8636159999999995	9
4.578816	6
3.81824	5
4.58496	6
3.058688	4
7.65184	10
5.359872	7
3.83104	5
3.06688	4
3.83616	5
3.83872	5
5.3777919999999995	7
6.150144	8
5.3849599999999995	7
3.84896	5
3.85152	5
3.083264	4
7.713279999999999	10
3.8592	5
6.178815999999999	8
4.6371839999999995	6
4.640256	6
8.512768	11
7.744	10
6.1992959999999995	8
6.203392	8
2.327808	3
5.435136	7
4.66176	6
6.2197759999999995	8
4.667904	6
2.335488	3
4.674048	6
5.45664	7
4.680192	6
4.683263999999999	6
4.686336	6
7.8156799999999995	10
5.474559999999999	7
5.4781439999999995	7
5.4817279999999995	7
6.268928	8
5.4888959999999996	7
8.63104	11
3.92576	5
7.85664	10
3.144704	4
3.1467519999999998	4
3.1488	4
2.363136	3
3.9411199999999997	5
7.887359999999999	10
6.313984	8
6.31808	8
4.741632	6
3.9539199999999997	5
1.582592	2
3.95904	5
6.338559999999999	8
2.3784959999999997	3
4.760064	6
3.96928	5
3.97184	5
8.74368	11
7.158528	9
8.754944	11
4.778496	6
4.781568	6
5.5820799999999995	7
4.787712	6
3.99232	5
3.1959039999999996	4
7.994879999999999	10
5.603584	7
5.607168	7
5.610752	7
5.614336	7
4.81536	6
4.818432	6
9.643008	12
8.04096	10
4.827648	6
4.0256	5
4.833792	6
8.867583999999999	11
6.453247999999999	8
4.035839999999999	5
7.26912	9
4.849152	6
1.617408	2
4.04608	5
2.429184	3
5.671679999999999	7
1.6215039999999998	2
4.867584	6
4.870655999999999	6
6.498304	8
4.064	5
7.319808	9
6.510592	8
4.886016	6
9.778176	12
3.26144	4
2.447616	3
0.816384	1
2.450688	3
4.9044479999999995	6
3.27168	4
9.821183999999999	12
8.18944	10
2.458368	3
3.2798719999999997	4
4.92288	6
9.030911999999999	11
3.286016	4
1.644032	2
6.580223999999999	8
4.9382399999999995	6
4.11776	5
4.9443839999999994	6
2.473728	3
3.3003519999999997	4
5.7791999999999994	7
5.7827839999999995	7
2.479872	3
4.962816	6
2.482944	3
5.79712	7
6.629376	8
5.804288	7
4.9781759999999995	6
3.320832	4
4.1536	5
4.15616	5
5.822208	7
5.825792	7
8.327679999999999	10
5.83296	7
5.002752	6
3.3372159999999997	4
2.504448	3
10.859264	13
7.5225599999999995	9
0.836352	1
5.858048	7
3.349504	4
9.216768	11
5.868799999999999	7
5.033472	6
5.036544	6
1.679872	2
4.20224	5
5.8867199999999995	7
2.524416	3
2.5259519999999998	3
3.3699839999999996	4
4.21504	5
2.53056	3
5.064191999999999	6
5.067264	6
1.6901119999999998	2
7.610112	9
7.614719999999999	9
5.079552	6
5.082624	6
11.866624	14
5.088768	6
5.0918399999999995	6
1.6983039999999998	2
8.49664	10
7.651584	9
1.701376	2
4.256	5
5.110272	6
6.817792	8
6.8218879999999995	8
5.119488	6
5.976319999999999	7
5.1256319999999995	6
3.419136	4
5.9870719999999995	7
10.269696	12
5.137919999999999	6
3.4273279999999997	4
7.716095999999999	9
6.004992	7
3.4334719999999996	4
4.2943999999999996	5
6.8751359999999995	8
5.159424	6
5.162496	6
6.026496	7
12.06016	14
6.033664	7
6.899712	8
6.903808	8
7.771392	9
12.959999999999999	15
8.64512	10
8.65024	10
12.983039999999999	15
5.196288	6
10.398719999999999	12
8.67072	10
0.8675839999999999	1
5.208576	6
6.080255999999999	7
9.560319999999999	11
6.0874239999999995	7
6.0910079999999995	7
8.70656	10
2.613504	3
6.97344	8
9.594111999999999	11
6.981631999999999	8
6.112512	7
6.989824	8
6.11968	7
6.123264	7
7.877376	9
8.75776	10
6.134016	7
8.767999999999999	10
7.018496	8
7.900416	9
5.270016	6
7.030784	8
5.27616	6
6.159104	7
4.40192	5
6.166271999999999	7
5.288448	6
7.055359999999999	8
7.059456	8
6.180607999999999	7
9.718016	11
11.491584	13
7.960319999999999	9
8.84992	10
7.084032	8
8.86016	10
7.092224	8
6.20928	7
6.212864	7
6.216448	7
9.774336	11
8.001792	9
8.895999999999999	10
5.340672	6
5.343744	6
4.45568	5
7.133184	8
8.9216	10
7.141375999999999	8
7.145472	8
6.255872	7
10.730495999999999	12
7.15776	8
7.161855999999999	8
11.644672	13
7.1700479999999995	8
6.277375999999999	7
8.07552	9
7.182335999999999	8
5.389824	6
8.089343999999999	9
7.194623999999999	8
13.4976	15
6.302464	7
8.107776	9
5.408256	6
5.411328	6
6.3168	7
6.320384	7
10.841088	12
1.807872	2
6.331136	7
6.33472	7
6.338304	7
7.247872	8
9.971456	11
7.256063999999999	8
9.075199999999999	10
7.264256	8
11.811072	13
9.09056	10
6.366975999999999	7
8.190719999999999	9
5.463552	6
9.11104	10
5.469696	6
5.472767999999999	6
10.95168	12
13.69728	15
6.3956479999999996	7
6.399232	7
2.744064	3
9.152	10
10.072832	11
6.413568	7
9.16736	10
4.58624	5
8.259839999999999	9
8.264448	9
6.431488	7
2.757888	3
4.59904	5
8.28288	9
2.762496	3
8.292095999999999	9
9.21856	10
8.301312	9
6.46016	7
11.080703999999999	12
4.61952	5
7.395327999999999	8
3.699712	4
4.6272	5
9.25952	10
9.26464	10
10.196736	11
6.4924159999999995	7
15.776	17
5.571072	6
6.503168	7
13.013504	14
4.65024	5
10.23616	11
10.241792	11
15.836927999999999	17
6.524672	7
7.460864	8
4.6655999999999995	5
4.668159999999999	5
9.34144	10
6.542592	7
5.611008	6
8.42112	9
11.234304	12
8.430336	9
12.183807999999999	13
11.252735999999999	12
10.32064	11
8.448768	9
10.331904	11
3.759104	4
11.283456	12
9.408	10
6.5891839999999995	7
11.301888	12
5.6540159999999995	6
11.314176	12
9.4336	10
8.494848	9
4.72192	5
5.669376	6
9.45408	10
5.67552	6
4.7321599999999995	5
14.20416	15
7.579648	8
10.427648	11
10.43328	11
5.6939519999999995	6
3.7980159999999996	4
8.550144	9
12.356864	13
13.31456	14
7.612416	8
13.328895999999999	14
10.478335999999999	11
8.577791999999999	9
9.536	10
9.54112	10
7.636991999999999	8
4.7756799999999995	5
9.556479999999999	10
7.64928	8
9.56672	10
13.400576	14
4.78848	5
4.79104	5
12.46336	13
7.673856	8
7.677951999999999	8
5.7615359999999995	6
8.646912	9
11.535359999999999	12
6.732544	7
6.736128	7
6.739712	7
8.669952	9
5.78304	6
10.607871999999999	11
13.508096	14
5.792256	6
12.556543999999999	13
11.5968	12
10.636032	11
6.771967999999999	7
8.711424	9
12.589824	13
5.813759999999999	6
7.755776	8
10.669824	11
3.8819839999999997	4
10.681087999999999	11
9.7152	10
5.832192	6
8.752896	9
13.622784	14
8.762112	9
8.76672	9
9.74592	10
8.775936	9
8.780543999999999	9
10.737408	11
10.743039999999999	11
7.817215999999999	8
5.865984	6
10.759936	11
5.872128	6
14.687999999999999	15
6.857984	7
7.841792	8
4.90368	5
6.868735999999999	7
8.83584	9
7.858175999999999	8
7.862272	8
13.766143999999999	14
7.870463999999999	8
9.8432	10
7.878655999999999	8
3.941376	4
9.858559999999999	10
4.931839999999999	5
6.90816	7
8.886528	9
5.927423999999999	6
5.930496	6
8.900352	9
2.96832	3
4.9497599999999995	5
5.942784	6
8.918783999999999	9
6.940416	7
5.952	6
7.940096	8
5.958144	6
1.987072	2
8.946432	9
5.967359999999999	6
4.975359999999999	5
5.973504	6
2.988288	3
5.979648	6
6.979839999999999	7
7.981056	8
5.9888639999999995	6
7.989248	8
9.991679999999999	10
11.99616	12
7.001344	7
9.006336	9
6.007295999999999	6
7.012096	7
5.0112	5
7.019264	7
5.0163199999999994	5
7.026432	7
9.038592	9
7.0336	7
9.047808	9
10.05824	10
8.050688	8
6.041087999999999	6
3.02208	3
14.110208	14
12.100608	12
4.035584	4
7.065855999999999	7
10.0992	10
6.0625919999999995	6
6.065664	6
9.103104	9
2.023936	2
12.149759999999999	12
8.103936	8
8.108032	8
5.07008	5
9.130752	9
6.09024	6
8.128511999999999	8
5.082879999999999	5
7.119616	7
4.0704	4
2.036224	2
7.130368	7
8.153088	8
9.176832	9
7.14112	7
4.082688	4
3.063552	3
7.151872	7
8.177664	8
6.1363199999999996	6
6.139392	6
7.166207999999999	7
5.12128	5
9.222911999999999	9
4.10112	4
7.180543999999999	7
10.26304	10
4.107264	4
4.109312	4
5.1392	5
4.113408	4
9.259776	9
3.0881279999999998	3
8.239104	8
3.0911999999999997	3
6.185472	6
6.188543999999999	6
5.15968	5
13.421823999999999	13
5.1648	5
6.200832	6
8.271872	8
8.275967999999999	8
8.280064	8
5.1776	5
2.072064	2
8.292352	8
4.148224	4
5.18784	5
6.228479999999999	6
9.347328	9
7.273727999999999	7
7.277311999999999	7
2.080256	2
4.16256	4
4.164607999999999	4
3.1249919999999998	3
12.506112	12
9.384191999999999	9
7.3024	7
9.393407999999999	9
4.176896	4
9.402624	9
2.090496	2
7.32032	7
7.323904	7
3.140352	3
9.425664	9
6.286848	6
6.2899199999999995	6
16.785408	16
15.751679999999999	15
9.460224	9
8.41728	8
13.691391999999999	13
12.650495999999999	12
11.607552	11
14.787583999999999	14
15.8592	15
13.757952	13
12.711936	12
14.844928	14
13.797887999999999	13
8.4992	8
9.570815999999999	9
10.64448	10
12.785663999999999	12
12.797951999999999	12
10.6752	10
7.479807999999999	7
10.69568	10
9.635328	9
11.787776	11
9.65376	9
7.515648	7
9.672191999999999	9
9.681408	9
7.537152	7
9.69984	9
9.709056	9
12.957695999999999	12
7.565823999999999	7
7.572991999999999	7
6.49728	6
11.922944	11
14.104064	13
6.515712	6
6.521856	6
10.879999999999999	10
8.712192	8
9.810431999999999	9
8.728576	8
7.644672	7
9.83808	9
7.659008	7
8.761344	8
10.96192	10
18.652672	17
14.27712	13
10.99264	10
8.802304	8
8.810495999999999	8
11.02336	10
13.240319999999999	12
5.52192	5
7.737856	7
11.06432	10
12.182015999999999	11
4.43392	4
8.876032	8
11.105279999999999	10
8.892415999999999	8
4.450304	4
8.9088	8
5.573119999999999	5
8.925184	8
13.400063999999999	12
4.470784	4
12.305919999999999	11
11.19744	10
4.483072	4
8.974336	8
8.982528	8
7.866879999999999	7
5.62432	5
6.7553279999999996	6
5.63456	5
6.767615999999999	6
4.51584	4
10.169856	9
6.786048	6
12.452352	11
12.463616	11
9.07264	8
9.080832	8
4.544512	4
5.68576	5
5.69088	5
9.1136	8
18.243584	16
3.4237439999999997	3
4.569088	4
3.429888	3
10.298879999999999	9
10.308095999999999	9
4.585472	4
3.442176	3
10.335744	9
4.59776	4
13.805568	12
3.4544639999999998	3
10.372608	9
8.074752	7
4.61824	4
5.77792	5
5.78304	5
5.7881599999999995	5
8.110592	7
3.47904	3
9.285632	8
1.1617279999999999	1
5.813759999999999	5
5.81888	5
3.4943999999999997	3
8.160768	7
3.5005439999999997	3
7.007231999999999	6
4.675584	4
11.6992	10
3.512832	3
7.031808	6
1.172992	1
3.522048	3
5.8751999999999995	5
3.5281919999999998	3
9.416704	8
5.89056	5
3.5374079999999997	3
2.3603199999999998	2
5.90592	5
3.546624	3
4.732927999999999	4
8.289792	7
8.29696	7
5.93152	5
4.749312	4
8.318463999999999	7
2.378752	2
4.7616	4
4.765696	4
3.5773439999999996	3
5.967359999999999	5
4.777984	4
3.58656	3
7.179264	6
4.790272	4
3.595776	3
4.798464	4
7.20384	6
2.405376	2
6.01856	5
2.409472	2
3.61728	3
3.620352	3
4.831232	4
6.04416	5
9.678848	8
9.68704	8
3.635712	3
6.06464	5
2.427904	2
2.429952	2
6.08	5
2.4340479999999998	2
1.218048	1
4.876288	4
1.2200959999999998	1
8.547839999999999	7
4.888576	4
4.892672	4
6.120959999999999	5
9.801727999999999	8
4.90496	4
4.909056	4
2.456576	2
6.14656	5
3.6910079999999996	3
6.1568	5
6.161919999999999	5
6.16704	5
4.937728	4
1.2354559999999999	1
3.712512	3
3.7155839999999998	3
2.479104	2
2.481152	2
3.7247999999999997	3
6.21312	5
4.9745919999999995	4
6.22336	5
6.228479999999999	5
2.49344	2
4.990976	4
3.746304	3
3.749376	3
2.501632	2
6.2592	5
2.505728	2
3.7616639999999997	3
3.7647359999999996	3
6.27968	5
3.77088	3
3.777024	3
6.30016	5
5.044224	4
3.78624	3
3.789312	3
2.528256	2
1.2651519999999998	1
1.266176	1
8.8704	7
2.536448	2
3.807744	3
3.810816	3
1.271296	1
6.3616	5
2.546688	2
2.548736	2
8.927743999999999	7
2.552832	2
2.55488	2
1.278464	1
1.279488	1
5.1220479999999995	4
2.563072	2
1.28256	1
6.41792	5
6.423039999999999	5
7.713792	6
2.573312	2
2.57536	2
2.5774079999999997	2
1.289728	1
3.8722559999999997	3
6.4639999999999995	5
2.5876479999999997	2
2.589696	2
1.295872	1
7.781376	6
1.29792	1
7.793664	6
2.599936	2
5.203968	4
3.9060479999999997	3
3.9091199999999997	3
3.9121919999999997	3
1.305088	1
5.224448	4
5.228543999999999	4
3.92448	3
3.927552	3
1.310208	1
2.622464	2
2.6245119999999997	2
1.31328	1
3.9429119999999998	3
5.261311999999999	4
2.632704	2
7.904255999999999	6
3.9551999999999996	3
3.958272	3
5.281791999999999	4
1.322496	1
5.29408	4
5.298176	4
1.3255679999999999	1
2.653184	2
1.327616	1
5.31456	4
6.65344	5
3.995136	3
1.332736	1
1.3337599999999998	1
4.004352	3
1.3358079999999999	1
4.010496	3
2.675712	2
1.3388799999999998	1
8.039424	6
6.7046399999999995	5
4.025856	3
5.3759999999999994	4
1.345024	1
4.038144	3
2.696192	2
2.6982399999999997	2
1.350144	1
4.056576	3
2.706432	2
4.06272	3
1.355264	1
5.425152	4
2.7146239999999997	2
4.07808	3
4.0811519999999994	3
1.361408	1
5.4497279999999995	4
2.726912	2
5.45792	4
4.099584	3
5.4702079999999995	4
2.7392	2
4.111872	3
4.1149439999999995	3
6.86336	5
2.74944	2
1.3757439999999999	1
2.753536	2
2.755584	2
1.378816	1
1.37984	1
2.7617279999999997	2
1.381888	1
1.3839359999999998	1
2.76992	2
1.3859839999999999	1
1.387008	1
1.391104	1
2.786304	2
1.3941759999999999	1
2.794496	2
2.796544	2
1.3992959999999999	1
1.403392	1
1.4044159999999999	1
1.40544	1
1.4074879999999999	1
2.817024	2
5.638144	4
2.82112	2
4.234751999999999	3
1.4126079999999999	1
1.413632	1
2.829312	2
1.4156799999999998	1
4.250112	3
5.6709119999999995	4
1.418752	1
1.419776	1
2.847744	2
1.424896	1
2.8518399999999997	2
4.280832	3
1.428992	1
2.860032	2
1.432064	1
4.299264	3
1.4341119999999998	1
1.435136	1
5.7446399999999995	4
4.311552	3
1.438208	1
1.4392319999999998	1
2.880512	2
1.44128	1
1.442304	1
1.4443519999999999	1
4.3422719999999995	3
1.448448	1
2.900992	2
4.35456	3
2.907136	2
2.9255679999999997	2
1.464832	1
1.46688	1
4.403712	3
2.937856	2
5.879808	4
4.412928	3
4.4159999999999995	3
2.950144	2
1.478144	1
1.480192	1
1.4812159999999999	1
1.483264	1
2.9685759999999997	2
2.97472	2
1.488384	1
1.491456	1
1.493504	1
1.4945279999999999	1
1.4976	1
1.498624	1
3.007488	2
1.5047679999999999	1
1.505792	1
1.5078399999999998	1
1.510912	1
1.511936	1
1.5129599999999999	1
3.027968	2
1.5180799999999999	1
1.519104	1
1.520128	1
1.5211519999999998	1
1.522176	1
3.050496	2
1.5262719999999999	1
1.527296	1
3.05664	2
1.530368	1
3.064832	2
1.535488	1
3.0730239999999998	2
4.612608	3
1.53856	1
1.542656	1
1.54368	1
1.547776	1
3.0996479999999997	2
4.652544	3
1.551872	1
1.5528959999999998	1
1.5549439999999999	1
1.555968	1
3.113984	2
1.5580159999999998	1
1.56416	1
3.130368	2
1.5662079999999998	1
1.567232	1
1.575424	1
1.578496	1
1.580544	1
1.5815679999999999	1
3.1692799999999997	2
3.177472	2
3.1795199999999997	2
1.5948799999999999	1
3.191808	2
1.596928	1
3.202048	2
1.602048	1
4.81536	3
1.606144	1
1.607168	1
3.224576	2
1.6133119999999999	1
1.617408	1
3.238912	2
1.62048	1
4.867584	3
1.6235519999999999	1
1.624576	1
1.627648	1
1.6317439999999999	1
1.633792	1
1.63584	1
1.6368639999999999	1
1.64096	1
1.6450559999999999	1
1.64608	1
1.647104	1
1.649152	1
1.652224	1
1.65632	1
1.6583679999999998	1
1.659392	1
1.660416	1
1.664512	1
3.331072	2
1.6665599999999998	1
1.667584	1
1.6686079999999999	1
1.670656	1
3.345408	2
1.6737279999999999	1
1.674752	1
1.686016	1
1.688064	1
1.689088	1
1.6901119999999998	1
3.3904639999999997	2
5.0918399999999995	3
3.402752	2
1.7034239999999998	1
1.704448	1
5.12256	3
1.709568	1
1.711616	1
1.7136639999999999	1
5.147136	3
1.71776	1
1.731072	1
5.196288	3
1.739264	1
1.7402879999999998	1
1.741312	1
1.747456	1
1.749504	1
1.754624	1
1.7556479999999999	1
1.7587199999999998	1
1.759744	1
3.5276799999999997	2
1.764864	1
1.771008	1
1.773056	1
1.7740799999999999	1
1.7771519999999998	1
3.562496	2
1.7822719999999999	1
1.788416	1
1.78944	1
1.791488	1
1.7925119999999999	1
1.793536	1
1.79456	1
3.5973119999999996	2
1.8007039999999999	1
1.8048	1
1.8109439999999999	1
1.811968	1
1.82528	1
1.826304	1
3.6546559999999997	2
1.8304	1
1.8355199999999998	1
1.838592	1
1.841664	1
1.8426879999999999	1
1.843712	1
1.847808	1
1.849856	1
1.8508799999999999	1
1.852928	1
1.857024	1
1.8672639999999998	1
1.868288	1
1.870336	1
1.873408	1
1.875456	1
1.8826239999999999	1
1.888768	1
1.8908159999999998	1
1.893888	1
1.90208	1
1.9061759999999999	1
1.91232	1
1.918464	1
3.841024	2
1.934848	1
1.938944	1
1.9645439999999998	1
1.9747839999999999	1
1.984	1
1.9880959999999999	1
1.995264	1
2.007552	1
4.033536	2
2.022912	1
2.043392	1
2.048512	1
2.05056	1
2.0556799999999997	1
2.0587519999999997	1
2.059776	1
2.072064	1
2.077184	1
2.0792319999999997	1
2.093568	1
2.0956159999999997	1
2.13504	1
2.153472	1
2.20672	1
6.693887999999999	3
4.51584	2
2.2599679999999998	1
2.270208	1
2.272256	1
2.315264	1
2.331648	1
2.3500799999999997	1
2.3767039999999997	1
2.4033279999999997	1
2.448384	1
2.4668159999999997	1
2.4770559999999997	1
2.49344	1
5.007359999999999	2
2.515968	1
2.528256	1
2.546688	1
2.548736	1
2.5507839999999997	1
2.591744	1
2.608128	1
2.6245119999999997	1
2.62656	1
2.6347519999999998	1
2.638848	1
2.690048	1
2.7310079999999997	1
2.74944	1
2.757632	1
2.81088	1
2.8518399999999997	1
2.95424	1
2.993152	1
3.1999999999999997	1
3.28192	1
3.2962559999999996	1
3.652608	1
3.687424	1
3.832832	1
3.853312	1
3.873792	1
3.9188479999999997	1
4.109312	1
4.20864	1
4.220928	1
4.2455039999999995	1
4.302848	1
4.470784	1
4.5199359999999995	1
4.528128	1
4.5568	1
4.6592	1
4.82304	1
4.8476159999999995	1
5.023744	1
5.040128	1
5.105664	1
5.203968	1
5.220352	1
5.289984	1
5.310464	1
5.441536	1
5.5234559999999995	1
5.584896	1
5.736447999999999	1
5.994496	1
6.203392	1
6.64576	1
6.707199999999999	1
6.95296	1
7.104512	1
7.161855999999999	1
7.411712	1
7.510015999999999	1
8.16128	1
8.312832	1
8.523776	1
8.802304	1
8.94976	1
9.555968	1
9.89184	1
10.457087999999999	1
10.620928	1
10.694656	1
21.9136	1
22.798336	1
23.928832	1
23.945216	1
25.223167999999998	1
25.812991999999998	1
28.516351999999998	1
28.663808	1
29.155327999999997	1
29.515776	1
30.810112	1
31.072256	1
31.973376	1
37.92896	1
45.400064	1
46.12096	1
48.381952	1
48.447488	1
51.658752	1
54.018048	1
54.411263999999996	1
55.525375999999994	1
56.377344	1
56.639488	1
56.999936	1
57.065472	1
57.26208	1
57.884671999999995	1
58.179584	1
58.671104	1
58.736639999999994	1
58.900479999999995	1
59.031552	1
59.817983999999996	1
59.916287999999994	1
59.949056	1
60.080127999999995	1
60.2112	1
60.309504	1
60.604416	1
121.33990399999999	2
60.70272	1
60.768255999999994	1
60.801024	1
60.86656	1
60.899328	1
122.0608	2
122.126336	2
61.095935999999995	1
61.128704	1
61.161471999999996	1
61.259775999999995	1
61.292544	1
61.325312	1
61.620224	1
62.078976	1
62.50496	1
76.578816	1
83.06688	1
85.16403199999999	1
86.67135999999999	1
86.933504	1
86.99904	1
90.669056	1
0.43891199999999997	1
0.45094399999999996	1
0.453248	1
0.457344	1
0.457856	1
0.458368	1
0.934144	2
0.93568	2
0.468352	1
0.47065599999999996	1
0.470912	1
0.47142399999999995	1
0.47270399999999996	1
0.47321599999999997	1
0.475008	1
0.475776	1
0.47654399999999997	1
0.48063999999999996	1
0.480896	1
0.483456	1
0.48524799999999996	1
0.971008	2
0.486016	1
0.487552	1
0.49036799999999997	1
0.491648	1
0.49190399999999995	1
0.49318399999999996	1
0.49523199999999995	1
0.495488	1
0.992	2
0.992512	2
0.49651199999999995	1
0.49779199999999996	1
0.49856	1
0.49907199999999996	1
0.50368	1
0.504448	1
0.50496	1
0.505472	1
0.5072639999999999	1
0.508288	1
0.508544	1
1.018112	2
0.509568	1
1.0211839999999999	2
0.5113599999999999	1
1.5356159999999999	3
0.5139199999999999	1
0.514944	1
0.515456	1
1.5471359999999998	3
0.515968	1
0.516224	1
0.5164799999999999	1
1.033472	2
1.03552	2
0.518016	1
0.518272	1
1.037056	2
1.040128	2
0.5205759999999999	1
1.042176	2
1.042688	2
0.5216	1
1.043712	2
1.0447359999999999	2
0.522624	1
0.52288	1
1.0462719999999999	2
0.523392	1
0.523648	1
0.5239039999999999	1
2.09664	4
0.524544	1
2.62528	5
0.5255679999999999	1
0.52608	1
1.055232	2
1.0562559999999999	2
1.58592	3
2.6457599999999997	5
1.059328	2
2.120704	4
1.0613759999999999	2
0.5312	1
0.531712	1
1.064448	2
1.5982079999999999	3
1.0664959999999999	2
1.60128	3
0.534272	1
1.604352	3
2.6764799999999997	5
1.071616	2
1.60896	3
0.536832	1
0.5373439999999999	1
2.151424	4
1.076736	2
1.6166399999999999	3
1.078784	2
1.0798079999999999	2
2.70208	5
3.7864959999999996	7
2.1657599999999997	4
1.083904	2
0.542464	1
2.71488	5
2.173952	4
1.0879999999999999	2
1.089024	2
2.72512	5
3.818752	7
1.092096	2
1.63968	3
2.73536	5
2.190336	4
3.8366719999999996	7
2.194432	4
2.1964799999999998	4
1.648896	3
2.200576	4
0.5506559999999999	1
3.858176	7
2.20672	4
1.6565759999999998	3
1.105408	2
2.2128639999999997	4
1.107456	2
2.21696	4
1.109504	2
1.665792	3
2.77888	5
1.6703999999999999	3
1.6719359999999999	3
3.904768	7
3.3500159999999997	6
2.235392	4
1.11872	2
1.679616	3
1.681152	3
1.121792	2
0.561408	1
2.24768	4
5.061888	9
2.81472	5
3.3807359999999997	6
4.511744	8
6.773759999999999	12
1.1299839999999999	2
1.696512	3
2.264064	4
1.699584	3
1.13408	2
2.83776	5
2.8403199999999997	5
3.411456	6
1.1381759999999999	2
3.4175999999999997	6
1.7103359999999999	3
3.9943679999999997	7
2.85568	5
4.5731839999999995	8
5.7216	10
2.290688	4
3.439104	6
3.442176	6
2.2968319999999998	4
2.29888	4
1.150464	2
2.87872	5
3.4575359999999997	6
3.4606079999999997	6
4.04096	7
4.044544	7
5.78304	10
2.8940799999999998	5
2.8966399999999997	5
2.31936	4
2.90176	5
6.970368	12
2.9068799999999997	5
3.4913279999999998	6
4.0767999999999995	7
3.4974719999999997	6
2.9171199999999997	5
3.5036159999999996	6
1.753344	3
2.9248	5
1.756416	3
4.101888	7
2.93248	5
1.174016	2
5.28768	9
5.292288	9
4.119808	7
3.5343359999999997	6
4.126976	7
2.3603199999999998	4
6.496512	11
2.364416	4
4.732927999999999	8
4.737024	8
3.55584	6
4.745216	8
5.93664	10
4.753407999999999	8
4.162815999999999	7
4.166399999999999	7
2.382848	4
4.769792	8
6.564095999999999	11
4.180736	7
6.57536	11
5.384448	9
2.395136	4
5.393663999999999	9
3.598848	6
6.0032	10
3.0041599999999997	5
4.209408	7
4.814848	8
3.6142079999999996	6
4.22016	7
9.05088	15
6.03904	10
3.626496	6
3.0246399999999998	5
3.63264	6
4.8476159999999995	8
6.06464	10
4.855808	8
3.6449279999999997	6
3.6479999999999997	6
3.04256	5
4.872192	8
1.219072	2
3.660288	6
6.1056	10
1.833216	3
7.950591999999999	13
3.672576	6
3.06304	5
2.45248	4
0.613632	1
3.0707199999999997	5
2.458624	4
7.382015999999999	12
3.0784	5
6.161919999999999	10
4.933631999999999	8
4.937728	8
3.706368	6
5.564159999999999	9
4.950016	8
0.6192639999999999	1
4.958208	8
6.823168	11
4.9664	8
4.970496	8
2.4872959999999997	4
4.356352	7
3.1142399999999997	5
1.24672	2
3.743232	6
3.746304	6
6.873856	11
5.003264	8
3.1296	5
5.011456	8
8.777216	14
5.647104	9
4.395776	7
4.39936	7
6.2899199999999995	10
3.777024	6
3.15008	5
6.30528	10
7.57248	12
5.052416	8
5.056512	8
7.590911999999999	12
4.431616	7
5.0687999999999995	8
5.707008	9
5.076992	8
3.810816	6
3.813888	6
6.9977599999999995	11
6.36672	10
4.460287999999999	7
3.826176	6
5.105664	8
8.942079999999999	14
7.670783999999999	12
6.39744	10
5.762303999999999	9
7.048448	11
3.84768	6
5.776128	9
8.349952	13
8.999424	14
8.363264	13
7.08224	11
7.7322239999999995	12
3.8691839999999997	6
5.163008	8
5.167104	8
12.2816	19
4.528384	7
3.884544	6
3.887616	6
4.539136	7
5.84064	9
5.1957759999999995	8
5.199872	8
10.407936	16
5.859071999999999	9
5.21216	8
9.128447999999999	14
7.830527999999999	12
8.489728	13
3.921408	6
9.157119999999999	14
6.54592	10
7.206144	11
3.2780799999999997	5
5.2490239999999995	8
6.5664	10
5.257216	8
8.549631999999999	13
5.265408	8
6.58688	10
4.6144	7
7.916544	12
6.60224	10
8.589568	13
6.61248	10
5.955839999999999	9
9.271808	14
5.302271999999999	8
2.653184	4
4.646656	7
3.9859199999999997	6
6.64832	10
6.65344	10
4.660991999999999	7
6.663679999999999	10
6.00192	9
6.006527999999999	9
5.3432319999999995	8
8.689408	13
8.696064	13
9.37216	14
4.689664	7
6.0341759999999995	9
6.038784	9
4.028928	6
4.032	6
4.707584	7
5.384192	8
7.4088959999999995	11
4.718336	7
5.3964799999999995	8
4.050432	6
5.404672	8
6.76096	10
10.825728	16
4.73984	7
3.38816	5
4.068864	6
6.1079039999999996	9
4.754176	7
4.75776	7
7.482112	11
6.126335999999999	9
5.4497279999999995	8
4.7720959999999994	7
4.7756799999999995	7
6.144768	9
6.149375999999999	9
5.4702079999999995	8
6.84288	10
8.2176	12
3.42656	5
4.1149439999999995	6
4.118016	6
3.43424	5
4.81152	7
4.815104	7
8.260608	12
4.133376	6
4.136448	6
3.4495999999999998	5
6.904319999999999	10
8.291328	12
4.840192	7
4.151808	6
4.1548799999999995	6
10.394879999999999	15
2.0805119999999997	3
6.246144	9
4.861695999999999	7
4.865279999999999	7
7.651072	11
7.6567039999999995	11
3.4828799999999998	5
8.365056	12
4.1856	6
5.584896	8
7.684863999999999	11
5.593088	8
4.197888	6
7.0016	10
4.204032	6
3.5059199999999997	5
7.718655999999999	11
3.51104	5
7.0272	10
9.142016	13
7.741184	11
5.634048	8
9.161984	13
5.64224	8
6.3521279999999996	9
5.6504319999999995	8
5.654528	8
4.243968	6
5.662719999999999	8
4.958464	7
5.6709119999999995	8
2.837504	4
4.259328	6
6.393599999999999	9
9.241856	13
4.2685439999999994	6
7.831296	11
6.412032	9
8.55552	12
4.994304	7
5.711872	8
6.430464	9
5.005056	7
5.00864	7
5.728256	8
3.5827199999999997	5
5.736447999999999	8
5.022976	7
6.46272	9
7.185919999999999	10
6.4719359999999995	9
9.355008	13
4.320768	6
9.368319999999999	13
5.769216	8
5.051648	7
5.777407999999999	8
8.672255999999999	12
6.5088	9
3.61856	5
2.896896	4
5.7978879999999995	8
6.527232	9
7.983359999999999	11
7.26272	10
5.087488	7
3.6364799999999997	5
6.550272	9
2.91328	4
4.372992	6
5.105408	7
5.108992	7
5.842944	8
6.57792	9
5.119744	7
7.319039999999999	10
5.126912	7
4.397568	6
5.13408	7
5.137664	7
8.079104	11
6.614783999999999	9
2.206464	3
8.096	11
1.473024	2
2.2110719999999997	3
5.900288	8
3.6902399999999997	5
5.90848	8
4.434432	6
8.875008	12
6.660864	9
4.443648	6
3.7056	5
5.933056	8
4.452864	6
4.4559359999999995	6
5.9453439999999995	8
3.7184	5
5.209344	7
3.7235199999999997	5
6.706944	9
8.203007999999999	11
5.96992	8
5.227264	7
5.230848	7
2.991104	4
4.4897279999999995	6
5.9904	8
2.2479359999999997	3
4.498944	6
6.002688	8
6.006784	8
6.762239999999999	9
8.270591999999999	11
5.266687999999999	7
6.776064	9
6.780672	9
4.5235199999999995	6
2.263296	3
4.5296639999999995	6
3.7772799999999997	5
4.535807999999999	6
3.7824	5
4.541952	6
6.060032	8
4.548096	6
8.343808	11
7.5904	10
6.835967999999999	9
2.280192	3
5.324032	7
7.61088	10
3.808	5
4.572672	6
11.439359999999999	15
5.341952	7
4.581888	6
6.87744	9
6.882047999999999	9
3.82592	5
3.82848	5
4.597248	6
3.8335999999999997	5
3.83616	5
3.070976	4
3.0730239999999998	4
3.8438399999999997	5
8.46208	11
3.84896	5
3.081216	4
5.395712	7
3.085312	4
8.49024	11
3.0894079999999997	4
3.091456	4
6.187008	8
3.095552	4
4.6464	6
4.649471999999999	6
5.427968	7
6.207488	8
3.1057919999999997	4
3.8848	5
10.107135999999999	13
6.223872	8
4.670976	6
3.89504	5
5.45664	7
6.240256	8
3.90272	5
3.90528	5
7.8156799999999995	10
4.69248	6
3.130368	4
3.91552	5
6.268928	8
4.704768	6
4.70784	6
3.140608	4
3.1426559999999997	4
5.503232	7
4.720128	6
5.5104	7
3.93856	5
3.9411199999999997	5
4.732416	6
3.94624	5
6.31808	8
4.741632	6
3.9539199999999997	5
4.747776	6
3.167232	4
3.9616	5
4.756991999999999	6
4.760064	6
5.556992	7
3.97184	5
3.1795199999999997	4
6.363136	8
6.367232	8
4.778496	6
7.9692799999999995	10
6.379519999999999	8
1.595904	2
3.99232	5
4.793856	6
2.3984639999999997	3
3.1999999999999997	4
4.803071999999999	6
9.612288	12
7.213824	9
6.416384	8
5.61792	7
5.621504	7
4.821504	6
11.257344	14
4.02304	5
8.0512	10
6.445056	8
4.03072	5
0.8066559999999999	1
3.228672	4
3.23072	4
2.424576	3
4.852224	6
4.04608	5
4.04864	5
3.24096	4
7.296767999999999	9
7.301375999999999	9
9.741311999999999	12
3.249152	4
6.5024	8
6.506495999999999	8
6.510592	8
4.886016	6
4.889088	6
4.0767999999999995	5
8.974592	11
4.8983039999999995	6
9.802752	12
4.9044479999999995	6
4.0896	5
13.094911999999999	16
9.827328	12
5.736192	7
2.459904	3
7.38432	9
4.925952	6
0.821504	1
4.11008	5
4.935168	6
3.29216	4
5.764863999999999	7
7.416576	9
3.298304	4
5.775615999999999	7
9.9072	12
5.7827839999999995	7
13.225983999999999	16
6.617088	8
4.965888	6
0.82816	1
6.629376	8
4.975104	6
4.14848	5
4.981248	6
8.3072	10
6.649856	8
5.822208	7
4.16128	5
8.327679999999999	10
5.83296	7
11.673088	14
4.17152	5
4.17408	5
2.5059839999999998	3
6.686719999999999	8
3.345408	4
4.18432	5
5.861632	7
5.027328	6
6.707199999999999	8
6.711296	8
5.875967999999999	7
3.359744	4
5.042688	6
6.727679999999999	8
5.8903039999999995	7
6.735872	8
4.21248	5
5.058047999999999	6
3.3740799999999997	4
4.22016	5
5.067264	6
2.535168	3
7.610112	9
5.07648	6
5.926144	7
9.318144	11
2.5428479999999998	3
2.544384	3
5.94048	7
6.793215999999999	8
5.097983999999999	6
3.4007039999999997	4
5.954816	7
5.9584	7
6.813695999999999	8
8.52224	10
5.116416	6
6.825984	8
8.5376	10
5.1256319999999995	6
4.2739199999999995	5
2.5658879999999997	3
2.567424	3
4.2816	5
4.28416	5
5.144064	6
2.573568	3
4.29184	5
5.15328	6
4.2969599999999994	5
5.159424	6
6.883328	8
5.1655679999999995	6
7.75296	9
7.757568	9
5.174784	6
6.903808	8
4.3174399999999995	5
5.184	6
7.780608	9
4.32512	5
6.924288	8
7.794432	9
6.065919999999999	7
4.33536	5
0.8675839999999999	1
9.549056	11
6.080255999999999	7
8.6912	10
3.478528	4
5.220864	6
5.223936	6
5.227008	6
6.10176	7
8.721919999999999	10
6.108928	7
6.985728	8
9.611008	11
4.3712	5
5.248512	6
10.503167999999999	12
3.503104	4
8.76288	10
5.2608	6
5.263872	6
10.533888	12
6.148352	7
2.6365439999999998	3
6.15552	7
4.39936	5
7.0430719999999996	8
5.285375999999999	6
11.458304	13
7.055359999999999	8
7.941888	9
7.063552	8
7.067647999999999	8
9.723647999999999	11
4.4224	5
5.309952	6
9.740544	11
7.974144	9
2.6595839999999997	3
7.0963199999999995	8
5.325311999999999	6
6.216448	7
9.774336	11
2.667264	3
8.0064	9
6.230784	7
5.343744	6
6.237952	7
6.241536	7
5.3529599999999995	6
9.819391999999999	11
2.6795519999999997	3
8.043263999999999	9
6.259456	7
5.36832	6
7.161855999999999	8
6.270207999999999	7
12.547583999999999	14
1.793536	2
5.38368	6
9.875712	11
8.084736	9
9.886975999999999	11
6.295296	7
10.798079999999999	12
11.704576	13
9.909504	11
4.50688	5
6.313216	7
5.4144	6
9.932032	11
6.323968	7
11.751168	13
5.4266879999999995	6
5.42976	6
7.2437759999999995	8
7.247872	8
3.625984	4
7.256063999999999	8
7.26016	8
3.632128	4
5.451264	6
9.999616	11
7.2765439999999995	8
5.46048	6
8.195328	9
7.288831999999999	8
8.204544	9
5.472767999999999	6
7.30112	8
7.305216	8
6.3956479999999996	7
9.14176	10
6.402816	7
8.236799999999999	9
6.409984	7
6.413568	7
2.7502079999999998	3
8.255232	9
9.1776	10
8.264448	9
7.3502719999999995	8
9.19296	10
8.278272	9
7.362559999999999	8
8.287488	9
3.6853759999999998	4
11.984128	13
13.835519999999999	15
10.151679999999999	11
6.463743999999999	7
5.543424	6
10.168576	11
9.249279999999999	10
7.403519999999999	8
3.703808	4
10.191104	11
8.342784	9
7.419904	8
7.4239999999999995	8
7.428096	8
7.432192	8
4.647679999999999	5
11.160575999999999	12
5.58336	6
5.586431999999999	6
5.589504	6
7.456767999999999	8
10.258688	11
11.19744	12
11.203584	12
14.01216	15
2.803968	3
6.546176	7
7.48544	8
6.553344	7
8.430336	9
2.811648	3
10.315007999999999	11
6.567679999999999	7
7.510015999999999	8
5.635584	6
3.759104	4
10.343168	11
9.408	10
8.471808	9
10.360064	11
10.365696	11
7.542783999999999	8
3.77344	4
9.43872	10
7.555072	8
9.44896	10
7.563263999999999	8
13.24288	14
8.517888	9
7.575552	8
9.47456	10
4.73984	5
5.69088	6
2.8469759999999997	3
10.444543999999999	11
8.550144	9
9.505279999999999	10
6.65728	7
9.51552	10
4.76032	5
11.430912	12
10.483967999999999	11
7.6288	8
8.587007999999999	9
8.591616	9
10.506496	11
12.423423999999999	13
15.29856	16
3.826688	4
9.57184	10
6.703872	7
11.498496	12
3.8348799999999996	4
7.673856	8
6.718208	7
10.562816	11
4.80384	5
11.535359999999999	12
9.61792	10
10.585344	11
10.590976	11
6.743296	7
5.78304	6
12.536576	13
5.789184	6
12.549888	13
9.65888	10
5.7984	6
9.66912	10
7.739392	8
7.743487999999999	8
8.716032	9
5.813759999999999	6
7.755776	8
8.729856	9
10.675455999999999	11
5.826048	6
10.68672	11
13.608448	14
10.697984	11
8.757503999999999	9
8.762112	9
9.7408	10
7.796735999999999	8
5.850624	6
8.780543999999999	9
5.856768	6
2.92992	3
6.840064	7
9.77664	10
4.89088	5
9.78688	10
6.8544	7
1.9594239999999998	2
4.90112	5
5.884416	6
12.756224	13
4.908799999999999	5
9.82272	10
8.845056	9
11.799552	12
4.91904	5
5.90592	6
2.954496	3
6.8974079999999995	7
9.858559999999999	10
6.904576	7
7.89504	8
8.886528	9
5.927423999999999	6
5.930496	6
4.94464	5
7.91552	8
10.889472	11
5.942784	6
7.927808	8
9.91488	10
4.96	5
9.92512	10
11.916288	12
10.928896	11
8.946432	9
7.95648	8
14.926079999999999	15
7.964671999999999	8
2.988288	3
4.98304	5
2.99136	3
12.969216	13
5.9888639999999995	6
2.995968	3
12.989184	13
2.99904	3
9.001728	9
6.004224	6
7.008512	7
10.01728	10
9.020159999999999	9
10.027519999999999	10
15.04896	15
11.041535999999999	11
8.034303999999999	8
7.0336	7
3.015936	3
10.05824	10
7.044352	7
5.03424	5
10.073599999999999	10
4.0314879999999995	4
5.04192	5
6.053376	6
7.065855999999999	7
3.02976	3
6.0625919999999995	6
12.131328	12
10.114559999999999	10
8.095744	8
3.0374399999999997	3
7.0909439999999995	7
4.054016	4
7.0981119999999995	7
12.174336	12
8.12032	8
6.093312	6
7.112448	7
5.082879999999999	5
9.153792	9
3.0528	3
8.144896	8
8.148992	8
4.076544	4
7.137536	7
6.120959999999999	6
11.227392	11
7.148288	7
4.086784	4
7.155456	7
4.090879999999999	4
8.185856	8
6.1424639999999995	6
9.218304	9
9.222911999999999	9
3.07584	3
9.232128	9
13.341952	13
8.214528	8
10.27328	10
9.25056	9
4.113408	4
6.173184	6
4.117503999999999	4
6.179328	6
6.1823999999999995	6
4.123648	4
5.15712	5
6.191616	6
6.194687999999999	6
7.23072	7
3.100416	3
4.135936	4
12.413952	12
8.280064	8
7.24864	7
3.1080959999999997	3
10.36544	10
4.148224	4
3.112704	3
7.266559999999999	7
4.154368	4
11.430144	11
5.19808	5
11.441408	11
11.44704	11
7.288063999999999	7
9.374976	9
5.2108799999999995	5
6.2561279999999995	6
2.0864	2
10.43712	10
2.088448	2
7.313152	7
5.22624	5
11.503359999999999	11
10.46272	10
9.421056	9
5.236479999999999	5
5.23904	5
6.2899199999999995	6
8.392704	8
10.50112	10
15.76704	15
11.57376	11
15.797759999999998	15
8.433664	8
15.828479999999999	15
11.618815999999999	11
17.97376	17
15.874559999999999	15
12.711936	12
9.543168	9
12.736512	12
9.5616	9
11.697664	11
6.3866879999999995	6
7.458304	7
12.797951999999999	12
5.3376	5
9.616895999999999	9
18.182655999999998	17
18.200063999999998	17
13.931007999999999	13
12.87168	12
8.589312	8
15.045632	14
11.832832	11
10.76736	10
9.69984	9
10.78784	10
12.957695999999999	12
12.969984	12
10.81856	10
15.160319999999999	14
21.678079999999998	20
14.104064	13
14.117376	13
14.130688	13
13.056	12
9.801216	9
14.170624	13
16.36608	15
15.289344	14
10.931199999999999	10
10.94144	10
10.95168	10
7.673343999999999	7
12.069376	11
7.687679999999999	7
14.290432	13
18.704895999999998	17
11.013119999999999	10
7.716352	7
6.620159999999999	6
22.08768	20
12.159488	11
9.957887999999999	9
11.07456	10
16.6272	15
6.657024	6
16.65792	15
8.892415999999999	8
11.12576	10
4.4544	4
12.260864	11
5.57824	5
13.400063999999999	12
8.941568	8
13.42464	12
5.59872	5
11.20768	10
10.096128	9
3.368448	3
13.48608	12
5.62432	5
5.62944	5
11.26912	10
7.8955519999999995	7
11.2896	10
3.3899519999999996	3
9.048064	8
12.452352	11
10.197504	9
6.80448	6
6.810624	6
5.6806399999999995	5
10.234368	9
6.829056	6
12.5312	11
4.560896	4
5.706239999999999	5
15.991807999999999	14
5.71648	5
9.15456	8
3.436032	3
9.170944	8
8.031744	7
10.335744	9
9.19552	8
9.203712	8
5.75744	5
6.915071999999999	6
12.688896	11
5.7728	5
13.867008	12
11.56608	10
5.7881599999999995	5
6.951936	6
4.63872	4
5.80352	5
4.6469119999999995	4
10.464768	9
4.655104	4
13.977599999999999	12
10.492416	9
4.6673919999999995	4
3.5036159999999996	3
9.351168	8
4.679679999999999	4
1.170944	1
5.85984	5
4.691968	4
8.218112	7
12.92544	11
7.0563839999999995	6
9.416704	8
10.603007999999999	9
4.716544	4
2.3603199999999998	2
10.630656	9
9.457664	8
2.3664639999999997	2
4.737024	4
11.8528	10
4.745216	4
8.311296	7
5.9417599999999995	5
5.94688	5
4.7616	4
8.339967999999999	7
5.9622399999999995	5
8.354303999999999	7
4.777984	4
8.36864	7
13.161983999999999	11
7.185408	6
4.7943679999999995	4
5.99808	5
2.40128	2
9.613311999999999	8
8.418816	7
9.629696	8
9.637888	8
2.41152	2
7.240704	6
6.03904	5
9.670656	8
7.259136	6
4.84352	4
8.483328	7
7.277568	6
2.427904	2
8.504832	7
3.6479999999999997	3
4.8680959999999995	4
3.6541439999999996	3
2.438144	2
2.4401919999999997	2
6.1056	5
4.888576	4
7.339008	6
4.896768	4
3.675648	3
3.6787199999999998	3
3.6817919999999997	3
3.6848639999999997	3
8.605184	7
3.6910079999999996	3
6.1568	5
9.859072	8
8.641024	7
4.9418239999999996	4
1.23648	1
3.712512	3
7.4311679999999996	6
4.958208	4
2.481152	2
6.207999999999999	5
7.455743999999999	6
7.461888	6
7.468032	6
7.474176	6
4.98688	4
3.743232	3
3.746304	3
8.748543999999999	7
1.250816	1
5.007359999999999	4
5.011456	4
5.015552	4
3.7647359999999996	3
10.047488	8
5.027839999999999	4
2.515968	2
1.259008	1
6.30016	5
11.349504	9
5.0483199999999995	4
7.578624	6
7.5847679999999995	6
3.7954559999999997	3
7.597055999999999	6
6.335999999999999	5
7.609343999999999	6
6.34624	5
3.810816	3
3.813888	3
7.63392	6
2.546688	2
5.097472	4
11.478527999999999	9
10.211328	8
8.949247999999999	7
5.117952	4
5.1220479999999995	4
6.40768	5
5.13024	4
5.134335999999999	4
5.138432	4
11.570687999999999	9
6.43328	5
7.72608	6
3.8661119999999998	3
9.028096	7
6.45376	5
3.8753279999999997	3
2.5856	2
5.1752959999999995	4
2.589696	2
12.95872	10
3.890688	3
6.489599999999999	5
3.896832	3
2.599936	2
9.106944	7
5.208063999999999	4
2.60608	2
2.608128	2
5.220352	4
2.612224	2
1.3071359999999999	1
3.92448	3
3.927552	3
7.861248	6
6.556159999999999	5
2.6245119999999997	2
1.31328	1
5.257216	4
1.3153279999999998	1
2.632704	2
5.2736	4
1.319424	1
6.60224	5
5.285888	4
5.289984	4
6.6175999999999995	5
1.324544	1
5.302271999999999	4
7.9595519999999995	6
7.965695999999999	6
2.65728	2
3.9889919999999996	3
2.6613759999999997	2
2.663424	2
2.665472	2
2.6675199999999997	2
2.669568	2
4.007423999999999	3
4.010496	3
2.675712	2
1.3388799999999998	1
2.679808	2
2.681856	2
4.025856	3
1.342976	1
2.6879999999999997	2
6.7251199999999995	5
8.076288	6
2.696192	2
2.6982399999999997	2
1.350144	1
2.702336	2
4.056576	3
2.706432	2
6.771199999999999	5
4.065792	3
2.7146239999999997	2
1.358336	1
2.71872	2
5.441536	4
8.168448	6
4.087295999999999	3
1.363456	1
2.72896	2
4.096512	3
5.466112	4
1.3675519999999999	1
1.368576	1
4.1088	3
4.111872	3
1.372672	1
4.121087999999999	3
2.74944	2
2.7514879999999997	2
5.507072	4
2.757632	2
1.3808639999999999	1
1.382912	1
4.151808	3
8.309759999999999	6
1.3859839999999999	1
2.774016	2
1.388032	1
2.7781119999999997	2
2.78016	2
4.173312	3
1.392128	1
6.9657599999999995	5
1.3941759999999999	1
2.792448	2
5.588992	4
2.7985919999999997	2
1.40032	1
1.401344	1
4.207104	3
7.01696	5
4.213248	3
1.40544	1
4.2224639999999996	3
7.04256	5
7.04768	5
1.41056	1
2.823168	2
4.237824	3
2.827264	2
1.414656	1
2.8313599999999997	2
1.416704	1
1.4177279999999999	1
2.837504	2
4.259328	3
1.4207999999999998	1
1.421824	1
2.845696	2
1.423872	1
1.424896	1
2.8518399999999997	2
5.707776	4
2.855936	2
2.857984	2
2.860032	2
1.4310399999999999	1
2.864128	2
1.433088	1
1.4341119999999998	1
1.435136	1
2.8723199999999998	2
1.437184	1
1.438208	1
5.756927999999999	4
7.20128	5
5.76512	4
1.445376	1
1.4464	1
4.3422719999999995	3
5.793792	4
7.24736	5
2.90304	2
7.26272	5
4.360704	3
1.4545919999999999	1
5.82656	4
4.3760639999999995	3
4.379136	3
2.921472	2
1.46176	1
2.927616	2
4.394496	3
2.9317119999999997	2
2.93376	2
4.406784	3
2.939904	2
4.412928	3
1.472	1
1.474048	1
1.475072	1
1.4760959999999999	1
1.47712	1
1.479168	1
2.960384	2
2.96448	2
1.483264	1
5.937151999999999	4
1.488384	1
1.4894079999999998	1
1.491456	1
1.49248	1
1.493504	1
1.495552	1
1.4976	1
1.498624	1
1.4996479999999999	1
3.003392	2
1.503744	1
1.5047679999999999	1
3.011584	2
4.526592	3
1.510912	1
1.5129599999999999	1
1.513984	1
1.5160319999999998	1
1.517056	1
3.0361599999999997	2
3.038208	2
3.044352	2
3.048448	2
1.525248	1
1.5262719999999999	1
3.054592	2
1.52832	1
3.058688	2
4.591104	3
1.53344	1
1.5344639999999998	1
3.070976	2
3.075072	2
1.53856	1
1.540608	1
1.541632	1
1.542656	1
3.08736	2
3.093504	2
1.5488	1
1.5498239999999999	1
3.101696	2
1.551872	1
1.5528959999999998	1
4.66176	3
3.113984	2
1.5580159999999998	1
1.55904	1
4.683263999999999	3
3.124224	2
1.5631359999999999	1
3.12832	2
3.1324159999999996	2
3.1365119999999997	2
3.1426559999999997	2
1.572352	1
1.575424	1
1.5764479999999998	1
1.578496	1
3.15904	2
1.5815679999999999	1
1.583616	1
1.5846399999999998	1
3.171328	2
3.1733759999999998	2
1.587712	1
3.177472	2
3.183616	2
4.787712	3
1.602048	1
3.212288	2
1.607168	1
1.61024	1
3.224576	2
1.6163839999999998	1
3.234816	2
1.6184319999999999	1
1.62048	1
1.622528	1
1.6256	1
1.6266239999999998	1
1.629696	1
4.895232	3
1.633792	1
1.63584	1
1.637888	1
1.6399359999999998	1
1.644032	1
1.649152	1
3.3003519999999997	2
1.6512	1
1.652224	1
1.6532479999999998	1
3.308544	2
1.6552959999999999	1
1.65632	1
1.660416	1
1.6634879999999999	1
1.667584	1
1.669632	1
1.672704	1
1.6767999999999998	1
1.677824	1
3.357696	2
1.679872	1
3.3699839999999996	2
1.686016	1
1.6870399999999999	1
1.693184	1
3.388416	2
3.3904639999999997	2
1.69728	1
1.701376	1
1.7054719999999999	1
5.12256	3
1.710592	1
1.71264	1
1.7136639999999999	1
1.714688	1
1.7187839999999999	1
3.439616	2
5.162496	3
1.729024	1
1.730048	1
1.73312	1
1.7402879999999998	1
1.741312	1
1.7454079999999998	1
1.759744	1
1.761792	1
1.765888	1
5.30688	3
1.771008	1
3.552256	2
1.778176	1
1.783296	1
1.78432	1
1.78944	1
1.793536	1
1.7955839999999998	1
1.7986559999999998	1
1.802752	1
1.8058239999999999	1
1.8088959999999998	1
3.61984	2
1.8109439999999999	1
3.623936	2
1.812992	1
1.8191359999999999	1
1.82016	1
1.821184	1
3.646464	2
1.82528	1
1.8273279999999998	1
1.8375679999999999	1
1.844736	1
3.7017599999999997	2
1.860096	1
1.86624	1
1.8693119999999999	1
1.878528	1
1.8816	1
1.884672	1
1.88672	1
1.8877439999999999	1
1.8959359999999998	1
1.900032	1
1.9010559999999999	1
1.9041279999999998	1
1.9061759999999999	1
1.9225599999999998	1
1.923584	1
1.928704	1
1.931776	1
1.933824	1
1.938944	1
1.944064	1
1.957376	1
1.962496	1
1.9747839999999999	1
1.9799039999999999	1
1.9809279999999998	1
1.985024	1
1.987072	1
1.98912	1
2.0024319999999998	1
2.00448	1
2.007552	1
2.017792	1
2.023936	1
2.028032	1
2.0290559999999997	1
2.0392959999999998	1
2.07104	1
2.0823039999999997	1
2.0894719999999998	1
2.090496	1
2.093568	1
2.094592	1
4.220928	2
2.1248	1
2.1329919999999998	1
2.1391359999999997	1
2.151424	1
2.153472	1
2.161664	1
4.331519999999999	2
2.1759999999999997	1
2.180096	1
2.184192	1
2.1862399999999997	1
2.190336	1
2.1964799999999998	1
2.219008	1
2.251776	1
2.25792	1
2.3029759999999997	1
2.327552	1
2.364416	1
2.372608	1
2.3808	1
2.4238079999999997	1
2.454528	1
2.464768	1
2.505728	1
2.507776	1
5.023744	2
2.5507839999999997	1
2.6142719999999997	1
2.620416	1
2.6675199999999997	1
2.690048	1
2.7084799999999998	1
2.792448	1
2.7985919999999997	1
2.802688	1
2.853888	1
2.929664	1
2.9317119999999997	1
2.937856	1
3.040256	1
3.255296	1
3.2901119999999997	1
3.351552	1
3.361792	1
3.3699839999999996	1
6.805504	2
3.41504	1
3.546112	1
3.5481599999999998	1
3.6177919999999997	1
3.6853759999999998	1
3.7079039999999996	1
3.73248	1
3.787776	1
3.8758399999999997	1
4.088832	1
4.1216	1
4.154368	1
8.531967999999999	2
4.302848	1
4.368384	1
4.380672	1
4.438016	1
4.6592	1
4.712448	1
5.101567999999999	1
5.117952	1
5.138432	1
5.298176	1
5.31456	1
5.400576	1
5.425152	1
5.92896	1
5.986304	1
6.555648	1
6.58432	1
6.690816	1
6.723584	1
6.825984	1
6.957056	1
7.014399999999999	1
7.026688	1
7.047168	1
7.129087999999999	1
7.763967999999999	1
7.89504	1
8.280064	1
8.663039999999999	1
9.801727999999999	1
12.398591999999999	1
12.414976	1
12.578816	1
13.381632	1
20.832255999999997	1
26.238975999999997	1
27.697152	1
29.220864	1
29.466624	1
29.646848	1
30.121983999999998	1
30.679039999999997	1
31.318016	1
31.563775999999997	1
31.596543999999998	1
52.740095999999994	1
54.607872	1
58.146815999999994	1
59.293696	1
59.752447999999994	1
60.112896	1
60.276736	1
60.37504	1
60.53888	1
60.669951999999995	1
243.204096	4
60.833791999999995	1
121.73312	2
121.798656	2
122.0608	2
61.063168	1
61.095935999999995	1
61.128704	1
122.32294399999999	2
122.585088	2
61.358079999999994	1
61.390848	1
122.84723199999999	2
61.456384	1
61.554688	1
123.37151999999999	2
61.784063999999994	1
62.144512	1
78.020608	1
84.70528	1
84.967424	1
90.60351999999999	1
90.865664	1
91.127808	1
104.300544	1
104.36608	1
104.562688	1
0.45555199999999996	1
0.45606399999999997	1
0.923904	2
0.465536	1
0.46860799999999997	1
0.470912	1
0.47270399999999996	1
0.473728	1
0.476288	1
0.477056	1
0.47782399999999997	1
0.47859199999999996	1
0.48652799999999996	1
0.9756159999999999	2
0.488832	1
0.489344	1
0.4896	1
0.49088	1
0.49190399999999995	1
0.49241599999999996	1
0.492672	1
0.49497599999999997	1
0.49523199999999995	1
0.49574399999999996	1
0.496256	1
0.49728	1
0.999168	2
0.500096	1
0.500352	1
0.5013759999999999	1
0.502656	1
1.005824	2
1.006848	2
0.5039359999999999	1
0.504192	1
0.505472	1
0.506752	1
0.507008	1
0.50752	1
0.507776	1
0.5088	1
0.509056	1
0.51008	1
0.510336	1
0.5105919999999999	1
0.5113599999999999	1
1.02528	2
0.5131519999999999	1
0.513408	1
0.5139199999999999	1
0.514432	1
0.515456	1
1.032448	2
0.5164799999999999	1
0.516992	1
1.035008	2
1.03552	2
0.518528	1
0.518784	1
0.520064	1
0.52032	1
0.5205759999999999	1
1.041664	2
0.5216	1
0.521856	1
1.044224	2
0.522624	1
1.0462719999999999	2
0.523392	1
0.523648	1
1.04832	2
2.6227199999999997	5
1.050112	2
0.5255679999999999	1
1.5813119999999998	3
1.0562559999999999	2
1.05728	2
1.587456	3
1.588992	3
1.590528	3
0.5312	1
0.531712	1
0.532224	1
1.065472	2
1.5997439999999998	3
0.53376	1
1.602816	3
0.5347839999999999	1
1.070592	2
0.535808	1
1.07264	2
0.536832	1
1.612032	3
2.6892799999999997	5
0.538368	1
1.6166399999999999	3
1.078784	2
2.1596159999999998	4
1.621248	3
3.245568	6
1.0828799999999998	2
1.083904	2
1.084928	2
1.0879999999999999	2
2.178048	4
1.090048	2
2.182144	4
3.2762879999999996	6
2.1862399999999997	4
0.547072	1
4.380672	8
1.644288	3
1.645824	3
1.0982399999999999	2
2.198528	4
2.200576	4
2.2026239999999997	4
3.3070079999999997	6
1.6550399999999998	3
2.208768	4
1.105408	2
3.872512	7
2.76864	5
1.10848	2
1.109504	2
1.665792	3
4.4462079999999995	8
2.78144	5
1.6703999999999999	3
1.6719359999999999	3
3.3469439999999997	6
1.1166719999999999	2
3.353088	6
1.67808	3
2.2394879999999997	4
2.241536	4
3.365376	6
1.684224	3
3.37152	6
1.687296	3
3.3776639999999998	6
4.507648	8
2.8198399999999997	5
3.3868799999999997	6
2.82496	5
1.696512	3
3.962112	7
2.83264	5
1.70112	3
3.405312	6
2.8403199999999997	5
2.84288	5
3.414528	6
3.4175999999999997	6
1.140224	2
5.706239999999999	10
1.142272	2
1.714944	3
2.8608	5
4.581376	8
3.439104	6
1.721088	3
4.5936639999999995	8
4.02304	7
4.026624	7
2.87872	5
3.4575359999999997	6
5.7676799999999995	10
5.7728	10
4.044544	7
3.469824	6
4.051712	7
2.8966399999999997	5
2.8992	5
3.482112	6
6.970368	12
4.0696319999999995	7
8.146431999999999	14
2.912	5
4.663296	8
2.9171199999999997	5
4.671488	8
2.337792	4
1.75488	3
5.269248	9
5.273855999999999	9
2.93248	5
5.87008	10
1.1750399999999999	2
5.292288	9
0.588544	1
4.712448	8
4.716544	8
2.9503999999999997	5
2.362368	4
5.91104	10
1.774848	3
4.144896	7
5.9264	10
5.338368	9
4.749312	8
2.9708799999999997	5
2.97344	5
4.166399999999999	7
5.361408	9
4.769792	8
5.967359999999999	10
1.791744	3
4.78208	8
8.375808	14
4.191488	7
3.595776	6
8.397312	14
7.20384	12
4.205824	7
6.01344	10
6.01856	10
5.4213119999999995	9
3.0143999999999997	5
3.0169599999999996	5
4.227328	7
7.252992	12
6.654208	11
4.84352	8
3.02976	5
4.245248	7
3.03488	5
5.467391999999999	9
8.512	14
2.4340479999999998	4
5.481216	9
4.876288	8
6.10048	10
6.1056	10
5.499648	9
4.892672	8
6.120959999999999	10
7.351296	12
6.1312	10
6.7499519999999995	11
7.983872	13
6.761216	11
2.4606719999999997	4
3.0784	5
4.929536	8
7.400448	12
8.023807999999999	13
8.030464	13
4.94592	8
4.950016	8
4.954111999999999	8
9.916416	16
4.342016	7
3.1039999999999996	5
4.349184	7
4.9745919999999995	8
6.22336	10
4.359935999999999	7
3.1168	5
3.11936	5
2.4975359999999998	4
8.123648	13
2.501632	4
4.38144	7
6.890752	11
10.031104	16
5.019648	8
4.395776	7
5.027839999999999	8
10.063872	16
5.6655359999999995	9
7.560192	12
6.30528	10
6.94144	11
6.315519999999999	10
6.32064	10
1.2651519999999998	2
8.230144	13
6.335999999999999	10
7.609343999999999	12
12.69248	20
5.7162239999999995	9
5.085184	8
9.542399999999999	15
6.36672	10
7.009023999999999	11
7.014656	11
7.6584959999999995	12
5.74848	9
5.753088	9
5.117952	8
7.042815999999999	11
6.40768	10
5.77152	9
3.20896	5
7.707648	12
3.856896	6
8.363264	13
7.08224	11
5.799168	9
7.7383679999999995	12
5.808383999999999	9
6.45888	10
9.0496	14
5.1752959999999995	8
5.826816	9
1.943808	3
7.781376	12
3.89376	6
4.546304	7
7.149824	11
7.805952	12
5.859071999999999	9
9.7728	15
4.564223999999999	7
3.26272	5
6.5305599999999995	10
7.189248	11
8.50304	13
5.236736	8
7.861248	12
3.933696	6
3.28064	5
10.50624	16
6.57152	10
7.891967999999999	12
4.607232	7
5.2695039999999995	8
3.296	5
8.576255999999999	13
5.942016	9
8.589568	13
10.579968	16
7.27936	11
5.298176	8
6.62784	10
9.286144	14
10.620928	16
7.971839999999999	12
2.659328	4
5.988096	9
8.656127999999999	13
7.330048	11
7.33568	11
9.343487999999999	14
6.67904	10
6.015744	9
6.68928	10
6.6944	10
4.019712	6
2.011392	3
6.709759999999999	10
3.35744	5
9.408	14
7.397632	11
6.0572159999999995	9
2.0206079999999997	3
5.392384	8
5.3964799999999995	8
6.750719999999999	10
6.080255999999999	9
6.084864	9
4.736256	7
8.12544	12
7.453951999999999	11
5.425152	8
2.7146239999999997	4
10.18752	15
5.43744	8
7.482112	11
6.80704	10
8.855808	13
6.817279999999999	10
2.72896	4
9.558527999999999	14
7.515904	11
8.205312	12
4.105728	6
7.5328	11
6.85312	10
4.800768	7
4.804352	7
5.494784	8
7.56096	11
5.502975999999999	8
4.818688	7
4.822272	7
9.651712	14
7.589119999999999	11
4.833024	7
5.527552	8
6.223103999999999	9
7.611648	11
7.61728	11
6.92992	10
7.628544	11
7.634176	11
4.167168	6
8.34048	12
5.564416	8
7.6567039999999995	11
4.8760319999999995	7
6.970879999999999	10
6.2783999999999995	9
9.075455999999999	13
2.794496	4
6.991359999999999	10
4.197888	6
7.701759999999999	11
5.605376	8
10.517759999999999	15
4.210176	6
7.02208	10
5.62176	8
4.219392	6
5.629951999999999	8
4.929792	7
5.638144	8
10.5792	15
8.469503999999999	12
7.06304	10
10.60224	15
4.951296	7
2.8313599999999997	4
7.08352	10
7.08864	10
2.128128	3
10.64832	15
4.972799999999999	7
5.687296	8
4.9799679999999995	7
7.1193599999999995	10
5.699584	8
4.27776	6
3.56736	5
5.711872	8
5.715968	8
3.57504	5
10.01728	14
5.728256	8
7.881983999999999	11
6.453504	9
6.458112	9
6.46272	9
2.155776	3
5.752832	8
5.756927999999999	8
7.20128	10
7.2063999999999995	10
5.769216	8
5.773312	8
9.388288	13
5.781504	8
5.7856	8
7.23712	10
3.62112	5
3.62368	5
8.702976	12
6.53184	9
2.178816	3
5.814272	8
8.727552	12
5.822464	8
4.36992	6
5.830655999999999	8
5.834752	8
10.217984	14
6.573312	9
8.039679999999999	11
5.8511359999999994	8
7.319039999999999	10
5.859328	8
5.863423999999999	8
2.20032	3
2.9358079999999998	4
5.141248	7
5.144832	7
7.35488	10
2.944	4
5.896192	8
5.900288	8
5.166335999999999	7
2.95424	4
3.69536	5
7.39584	10
4.440576	6
5.9248639999999995	8
2.96448	4
5.191424	7
5.937151999999999	8
3.7132799999999997	5
4.459008	6
5.20576	7
6.697728	9
7.447039999999999	10
5.961728	8
5.965824	8
5.22368	7
2.987008	4
7.472639999999999	10
6.729984	9
7.48288	10
4.4928	6
2.2479359999999997	3
6.748416	9
6.753024	9
3.003392	4
5.25952	7
4.511232	6
5.266687999999999	7
5.270271999999999	7
4.520448	6
6.031359999999999	8
6.7898879999999995	9
6.794496	9
5.288192	7
3.7798399999999996	5
3.0259199999999997	4
6.812927999999999	9
3.7875199999999998	5
5.306112	7
4.551168	6
3.7952	5
4.557312	6
5.320448	7
3.80288	5
9.133056	12
2.2847999999999997	3
6.096896	8
6.100992	8
6.868224	9
5.345536	7
4.58496	6
8.411392	11
3.060736	4
1.5313919999999999	2
6.895872	9
6.90048	9
6.905088	9
4.606464	6
3.84128	5
5.3813759999999995	7
6.92352	9
7.69792	10
3.85152	5
6.166528	8
6.170624	8
6.94656	9
3.86176	5
6.182912	8
9.280512	12
8.512768	11
7.744	10
5.424384	7
8.529664	11
5.431552	7
4.658688	6
7.7696	10
2.332416	3
4.667904	6
5.449472	7
5.453056	7
5.45664	7
7.020288	9
4.683263999999999	6
3.90528	5
1.5631359999999999	2
7.820799999999999	10
4.695552	6
4.698624	6
4.701696	6
3.1365119999999997	4
3.13856	4
8.636671999999999	11
7.070976	9
7.075584	9
4.720128	6
4.723199999999999	6
4.726272	6
5.517568	7
5.521152	7
3.156992	4
5.52832	7
4.741632	6
7.117056	9
5.539072	7
4.7508479999999995	6
4.75392	6
6.342656	8
3.96672	5
3.96928	5
3.177472	4
3.9743999999999997	5
6.363136	8
7.95904	10
1.592832	2
2.390784	3
5.5820799999999995	7
3.98976	5
5.5892479999999995	7
4.793856	6
3.9974399999999997	5
5.6	7
2.4015359999999997	3
4.00512	5
4.00768	5
2.406144	3
4.0127999999999995	5
6.424576	8
7.232256	9
6.432767999999999	8
3.218432	4
5.63584	7
5.639424	7
4.836863999999999	6
4.839936	6
6.457344	8
4.0384	5
5.657344	7
5.660928	7
4.04608	5
2.429184	3
1.62048	2
2.4322559999999998	3
6.490112	8
8.929535999999999	11
8.12288	10
4.876799999999999	6
3.2532479999999997	4
6.510592	8
7.3290239999999995	9
5.703936	7
0.81536	1
6.5269759999999994	8
4.08192	5
4.901376	6
2.4522239999999997	3
4.0896	5
4.09216	5
4.09472	5
2.458368	3
4.0998399999999995	5
3.28192	4
4.10496	5
4.10752	5
4.11008	5
5.757696	7
8.2304	10
3.294208	4
4.1203199999999995	5
8.245759999999999	10
4.950527999999999	6
2.4768	3
3.304448	4
4.959744	6
0.827136	1
3.3105919999999998	4
4.96896	6
4.1433599999999995	5
4.975104	6
7.467263999999999	9
7.471871999999999	9
1.66144	2
1.662464	2
4.15872	5
3.329024	4
3.331072	4
5.83296	7
0.833792	1
3.3372159999999997	4
5.843712	7
1.670656	2
8.3584	10
2.5090559999999997	3
6.6949119999999995	8
8.373759999999999	10
1.675776	2
4.192	5
0.838912	1
3.357696	4
5.039616	6
3.361792	4
4.2048	5
7.5732479999999995	9
5.893888	7
1.6849919999999998	2
5.058047999999999	6
3.3740799999999997	4
3.376128	4
2.533632	3
10.140672	12
2.536704	3
5.92256	7
5.079552	6
5.082624	6
6.780927999999999	8
8.48128	10
3.39456	4
2.547456	3
7.6469759999999996	9
3.4007039999999997	4
4.253439999999999	5
10.2144	12
4.25856	5
5.965567999999999	7
4.26368	5
2.559744	3
8.5376	10
2.5628159999999998	3
5.9834879999999995	7
3.421184	4
4.27904	5
5.99424	7
6.854655999999999	8
7.716095999999999	9
5.147136	6
5.150208	6
4.2943999999999996	5
5.156352	6
4.29952	5
4.30208	5
6.887423999999999	8
6.89152	8
6.033664	7
5.174784	6
3.451904	4
2.590464	3
3.456	4
9.509632	11
3.460096	4
5.193216	6
6.928383999999999	8
3.46624	4
4.33536	5
5.2055039999999995	6
6.944768	8
8.68608	10
2.60736	3
4.34816	5
4.35072	5
7.835903999999999	9
9.582848	11
5.23008	6
5.233152	6
2.618112	3
5.2392959999999995	6
7.863551999999999	9
7.86816	9
5.248512	6
7.0021119999999994	8
6.130432	7
7.010304	8
4.3839999999999995	5
7.018496	8
10.533888	12
4.39168	5
10.546175999999999	12
7.034879999999999	8
6.159104	7
8.80384	10
5.285375999999999	6
5.288448	6
6.173439999999999	7
7.059456	8
5.297664	6
7.951104	9
6.1877759999999995	7
7.960319999999999	9
6.194944	7
3.542016	4
5.316096	6
5.3191679999999995	6
7.0963199999999995	8
6.212864	7
6.216448	7
5.331456	6
15.114495999999999	17
7.1168	8
3.560448	4
8.90624	10
10.693632	12
7.133184	8
6.24512	7
4.46336	5
6.252288	7
7.1495679999999995	8
8.047872	9
6.263039999999999	7
6.266623999999999	7
5.374464	6
5.377536	6
7.174144	8
8.9728	10
10.773503999999999	12
7.186432	8
10.785791999999999	12
6.295296	7
9.89824	11
12.604928	14
8.107776	9
4.50688	5
9.01888	10
10.8288	12
10.834944	12
9.937664	11
8.135424	9
14.471167999999999	16
11.764479999999999	13
9.05472	10
13.58976	15
8.158464	9
10.884096	12
8.167679999999999	9
9.988351999999999	11
5.451264	6
15.453952	17
10.914816	12
6.370559999999999	7
10.927104	12
10.022143999999999	11
8.204544	9
10.033408	11
7.30112	8
9.13152	10
7.309311999999999	8
13.712639999999999	15
7.317504	8
3.6608	4
10.072832	11
2.748672	3
10.084095999999999	11
9.17248	10
8.259839999999999	9
4.59136	5
9.18784	10
5.515776	6
10.117887999999999	11
4.6015999999999995	5
11.970816	13
11.977471999999999	13
11.062272	12
4.61184	5
8.30592	9
9.23392	10
8.315135999999999	9
8.319744	9
6.474495999999999	7
12.030719999999999	13
6.481663999999999	7
12.044032	13
9.26976	10
8.347392	9
13.92	15
11.142144	12
8.361215999999999	9
6.506752	7
6.510336	7
11.16672	12
2.7932159999999997	3
8.384255999999999	9
9.32096	10
5.595648	6
6.53184	7
11.203584	12
3.736576	4
5.607936	6
6.546176	7
9.3568	10
9.36192	10
9.36704	10
9.37216	10
8.439551999999999	9
3.75296	4
3.7550079999999997	4
5.635584	6
9.39776	10
3.761152	4
10.348799999999999	11
5.647872	6
7.534592	8
7.538688	8
10.371328	11
8.49024	9
10.382591999999999	11
5.666303999999999	6
14.17344	15
13.235712	14
9.4592	10
7.5714559999999995	8
4.734719999999999	5
6.632192	7
6.635776	7
5.69088	6
8.540928	9
8.545536	9
11.400191999999999	12
7.604223999999999	8
7.60832	8
10.467072	11
9.52064	10
5.715456	6
6.671615999999999	7
5.7216	6
5.724672	6
8.591616	9
9.551359999999999	10
4.778239999999999	5
13.386239999999999	14
4.78336	5
8.614656	9
10.534656	11
9.58208	10
11.50464	12
10.551552	11
6.718208	7
10.562816	11
6.725376	7
11.535359999999999	12
6.732544	7
5.773823999999999	6
7.702528	8
6.743296	7
10.60224	11
6.750464	7
10.613503999999999	11
9.65376	10
13.522432	14
10.6304	11
8.702207999999999	9
12.576512	13
12.583167999999999	13
5.810688	6
7.7516799999999995	8
4.84736	5
11.639807999999999	12
4.85248	5
13.594111999999999	14
12.62976	13
9.72032	10
6.807808	7
8.757503999999999	9
5.8414079999999995	6
8.76672	9
16.568064	17
8.775936	9
2.9268479999999997	3
10.737408	11
4.8831999999999995	5
14.65728	15
9.77664	10
4.89088	5
10.765568	11
8.8128	9
6.857984	7
10.782464	11
2.942208	3
10.793728	11
7.85408	8
8.840448	9
8.845056	9
1.966592	2
8.854272	9
3.93728	4
10.833152	11
6.8974079999999995	7
3.943424	4
7.890943999999999	8
5.921279999999999	6
5.924352	6
2.9637119999999997	3
1.976832	2
6.922496	7
8.904959999999999	9
7.9196159999999995	8
5.942784	6
3.963904	4
8.923392	9
9.92	10
9.92512	10
6.951168	7
0.993536	1
4.9702399999999995	5
5.967359999999999	6
12.935936	13
8.960256	9
4.98048	5
9.96608	10
3.98848	4
9.97632	10
7.985151999999999	8
7.989248	8
12.989184	13
10.99648	11
6.001151999999999	6
7.004928	7
2.0024319999999998	2
7.012096	7
7.01568	7
5.0137599999999996	5
4.013056	4
3.011328	3
9.038592	9
12.057599999999999	12
2.010624	2
6.034943999999999	6
5.03168	5
4.027392	4
13.09568	13
8.062975999999999	8
3.025152	3
5.04448	5
7.065855999999999	7
7.069439999999999	7
8.083456	8
3.032832	3
7.080191999999999	7
6.071808	6
5.062399999999999	5
10.12992	10
3.0405119999999997	3
8.112128	8
11.159808	11
9.13536	9
7.108864	7
12.192768	12
9.149184	9
4.068352	4
6.1056	6
9.163008	9
8.148992	8
2.038272	2
8.157183999999999	8
7.14112	7
3.062016	3
8.169471999999999	8
6.130176	6
9.199872	9
4.090879999999999	4
6.139392	6
7.166207999999999	7
3.072768	3
6.148607999999999	6
5.126399999999999	5
5.12896	5
8.210431999999999	8
14.375423999999999	14
8.218624	8
8.222719999999999	8
9.255168	9
5.14432	5
10.293759999999999	10
7.209216	7
4.1216	4
9.278208	9
3.0942719999999997	3
10.31936	10
8.259584	8
4.1318399999999995	4
14.468608	14
8.271872	8
5.17248	5
5.17504	5
7.24864	7
5.18016	5
2.073088	2
9.333504	9
1.037568	1
8.30464	8
5.192959999999999	5
7.273727999999999	7
10.39616	10
9.361151999999999	9
5.2032	5
4.164607999999999	4
3.1249919999999998	3
5.2108799999999995	5
8.341504	8
8.3456	8
6.262271999999999	6
3.132672	3
9.402624	9
4.180992	4
4.18304	4
11.508992	11
4.187136	4
6.283776	6
4.191231999999999	4
6.2899199999999995	6
15.73632	15
5.25056	5
4.204543999999999	4
11.57376	11
10.531839999999999	10
10.54208	10
12.662784	12
12.675072	12
11.63008	11
12.699648	12
13.771263999999999	13
15.90528	15
13.797887999999999	13
10.623999999999999	10
10.63424	10
10.64448	10
14.916608	14
12.797951999999999	12
8.54016	8
11.753983999999999	11
8.556543999999999	8
11.776512	11
10.71616	10
10.7264	10
15.031296	14
8.597503999999999	8
7.529984	7
15.074304	14
11.85536	11
10.78784	10
9.718271999999999	9
12.969984	12
11.900416	11
10.8288	10
9.755136	9
10.84928	10
11.945471999999999	11
18.478592	17
13.056	12
10.89024	10
8.720384	8
17.457152	16
13.105151999999999	12
13.11744	12
14.223872	13
8.761344	8
9.865727999999999	9
14.263808	13
13.17888	12
12.091904	11
9.902592	9
11.013119999999999	10
9.921024	9
17.65376	16
15.461376	14
9.948672	9
9.957887999999999	9
12.182015999999999	11
12.19328	11
9.985536	9
9.994752	9
6.669312	6
5.56288	5
5.568	5
11.146239999999999	10
12.272127999999999	11
7.816704	7
6.706176	6
16.7808	15
16.79616	15
11.20768	10
8.974336	8
11.228159999999999	10
8.99072	8
4.4994559999999995	4
7.881215999999999	7
9.015296	8
10.151423999999999	9
11.2896	10
9.039871999999999	8
11.31008	10
7.924224	7
14.729728	13
6.80448	6
11.35104	10
9.089024	8
6.822912	6
9.105407999999999	8
12.5312	11
4.560896	4
5.706239999999999	5
3.4268159999999996	3
10.289664	9
11.4432	10
5.726719999999999	5
9.170944	8
5.73696	5
8.038912	7
6.89664	6
6.902784	6
4.605951999999999	4
8.067584	7
10.381824	9
10.39104	9
10.400255999999999	9
5.78304	5
9.261056	8
9.269248	8
9.27744	8
4.642816	4
10.455551999999999	9
8.139263999999999	7
2.327552	2
10.4832	9
5.82912	5
7.001087999999999	6
5.83936	5
9.351168	8
9.359359999999999	8
9.367552	8
10.547711999999999	9
12.902911999999999	11
5.87008	5
7.05024	6
9.408512	8
7.0625279999999995	6
5.89056	5
4.716544	4
5.900799999999999	5
2.362368	2
8.275456	7
3.549696	3
3.552768	3
8.29696	7
3.558912	3
8.311296	7
1.1883519999999999	1
3.5681279999999997	3
10.7136	9
9.531392	8
7.154687999999999	6
4.7738879999999995	4
7.166976	6
1.19552	1
9.572352	8
8.382976	7
7.191552	6
8.397312	7
2.40128	2
6.008319999999999	5
9.621504	8
4.814848	4
4.818944	4
6.0287999999999995	5
3.620352	3
7.246848	6
7.252992	6
4.839424	4
3.63264	3
6.05952	5
9.703424	8
6.06976	5
4.859904	4
7.295999999999999	6
2.4340479999999998	2
4.872192	4
6.0953599999999994	5
4.880383999999999	4
8.547839999999999	7
2.444288	2
8.562176	7
6.120959999999999	5
2.4504319999999997	2
7.3574399999999995	6
8.590848	7
6.141439999999999	5
8.605184	7
3.6910079999999996	3
6.1568	5
1.232384	1
6.16704	5
12.34432	10
3.706368	3
4.94592	4
3.712512	3
3.7155839999999998	3
3.7186559999999997	3
3.7217279999999997	3
4.9664	4
2.485248	2
1.2436479999999999	1
2.489344	2
3.737088	3
3.74016	3
2.495488	2
2.4975359999999998	2
3.749376	3
10.006528	8
3.7555199999999997	3
2.505728	2
2.507776	2
6.27456	5
6.27968	5
5.027839999999999	4
5.031936	4
8.813056	7
1.260032	1
2.522112	2
3.78624	3
3.789312	3
3.7923839999999998	3
5.064704	4
5.0687999999999995	4
3.8046719999999996	3
2.538496	2
5.081087999999999	4
2.542592	2
1.27232	1
3.820032	3
7.646208	6
6.3769599999999995	5
6.382079999999999	5
6.3872	5
2.556928	2
5.117952	4
2.5610239999999997	2
1.281536	1
8.97792	7
1.2835839999999998	1
2.569216	2
3.856896	3
5.146624	4
3.86304	3
5.154815999999999	4
5.158912	4
1.290752	1
1.291776	1
3.8783999999999996	3
3.881472	3
3.884544	3
2.591744	2
2.593792	2
3.89376	3
1.2989439999999999	1
6.49984	5
5.203968	4
5.208063999999999	4
2.60608	2
3.9121919999999997	3
1.305088	1
2.612224	2
3.921408	3
3.92448	3
2.618368	2
2.622464	2
2.6245119999999997	2
2.62656	2
5.257216	4
2.6306559999999997	2
5.265408	4
1.3173759999999999	1
2.6368	2
3.961344	3
1.321472	1
1.322496	1
3.97056	3
3.973632	3
3.976704	3
1.326592	1
2.655232	2
2.65728	2
6.64832	5
5.3227519999999995	4
1.331712	1
1.332736	1
4.0012799999999995	3
2.669568	2
2.6716159999999998	2
5.347328	4
6.68928	5
1.3388799999999998	1
1.339904	1
8.045568	6
2.683904	2
1.342976	1
2.6879999999999997	2
2.690048	2
5.384192	4
5.388288	4
1.348096	1
2.6982399999999997	2
6.750719999999999	5
1.351168	1
5.408767999999999	4
2.706432	2
6.771199999999999	5
2.710528	2
5.425152	4
4.071936	3
2.716672	2
4.07808	3
1.360384	1
4.084224	3
4.087295999999999	3
1.363456	1
4.09344	3
1.3655039999999998	1
2.733056	2
4.102656	3
1.368576	1
1.3696	1
1.3706239999999998	1
2.743296	2
1.372672	1
6.8736	5
1.3757439999999999	1
1.376768	1
2.757632	2
4.13952	3
2.7617279999999997	2
4.145664	3
1.382912	1
2.76992	2
2.7719679999999998	2
2.774016	2
1.388032	1
1.3890559999999998	1
1.393152	1
1.3941759999999999	1
4.1856	3
2.792448	2
1.398272	1
1.3992959999999999	1
5.60128	4
4.204032	3
1.4023679999999998	1
4.210176	3
1.4044159999999999	1
1.40544	1
2.812928	2
1.4074879999999999	1
1.408512	1
1.409536	1
4.23168	3
1.411584	1
2.8252159999999997	2
1.413632	1
1.414656	1
4.24704	3
1.416704	1
1.418752	1
2.8415999999999997	2
4.271616	3
1.424896	1
4.27776	3
1.426944	1
2.855936	2
2.860032	2
2.8620799999999997	2
2.864128	2
2.866176	2
1.4341119999999998	1
1.437184	1
4.314624	3
1.4392319999999998	1
2.88256	2
1.442304	1
4.329984	3
4.333056	3
1.445376	1
1.4464	1
1.447424	1
4.348415999999999	3
2.900992	2
1.45152	1
1.4525439999999998	1
1.453568	1
5.8183679999999995	4
2.919424	2
1.463808	1
1.468928	1
2.939904	2
1.4709759999999998	1
2.944	2
1.473024	1
4.422143999999999	3
1.4760959999999999	1
2.95424	2
1.479168	1
1.4812159999999999	1
1.48224	1
7.41632	5
1.485312	1
2.9726719999999998	2
1.48736	1
1.491456	1
2.98496	2
1.493504	1
1.495552	1
1.496576	1
1.4996479999999999	1
3.007488	2
3.0095359999999998	2
6.023168	4
1.506816	1
4.5235199999999995	3
3.017728	2
1.5129599999999999	1
1.513984	1
6.064127999999999	4
1.517056	1
1.520128	1
1.5231999999999999	1
1.524224	1
3.050496	2
1.5262719999999999	1
1.527296	1
3.058688	2
1.5313919999999999	1
3.064832	2
4.61568	3
1.540608	1
7.7081599999999995	5
1.542656	1
1.54368	1
1.5447039999999999	1
3.091456	2
1.546752	1
1.547776	1
4.6464	3
1.5498239999999999	1
1.550848	1
1.5528959999999998	1
1.5549439999999999	1
3.111936	2
3.113984	2
1.560064	1
1.56416	1
1.565184	1
1.56928	1
1.5744	1
4.729344	3
1.577472	1
1.5815679999999999	1
1.582592	1
3.1733759999999998	2
3.175424	2
3.1795199999999997	2
3.183616	2
1.5948799999999999	1
1.5999999999999999	1
1.601024	1
1.6030719999999998	1
1.604096	1
1.6051199999999999	1
4.821504	3
1.6081919999999998	1
3.2327679999999996	2
3.238912	2
3.249152	2
1.6266239999999998	1
1.628672	1
1.63072	1
3.265536	2
1.633792	1
1.6368639999999999	1
3.28192	2
1.6419839999999999	1
1.643008	1
3.288064	2
1.647104	1
1.652224	1
3.3064959999999997	2
1.654272	1
1.657344	1
1.66144	1
1.662464	1
1.6634879999999999	1
1.667584	1
1.669632	1
1.6716799999999998	1
1.674752	1
1.675776	1
1.677824	1
1.680896	1
1.683968	1
1.686016	1
1.689088	1
3.382272	2
1.6952319999999999	1
3.4068479999999997	2
1.704448	1
3.4109439999999998	2
1.706496	1
3.4170879999999997	2
1.709568	1
1.71264	1
1.7136639999999999	1
1.71776	1
1.719808	1
3.451904	2
1.731072	1
1.736192	1
1.7372159999999999	1
1.74336	1
1.744384	1
1.7505279999999999	1
1.7556479999999999	1
1.757696	1
3.5174399999999997	2
1.7638399999999999	1
1.7669119999999998	1
1.767936	1
1.7689599999999999	1
3.539968	2
1.771008	1
1.778176	1
1.780224	1
1.7822719999999999	1
1.786368	1
1.7925119999999999	1
1.796608	1
1.801728	1
1.8037759999999998	1
1.806848	1
1.8088959999999998	1
1.812992	1
1.8191359999999999	1
1.82016	1
5.472767999999999	3
1.82528	1
1.828352	1
1.831424	1
1.8355199999999998	1
1.836544	1
1.8375679999999999	1
1.838592	1
1.843712	1
1.844736	1
3.7017599999999997	2
1.851904	1
1.857024	1
1.8672639999999998	1
1.870336	1
1.87136	1
1.87648	1
1.879552	1
1.880576	1
3.769344	2
1.889792	1
1.89184	1
1.903104	1
1.9061759999999999	1
1.908224	1
3.8184959999999997	2
3.820544	2
1.9174399999999998	1
1.921536	1
1.9276799999999998	1
1.9297279999999999	1
1.9307519999999998	1
1.934848	1
1.936896	1
1.9379199999999999	1
1.945088	1
1.950208	1
1.96352	1
1.9645439999999998	1
1.966592	1
3.9761919999999997	2
1.9932159999999999	1
2.000384	1
2.007552	1
2.010624	1
2.012672	1
2.017792	1
2.0321279999999997	1
2.038272	1
2.0392959999999998	1
2.041344	1
2.0423679999999997	1
2.0556799999999997	1
2.057728	1
4.117503999999999	2
2.061824	1
2.070016	1
2.080256	1
2.085376	1
2.0864	1
2.1022719999999997	1
2.110464	1
2.128896	1
2.137088	1
2.157568	1
2.1596159999999998	1
4.327424	2
2.1657599999999997	1
2.173952	1
2.1964799999999998	1
2.245632	1
2.2968319999999998	1
2.362368	1
4.757504	2
4.777984	2
2.407424	1
2.432	1
2.436096	1
2.475008	1
2.4832	1
2.528256	1
2.5343999999999998	1
2.556928	1
2.569216	1
2.601984	1
2.6040319999999997	1
2.622464	1
2.737152	1
2.7678719999999997	1
2.786304	1
5.5971839999999995	2
2.837504	1
2.886656	1
2.90304	1
2.9726719999999998	1
2.97472	1
3.12832	1
3.1488	1
3.15904	1
3.365888	1
3.4334719999999996	1
3.509248	1
3.556352	1
3.632128	1
3.720192	1
3.89632	1
3.980288	1
4.021248	1
4.168704	1
4.380672	1
4.49536	1
4.59776	1
4.6469119999999995	1
4.712448	1
4.84352	1
4.958208	1
5.015552	1
5.023744	1
5.56032	1
5.761024	1
5.859328	1
5.875712	1
5.9248639999999995	1
5.965824	1
6.555648	1
6.56384	1
6.723584	1
6.838272	1
6.8751359999999995	1
14.053376	2
7.206912	1
7.26016	1
7.313408	1
7.563263999999999	1
7.616511999999999	1
7.759872	1
8.054784	1
8.108032	1
8.4992	1
8.876032	1
9.506815999999999	1
9.64608	1
9.785344	1
12.423167999999999	1
15.020031999999999	1
16.142336	1
19.554304	1
24.240128	1
24.7808	1
25.747456	1
26.845184	1
29.007872	1
29.777919999999998	1
30.1056	1
61.128704	2
30.859264	1
30.957568	1
36.78208	1
41.730048	1
45.268992	1
50.3808	1
52.281344	1
57.09824	1
57.786367999999996	1
58.474495999999995	1
58.703872	1
58.998784	1
59.260928	1
60.080127999999995	1
60.2112	1
60.37504	1
60.53888	1
181.911552	3
121.602048	2
182.501376	3
60.899328	1
121.99526399999999	2
61.063168	1
61.095935999999995	1
61.128704	1
61.161471999999996	1
61.259775999999995	1
61.325312	1
61.390848	1
61.652992	1
61.849599999999995	1
62.078976	1
62.373887999999994	1
62.701567999999995	1
69.042176	1
75.595776	1
78.872576	1
