0.42380799999999996	1
0.4256	1
0.42816	1
0.428672	1
0.435328	1
0.436608	1
0.876288	2
0.439424	1
0.439936	1
0.440448	1
0.44095999999999996	1
0.44223999999999997	1
0.44684799999999997	1
1.342848	3
0.44889599999999996	1
0.450432	1
0.45094399999999996	1
0.45145599999999997	1
0.45427199999999995	1
0.454528	1
0.455296	1
0.458368	1
0.458624	1
0.45887999999999995	1
0.45939199999999997	1
0.459648	1
0.9213439999999999	2
0.46143999999999996	1
0.925952	2
0.463232	1
0.46348799999999996	1
0.927488	2
0.46399999999999997	1
0.464512	1
0.46604799999999996	1
0.46656	1
0.9336319999999999	2
0.467072	1
0.9346559999999999	2
0.467584	1
0.46784	1
0.468864	1
0.93824	2
0.46937599999999996	1
0.469888	1
0.940288	2
0.9408	2
0.47065599999999996	1
0.471168	1
1.8856959999999998	4
0.47296	1
0.9464319999999999	2
0.946944	2
0.473728	1
0.47398399999999996	1
0.47475199999999995	1
0.475008	1
0.47526399999999996	1
0.47552	1
1.903104	4
0.47603199999999996	1
1.428864	3
0.47654399999999997	1
0.9536	2
0.954112	2
1.4334719999999999	3
0.9571839999999999	2
0.957696	2
0.479104	1
0.47935999999999995	1
1.438848	3
0.9597439999999999	2
0.480128	1
0.480384	1
1.9225599999999998	4
0.48115199999999997	1
1.44576	3
0.964352	2
0.9648639999999999	2
0.48268799999999995	1
0.965888	2
1.4496	3
0.966912	2
0.48396799999999995	1
0.484224	1
0.9689599999999999	2
0.969984	2
1.455744	3
0.485504	1
0.9715199999999999	2
2.43008	5
0.486272	1
0.48652799999999996	1
0.973568	2
1.94816	4
0.48729599999999995	1
0.487552	1
0.97664	2
1.9563519999999999	4
0.489344	1
0.4896	1
0.9797119999999999	2
1.471104	3
0.981248	2
1.47264	3
0.49113599999999996	1
0.491392	1
0.983296	2
0.9838079999999999	2
0.98432	2
1.477248	3
0.985344	2
1.971712	4
0.49318399999999996	1
1.4803199999999999	3
1.9747839999999999	4
1.975808	4
0.988416	2
0.9889279999999999	2
0.49472	1
0.9899519999999999	2
0.9904639999999999	2
1.486464	3
0.9914879999999999	2
0.992	2
0.496256	1
0.9930239999999999	2
0.9940479999999999	2
1.492608	3
0.9955839999999999	2
0.498048	1
1.494912	3
1.99424	4
0.498816	1
1.9962879999999998	4
1.997312	4
0.499584	1
0.9996799999999999	2
1.000704	2
0.5006079999999999	1
1.001728	2
1.50336	3
1.504128	3
2.007552	4
1.0042879999999998	2
2.010624	4
3.0174719999999997	6
1.006336	2
1.5102719999999998	3
1.51104	3
0.5039359999999999	1
1.0094079999999999	2
2.5248	5
2.52608	5
0.505472	1
0.505728	1
1.517952	3
0.50624	1
3.038976	6
0.506752	1
1.521024	3
1.521792	3
1.015552	2
1.524096	3
0.508288	1
2.034176	4
0.5088	1
1.5271679999999999	3
1.527936	3
1.019136	2
1.0196479999999999	2
3.57056	7
2.041344	4
1.0211839999999999	2
3.065088	6
0.511104	1
2.0454399999999997	4
1.5356159999999999	3
2.048512	4
0.512384	1
1.02528	2
2.56448	5
2.0526079999999998	4
0.513408	1
2.054656	4
1.0278399999999999	2
2.056704	4
1.543296	3
2.0587519999999997	4
2.059776	4
1.0304	2
1.030912	2
2.062848	4
2.57984	5
1.032448	2
0.516736	1
1.550976	3
1.551744	3
1.552512	3
2.5888	5
1.036032	2
3.627904	7
2.59264	5
1.037568	2
2.5951999999999997	5
3.1173119999999996	6
1.0396159999999999	2
1.040128	2
3.12192	6
1.561728	3
1.041664	2
1.042176	2
2.6067199999999997	5
3.6512	7
2.60928	5
2.61056	5
1.0447359999999999	2
0.522624	1
2.09152	4
1.569408	3
2.6169599999999997	5
1.570944	3
1.04832	2
2.6227199999999997	5
4.200448	8
4.204543999999999	8
3.1564799999999997	6
3.6861439999999996	7
2.63552	5
2.63808	5
3.168768	6
3.17184	6
7.408128	14
3.177984	6
6.892288	13
4.776192	9
3.7184	7
5.31712	10
2.66112	5
6.925567999999999	13
6.398975999999999	12
2.6688	5
3.205632	6
5.34784	10
3.7470719999999997	7
5.893888	11
7.50848	14
3.757824	7
4.2987519999999995	8
5.378559999999999	10
3.768576	7
1.07776	2
7.551488	14
4.8591359999999995	9
2.70208	5
6.491136	12
4.87296	9
6.503424	12
4.882175999999999	9
4.343808	8
5.43488	10
0.5439999999999999	1
3.2670719999999998	6
3.815168	7
1.6366079999999998	3
7.644672	14
3.82592	7
4.376576	8
6.571008	12
6.029056	11
5.486079999999999	10
4.94208	9
2.198528	4
8.25216	15
6.0572159999999995	11
6.062848	11
7.1718399999999995	13
7.730688	14
5.5270399999999995	10
7.191808	13
4.9835519999999995	9
4.43392	8
6.657024	12
6.663168	12
7.2250879999999995	13
7.231744	13
3.8975999999999997	7
7.245056	13
2.231296	4
4.4666879999999995	8
3.911936	7
7.83104	14
7.2783359999999995	13
5.60384	10
3.926272	7
8.42112	15
8.428799999999999	15
6.186751999999999	11
7.881215999999999	14
6.7614719999999995	12
7.331583999999999	13
2.25792	4
3.3899519999999996	6
5.089536	9
5.660159999999999	10
6.798336	12
6.237439999999999	11
6.243072	11
5.112576	9
6.822912	12
6.829056	12
5.696	10
6.841343999999999	12
6.847487999999999	12
6.853631999999999	12
10.861312	19
7.438079999999999	13
10.308095999999999	18
6.3050239999999995	11
8.60544	15
9.187327999999999	16
5.747199999999999	10
8.053248	14
8.060416	14
7.491327999999999	13
5.7676799999999995	10
5.7728	10
5.77792	10
8.096256	14
6.366975999999999	11
8.110592	14
6.37824	11
3.482112	6
7.551232	13
9.302016	16
4.655104	8
6.4064	11
6.994943999999999	12
5.834239999999999	10
8.175104	14
7.013376	12
7.01952	12
3.512832	6
5.273855999999999	9
10.556928	18
9.979135999999999	17
9.400319999999999	16
5.880319999999999	10
5.296895999999999	9
4.123392	7
5.89568	10
6.49088	11
10.630656	18
7.684352	13
10.057471999999999	17
10.658304	18
8.29696	14
12.456192	21
11.87328	20
5.3475839999999994	9
7.730944	13
8.927999999999999	15
4.1699839999999995	7
7.750912	13
13.724928	23
7.764224	13
7.17312	12
6.580991999999999	11
8.98176	15
11.98592	20
10.196736	17
11.40608	19
7.810816	13
10.222847999999999	17
9.02784	15
9.03552	15
11.45472	19
5.430528	9
7.850752	13
8.461824	14
5.444351999999999	9
9.68704	16
9.695231999999999	16
13.342208	22
10.925568	18
10.934783999999999	18
9.12	15
10.953216	18
6.699263999999999	11
6.704896	11
9.15072	15
9.1584	15
4.888576	8
8.562176	14
11.629824	19
8.576512	14
6.74432	11
12.272639999999999	20
10.440448	17
11.063808	18
8.612352	14
6.77248	11
7.394304	12
12.33408	20
11.727103999999999	19
11.119104	18
11.128319999999999	18
12.37504	20
13.623807999999999	22
8.057088	13
12.405759999999999	20
13.657599999999999	22
11.183615999999999	18
11.814656	19
12.44672	20
7.474176	12
13.71392	22
8.110336	13
9.36576	15
8.123648	13
9.38112	15
10.64064	17
9.39648	15
10.658047999999999	17
6.902016	11
8.791552	14
11.94112	19
9.43488	15
12.590079999999999	20
11.340288	18
12.61056	20
8.20352	13
6.315519999999999	10
7.5847679999999995	12
12.018944	19
13.927935999999999	22
14.572799999999999	23
5.707008	9
12.057856	19
11.432447999999999	18
9.53472	15
12.7232	20
7.640064	12
8.920575999999999	14
8.927743999999999	14
7.6584959999999995	12
12.135679999999999	19
7.670783999999999	12
12.155135999999999	19
7.042815999999999	11
8.329984	13
6.4128	10
7.701504	12
9.634559999999999	15
5.1425279999999995	8
8.363264	13
9.01376	14
8.376576	13
10.317824	16
7.744511999999999	12
9.68832	15
10.3424	16
9.056768	14
7.769088	12
9.071104	14
6.48448	10
7.78752	12
8.443135999999999	13
5.849856	9
9.106944	14
6.510079999999999	10
5.21216	8
10.432512	16
3.9152639999999996	6
9.79584	15
7.842816	12
5.8867199999999995	9
7.200512	11
13.102079999999999	20
8.523007999999999	13
9.185792	14
6.5664	10
7.2286719999999995	11
8.549631999999999	13
5.923584	9
11.197695999999999	17
5.932799999999999	9
3.958272	6
5.942016	9
7.268096	11
5.289984	8
6.6175999999999995	10
5.9604479999999995	9
10.604543999999999	16
5.969664	9
7.965695999999999	12
7.307519999999999	11
11.302144	17
3.32672	5
13.982975999999999	21
7.996416	12
4.0012799999999995	6
10.678272	16
7.346944	11
8.020992	12
11.371775999999999	17
8.03328	12
5.359616	8
4.022784	6
7.380736	11
6.043392	9
10.751999999999999	16
9.415168	14
6.730239999999999	10
4.714752	7
12.132864	18
5.3964799999999995	8
5.400576	8
8.782592	13
4.056576	6
4.736256	7
4.06272	6
8.131584	12
10.17216	15
3.39328	5
6.7916799999999995	10
4.07808	6
4.0811519999999994	6
7.487743999999999	11
10.21824	15
8.862464	13
3.4112	5
6.82752	10
6.149375999999999	9
5.4702079999999995	8
6.158592	9
4.7936	7
7.538431999999999	11
8.915712	13
7.549696	11
4.807936	7
9.62304	14
6.190848	9
3.4419199999999996	5
5.511168	8
8.962304	13
6.8991999999999996	10
7.594752	11
5.527552	8
6.91456	10
4.151808	6
9.00224	13
5.5439359999999995	8
4.161023999999999	6
2.082048	3
4.861695999999999	7
9.03552	13
8.346624	12
4.8724479999999994	7
3.4828799999999998	5
4.8796159999999995	7
3.488	5
7.679232	11
7.684863999999999	11
2.796544	4
10.49472	15
4.20096	6
3.50336	5
4.908288	7
7.01696	10
1.4044159999999999	2
5.62176	8
4.922624	7
2.8149759999999997	4
6.338304	9
5.638144	8
8.46336	12
2.1173759999999997	3
5.6504319999999995	8
6.361344	9
5.658624	8
5.662719999999999	8
3.54176	5
4.253184	6
2.128128	3
4.259328	6
4.2623999999999995	6
3.55456	5
3.55712	5
6.407424	9
4.987136	7
4.99072	7
7.13472	10
3.5699199999999998	5
2.143488	3
3.57504	5
3.5776	5
5.012224	7
3.5827199999999997	5
8.604671999999999	12
4.305408	6
2.1542399999999997	3
0.718592	1
2.157312	3
4.317696	6
7.20128	10
1.44128	2
5.048064	7
3.60832	5
3.61088	5
5.058816	7
3.6159999999999997	5
5.065983999999999	7
4.345344	6
5.7978879999999995	8
2.900992	4
4.35456	6
1.4525439999999998	2
5.087488	7
2.9091839999999998	4
2.183424	3
7.2832	10
1.4576639999999998	2
6.564095999999999	9
1.459712	2
2.921472	4
1.46176	2
5.119744	7
2.195712	3
3.66208	5
6.5963519999999995	9
3.6672	5
2.201856	3
0.734464	1
0.734976	1
3.67744	5
3.6799999999999997	5
4.419072	6
2.948096	4
0.737536	1
6.6424319999999994	9
2.21568	3
5.173503999999999	7
2.218752	3
4.440576	6
1.4812159999999999	2
1.48224	2
2.2248959999999998	3
4.452864	6
1.485312	2
3.71584	5
4.462079999999999	6
2.976768	4
2.9788159999999997	4
3.7260799999999996	5
2.982912	4
3.7312	5
3.7337599999999997	5
5.230848	7
3.73888	5
2.2448639999999997	3
3.7439999999999998	5
2.997248	4
1.4996479999999999	2
4.502016	6
6.757632	9
5.25952	7
4.511232	6
3.0095359999999998	4
0.752896	1
4.520448	6
2.2617599999999998	3
1.508864	2
4.5296639999999995	6
5.288192	7
2.2679039999999997	3
2.26944	3
2.270976	3
3.030016	4
3.0320639999999996	4
2.275584	3
1.5180799999999999	2
6.835967999999999	9
2.280192	3
1.5211519999999998	2
3.044352	4
1.5231999999999999	2
2.286336	3
3.050496	4
6.105087999999999	8
6.872832	9
4.58496	6
3.058688	4
3.060736	4
3.0627839999999997	4
4.597248	6
3.8335999999999997	5
3.0689279999999997	4
3.070976	4
3.84128	5
5.3813759999999995	7
4.61568	6
1.5395839999999998	2
2.310912	3
2.312448	3
3.8566399999999996	5
5.40288	7
2.317056	3
6.182912	8
4.640256	6
2.3216639999999997	3
3.872	5
3.87456	5
6.203392	8
3.87968	5
1.5528959999999998	2
2.33088	3
5.445888	7
7.006463999999999	9
3.1160319999999997	4
4.6771199999999995	6
3.9001599999999996	5
2.3416319999999997	3
1.562112	2
4.689407999999999	6
4.69248	6
3.130368	4
3.91552	5
7.052543999999999	9
3.1365119999999997	4
3.9232	5
5.496064	7
1.5713279999999998	2
5.503232	7
2.360064	3
3.936	5
7.089408	9
2.364672	3
2.366208	3
2.367744	3
4.73856	6
3.161088	4
5.535488	7
3.165184	4
3.95904	5
3.1692799999999997	4
5.549824	7
0.7933439999999999	1
2.3815679999999997	3
1.588736	2
3.9743999999999997	5
3.181568	4
4.775424	6
4.778496	6
7.172352	9
3.9871999999999996	5
3.191808	4
4.7907839999999995	6
3.1959039999999996	4
3.9974399999999997	5
3.1999999999999997	4
4.00256	5
4.00512	5
4.809216	6
0.802048	1
5.61792	7
3.212288	4
6.428672	8
6.432767999999999	8
5.632256	7
5.63584	7
4.02816	5
1.612288	2
6.453247999999999	8
5.650176	7
3.23072	4
4.849152	6
5.660928	7
0.8092159999999999	1
5.668095999999999	7
8.1024	10
4.05376	5
4.0563199999999995	5
4.058879999999999	5
1.624576	2
7.3152	9
8.13312	10
6.510592	8
2.443008	3
3.259392	4
4.89216	6
5.711104	7
5.714688	7
4.901376	6
2.4522239999999997	3
5.72544	7
7.365888	9
2.456832	3
2.458368	3
5.739776	7
6.56384	8
4.925952	6
3.286016	4
5.754112	7
3.2901119999999997	4
4.9382399999999995	6
6.588416	8
3.2962559999999996	4
2.473728	3
3.3003519999999997	4
6.6048	8
3.304448	4
4.13312	5
4.13568	5
0.8276479999999999	1
3.31264	4
8.286719999999999	10
4.975104	6
8.29696	10
2.490624	3
4.984319999999999	6
9.143552	11
7.485696	9
8.32256	10
5.829376	7
3.3331199999999996	4
9.171712	11
10.011648	12
4.17408	5
8.35328	10
1.6716799999999998	2
4.18176	5
5.858048	7
10.885888	13
6.703104	8
9.2224	11
5.872383999999999	7
3.357696	4
2.519808	3
5.8831359999999995	7
0.8409599999999999	1
4.2073599999999995	5
6.735872	8
7.582464	9
7.587072	9
9.27872	11
4.22016	5
4.22272	5
5.915392	7
6.764544	8
5.92256	7
5.079552	6
3.388416	4
6.780927999999999	8
12.721919999999999	15
5.94048	7
9.340672	11
5.947648	7
11.052287999999999	13
6.805504	8
5.9584	7
10.220544	12
6.817792	8
5.969151999999999	7
7.679232	9
7.68384	9
5.979903999999999	7
9.402624	11
6.842368	8
5.9906559999999995	7
7.70688	9
7.711487999999999	9
12.002816	14
6.004992	7
3.4334719999999996	4
8.588799999999999	10
6.8751359999999995	8
11.178752	13
7.7437439999999995	9
5.1655679999999995	6
11.19872	13
6.033664	7
8.62464	10
8.62976	10
6.907903999999999	8
8.639999999999999	10
6.916096	8
6.920192	8
6.058752	7
5.196288	6
8.6656	10
7.803648	9
6.073087999999999	7
6.944768	8
6.080255999999999	7
8.6912	10
7.826688	9
7.831296	9
6.965248	8
4.35584	5
3.48672	4
9.594111999999999	11
6.108928	7
8.73216	10
7.863551999999999	9
10.490879999999999	12
8.74752	10
7.877376	9
10.509312	12
5.257728	6
8.767999999999999	10
7.895808	9
8.77824	10
6.148352	7
6.151936	7
11.43168	13
7.918848	9
9.684224	11
9.689855999999999	11
4.407039999999999	5
11.46496	13
5.294592	6
6.180607999999999	7
7.067647999999999	8
10.607616	12
7.0758399999999995	8
15.044863999999999	17
10.626047999999999	12
10.632192	12
14.184448	16
10.64448	12
9.763072	11
11.544832	13
10.662912	12
9.779968	11
7.1168	8
14.241792	16
7.124992	8
13.36704	15
8.91648	10
8.02944	9
7.141375999999999	8
11.611391999999999	13
8.93696	10
9.836288	11
8.947199999999999	10
12.533247999999999	14
12.540415999999999	14
15.236352	17
13.451519999999999	15
10.76736	12
10.773503999999999	12
14.372864	16
12.583423999999999	14
9.892608	11
8.098559999999999	9
3.6014079999999997	4
12.612096	14
9.01376	10
6.313216	7
10.8288	12
6.320384	7
14.454784	16
15.366912	17
10.853375999999999	12
9.0496	10
12.676608	14
7.247872	8
12.690944	14
10.884096	12
11.79776	13
11.804416	13
11.811072	13
9.09056	10
9.09568	10
12.741119999999999	14
18.21184	20
10.933247999999999	12
9.116159999999999	10
14.594047999999999	16
9.1264	10
10.957823999999999	12
12.791295999999999	14
10.055935999999999	11
8.232192	9
11.897599999999999	13
7.325696	8
10.994688	12
9.16736	10
5.503488	6
5.5065599999999995	6
8.264448	9
7.3502719999999995	8
11.950847999999999	13
5.518847999999999	6
18.406399999999998	20
7.366656	8
6.449408	7
12.905984	14
11.068416	12
11.07456	12
4.61696	5
9.23904	10
6.470911999999999	7
10.174208	11
8.32896	9
12.963327999999999	14
17.602816	19
8.342784	9
8.347392	9
9.28	10
4.64256	5
10.219263999999999	11
13.013504	14
4.65024	5
9.3056	10
9.31072	10
14.905344	16
8.388864	9
9.32608	10
5.59872	6
15.871744	17
8.407295999999999	9
13.085184	14
12.157183999999999	13
8.42112	9
11.234304	12
9.36704	10
10.309376	11
12.190463999999999	13
13.135359999999999	14
9.38752	10
9.39264	10
5.638656	6
11.283456	12
8.4672	9
11.295744	12
7.534592	8
6.5963519999999995	7
9.42848	10
5.660159999999999	6
8.494848	9
7.555072	8
15.118336	16
3.7816319999999997	4
7.56736	8
11.357184	12
12.310272	13
6.632192	7
15.167487999999999	16
11.38176	12
10.438912	11
13.293056	14
11.400191999999999	12
5.703168	6
7.60832	8
13.321728	14
13.328895999999999	14
5.715456	6
14.29632	15
6.675199999999999	7
4.77056	5
8.591616	9
8.596224	9
5.733887999999999	6
9.5616	10
5.740031999999999	6
5.743104	6
13.407744	14
8.623872	9
2.87616	3
11.510784	12
4.798719999999999	5
3.841024	4
16.333056	17
9.6128	10
11.541504	12
9.62304	10
8.665344	9
3.853312	4
5.78304	6
1.928704	2
9.64864	10
5.792256	6
2.897664	3
10.6304	11
7.735296	8
10.641663999999999	11
11.615231999999999	12
9.684479999999999	10
6.782719999999999	7
7.755776	8
4.84992	5
6.7934719999999995	7
1.942016	2
7.7721599999999995	8
6.804224	7
2.917632	3
17.515007999999998	18
5.8414079999999995	6
11.68896	12
7.796735999999999	8
8.775936	9
6.829312	7
7.809024	8
2.92992	3
8.794368	9
9.77664	10
10.759936	11
6.850816	7
7.8336	8
3.9188479999999997	4
5.8813439999999995	6
5.884416	6
6.868735999999999	7
0.98176	1
6.875903999999999	7
5.896704	6
4.91648	5
3.9352319999999996	4
5.90592	6
3.9393279999999997	4
8.868096	9
4.929279999999999	5
3.9454719999999996	4
5.921279999999999	6
2.962176	3
6.915328	7
7.907328	8
10.878207999999999	11
7.91552	8
7.9196159999999995	8
2.971392	3
1.981952	2
4.95744	5
6.944	7
6.947584	7
1.9860479999999998	2
2.9806079999999997	3
3.9761919999999997	4
5.967359999999999	6
7.960576	8
4.97792	5
3.984384	4
1.9932159999999999	2
6.979839999999999	7
5.985792	6
6.987007999999999	7
4.9932799999999995	5
3.996672	4
6.9977599999999995	7
9.001728	9
3.002112	3
3.0036479999999997	3
1.001728	1
3.00672	3
9.024768	9
7.022848	7
1.003776	1
4.017151999999999	4
7.0336	7
3.015936	3
9.052416	9
4.025344	4
3.0205439999999997	3
3.02208	3
3.023616	3
7.058688	7
2.017792	2
2.0188159999999997	2
6.05952	6
4.041728	4
4.043776	4
2.022912	2
7.083775999999999	7
3.0374399999999997	3
5.06496	5
2.027008	2
4.056064	4
2.0290559999999997	2
1.01504	1
4.062208	4
3.048192	3
1.016576	1
1.017088	1
8.1408	8
6.108671999999999	6
4.074496	4
4.076544	4
4.0785919999999996	4
5.1008	5
5.1033599999999995	5
3.063552	3
2.043392	2
6.133248	6
4.090879999999999	4
8.185856	8
3.0712319999999997	3
7.169791999999999	7
3.0743039999999997	3
1.02528	1
4.103168	4
2.0526079999999998	2
2.053632	2
2.054656	2
5.1392	5
4.113408	4
5.14432	5
5.1468799999999995	5
5.149439999999999	5
4.1216	4
6.185472	6
2.062848	2
3.095808	3
4.129792	4
4.1318399999999995	4
4.133888	4
4.135936	4
3.103488	3
4.140032	4
2.07104	2
2.072064	2
3.109632	3
4.148224	4
1.037568	1
1.03808	1
3.115776	3
2.078208	2
1.0396159999999999	1
4.160512	4
2.08128	2
3.123456	3
2.083328	2
2.084352	2
5.213439999999999	5
3.1311359999999997	3
1.044224	1
2.0894719999999998	2
5.22624	5
5.2288	5
4.1850879999999995	4
4.187136	4
1.047296	1
2.0956159999999997	2
5.2416	5
3.147264	3
4.200448	4
5.25568	5
5.2608	5
11.585023999999999	11
4.216832	4
4.220928	4
8.450047999999999	8
2.11456	2
4.233216	4
8.474624	8
6.362112	6
3.184128	3
7.4368	7
8.507392	8
6.3866879999999995	6
1.065472	1
3.1994879999999997	3
8.54016	8
4.274176	4
6.417408	6
4.282368	4
9.644544	9
5.3632	5
9.662975999999999	9
2.1493759999999997	2
9.681408	9
6.4604159999999995	6
5.3888	5
6.472703999999999	6
6.478847999999999	6
9.727488	9
6.491136	6
6.49728	6
3.251712	3
8.679424	8
7.6016639999999995	7
6.521856	6
7.616	7
1.089024	1
5.45024	5
5.45536	5
3.2762879999999996	3
5.465599999999999	5
3.282432	3
7.666175999999999	7
5.48096	5
7.680511999999999	7
7.687679999999999	7
5.49632	5
5.50144	5
3.3039359999999998	3
9.921024	9
4.41344	4
1.104384	1
6.632448	6
6.638592	6
7.752192	7
2.21696	2
5.54752	5
2.221056	2
2.2231039999999997	2
4.450304	4
3.3407999999999998	3
4.458496	4
4.462592	4
5.58336	5
5.58848	5
4.47488	4
2.2394879999999997	2
2.241536	2
5.60896	5
5.6140799999999995	5
4.49536	4
4.4994559999999995	4
4.503552	4
6.7614719999999995	6
4.511744	4
3.3868799999999997	3
3.3899519999999996	3
6.786048	6
6.792192	6
3.399168	3
3.40224	3
4.540416	4
2.272256	2
4.548608	4
1.1381759999999999	1
2.2784	2
6.841343999999999	6
9.129984	8
7.9959039999999995	7
4.5731839999999995	4
6.86592	6
4.581376	4
1.146368	1
1.147392	1
3.445248	3
1.14944	1
2.300928	2
3.4544639999999998	3
3.4575359999999997	3
2.307072	2
6.927359999999999	6
3.466752	3
1.1566079999999999	1
2.315264	2
1.158656	1
1.15968	1
3.482112	3
1.1617279999999999	1
1.162752	1
4.655104	4
4.6592	4
2.331648	2
5.83936	5
1.168896	1
1.1699199999999998	1
2.341888	2
3.515904	3
1.172992	1
1.174016	1
1.1750399999999999	1
1.176064	1
3.5312639999999997	3
5.89568	5
1.1801599999999999	1
3.543552	3
3.546624	3
3.552768	3
1.18528	1
2.372608	2
1.187328	1
1.1904	1
2.382848	2
2.384896	2
1.1934719999999999	1
3.583488	3
3.589632	3
2.399232	2
1.204736	1
3.629568	3
1.214976	1
1.2170239999999999	1
1.2200959999999998	1
2.44224	2
1.222144	1
3.669504	3
2.4606719999999997	2
1.2334079999999998	1
1.234432	1
3.706368	3
2.475008	2
1.2385279999999999	1
2.481152	2
1.2416	1
1.242624	1
1.245696	1
1.2487679999999999	1
3.752448	3
1.252864	1
1.261056	1
1.263104	1
2.536448	2
1.278464	1
2.56512	2
1.2856319999999999	1
2.573312	2
1.28768	1
1.2989439999999999	1
1.304064	1
1.321472	1
1.324544	1
1.3255679999999999	1
1.332736	1
1.356288	1
1.38496	1
1.393152	1
1.403392	1
1.406464	1
1.416704	1
1.4177279999999999	1
1.440256	1
1.442304	1
1.443328	1
1.4525439999999998	1
1.4627839999999999	1
1.469952	1
1.475072	1
2.976768	2
1.496576	1
1.5344639999999998	1
1.5498239999999999	1
1.5733759999999999	1
1.6184319999999999	1
1.6501759999999999	1
1.6686079999999999	1
1.672704	1
1.6819199999999999	1
1.689088	1
1.725952	1
1.728	1
1.7505279999999999	1
1.754624	1
1.762816	1
1.7720319999999998	1
1.8242559999999999	1
1.870336	1
1.913344	1
1.9307519999999998	1
1.931776	1
1.933824	1
1.9430399999999999	1
1.9829759999999998	1
1.987072	1
1.990144	1
2.0608	1
2.075136	1
2.093568	1
2.0956159999999997	1
2.225152	1
2.4033279999999997	1
2.638848	1
2.6511359999999997	1
2.91328	1
2.987008	1
3.15904	1
3.6382719999999997	1
3.9659519999999997	1
4.2250239999999994	1
4.51584	1
4.6469119999999995	1
4.839424	1
4.982784	1
5.289984	1
7.419904	1
9.949183999999999	1
10.022912	1
14.56128	1
21.733376	1
22.994944	1
24.256511999999997	1
25.042944	1
25.796608	1
26.599424	1
26.828799999999998	1
27.353088	1
27.779072	1
28.303359999999998	1
28.811263999999998	1
28.925952	1
29.794304	1
30.43328	1
30.482432	1
30.531584	1
30.728192	1
30.826496	1
30.875647999999998	1
31.023104	1
31.072256	1
31.088639999999998	1
34.783232	1
52.18304	1
55.394304	1
55.558144	1
56.246272	1
58.998784	1
59.129856	1
60.440576	1
60.833791999999995	1
60.997631999999996	1
61.325312	1
61.620224	1
87.39225599999999	1
0.41024	1
0.41049599999999997	1
0.414848	1
0.426112	1
0.864	2
0.432768	1
0.870656	2
0.43584	1
0.436608	1
0.43891199999999997	1
0.878336	2
0.439424	1
0.439936	1
0.440448	1
0.441472	1
0.44351999999999997	1
0.887552	2
0.44428799999999996	1
0.445056	1
0.447872	1
0.44812799999999997	1
0.449152	1
0.449408	1
0.9003519999999999	2
0.45145599999999997	1
0.45222399999999996	1
0.90496	2
1.3582079999999999	3
0.90752	2
0.454016	1
0.454528	1
0.45478399999999997	1
0.910592	2
0.455808	1
0.456576	1
0.45683199999999996	1
0.914688	2
0.45811199999999996	1
0.916736	2
0.9177599999999999	2
0.459136	1
1.3781759999999998	3
0.459648	1
0.46015999999999996	1
1.381248	3
0.921856	2
0.46143999999999996	1
0.46220799999999995	1
0.462464	1
0.463232	1
0.46348799999999996	1
0.463744	1
0.46399999999999997	1
0.464512	1
0.46476799999999996	1
0.931072	2
0.931584	2
1.8641919999999998	4
0.46681599999999995	1
0.467072	1
0.46732799999999997	1
0.93568	2
0.468352	1
0.9372159999999999	2
0.937728	2
0.93824	2
0.46937599999999996	1
1.408896	3
0.469888	1
0.470144	1
0.47065599999999996	1
1.412736	3
1.8856959999999998	4
0.94336	2
0.9438719999999999	2
0.472448	1
0.9454079999999999	2
0.47296	1
0.47321599999999997	1
1.893888	4
0.947456	2
0.47398399999999996	1
1.89696	4
0.47475199999999995	1
1.900032	4
0.47526399999999996	1
0.47552	1
0.951552	2
0.47603199999999996	1
0.476288	1
0.47654399999999997	1
0.4768	1
0.47731199999999996	1
0.477568	1
0.47808	1
0.478336	1
1.436544	3
1.437312	3
1.43808	3
0.479616	1
0.47987199999999997	1
0.960256	2
1.441152	3
1.4419199999999999	3
0.48115199999999997	1
0.481408	1
1.4449919999999998	3
0.9638399999999999	2
0.964352	2
0.9653759999999999	2
0.482944	1
0.48319999999999996	1
0.966912	2
0.483712	1
1.936896	4
0.48447999999999997	1
1.454208	3
0.48524799999999996	1
0.485504	1
0.48575999999999997	1
1.458048	3
1.458816	3
0.48652799999999996	1
0.973568	2
1.4618879999999999	3
1.9512319999999999	4
1.464192	3
1.95328	4
0.48857599999999995	1
0.977664	2
1.467264	3
0.978688	2
0.9792	2
1.469568	3
0.980224	2
1.471104	3
1.962496	4
1.96352	4
1.9645439999999998	4
0.982784	2
0.983296	2
1.475712	3
1.47648	3
0.9848319999999999	2
2.956032	6
0.985856	2
0.9863679999999999	2
1.97376	4
0.9873919999999999	2
1.4818559999999998	3
0.988416	2
1.483392	3
1.48416	3
0.49497599999999997	1
1.486464	3
1.9829759999999998	4
0.496	1
0.9930239999999999	2
1.4903039999999999	3
0.9940479999999999	2
0.99456	2
0.995072	2
1.9911679999999998	4
1.494144	3
2.49152	5
2.4928	5
1.995264	4
0.49907199999999996	1
0.998656	2
0.499584	1
1.000192	2
1.000704	2
1.5018239999999998	3
0.500864	1
1.50336	3
0.5013759999999999	1
1.504896	3
2.0085759999999997	4
0.5024	1
1.507968	3
1.005824	2
4.528512	9
1.5102719999999998	3
3.02208	6
0.5039359999999999	1
1.512576	3
1.008896	2
2.0188159999999997	4
0.50496	1
1.5156479999999999	3
0.505472	1
1.5171839999999999	3
2.023936	4
2.02496	4
1.012992	2
2.027008	4
2.53504	5
1.521792	3
2.03008	4
3.046656	6
1.0160639999999999	2
2.033152	4
3.0512639999999998	6
3.0528	6
1.5271679999999999	3
2.54656	5
2.0392959999999998	4
2.04032	4
1.020672	2
2.5529599999999997	5
1.021696	2
1.533312	3
2.5568	5
1.534848	3
2.047488	4
0.512128	1
1.024768	2
2.05056	4
1.025792	2
1.539456	3
2.053632	4
2.054656	4
1.54176	3
3.085056	6
1.028864	2
1.5440639999999999	3
3.089664	6
2.0608	4
2.061824	4
3.0942719999999997	6
3.095808	6
1.5486719999999998	3
2.5836799999999998	5
2.067968	4
2.0689919999999997	4
2.070016	4
2.07104	4
0.518272	1
3.1111679999999997	6
0.518784	1
2.5951999999999997	5
2.5964799999999997	5
1.5586559999999998	3
2.0792319999999997	4
2.080256	4
2.6016	5
1.561728	3
2.60416	5
3.126528	6
4.692095999999999	9
1.5648	3
2.087424	4
4.176896	8
3.656576	7
4.180992	8
2.6144	5
1.0462719999999999	2
0.523392	1
2.6182399999999997	5
2.61952	5
2.6208	5
4.196352	8
5.25056	10
4.204543999999999	8
4.20864	8
4.212736	8
4.216832	8
5.27616	10
4.2250239999999994	8
6.872319999999999	13
6.349824	12
2.64832	5
2.120704	4
3.184128	6
6.3744	12
5.31712	10
4.257792	8
3.1964159999999997	6
6.932224	13
4.80384	9
5.8769919999999995	11
4.278271999999999	8
5.888256	11
3.214848	6
5.89952	11
5.905151999999999	11
4.2987519999999995	8
3.764992	7
6.998784	13
6.466559999999999	12
3.775744	7
3.2394239999999996	6
5.944576	11
3.7864959999999996	7
3.7900799999999997	7
4.335616	8
5.967104	11
8.144639999999999	15
6.521856	12
5.4399999999999995	10
4.356096	8
6.540287999999999	12
3.2732159999999997	6
6.552575999999999	12
5.465599999999999	10
3.282432	6
7.666175999999999	14
7.673343999999999	14
9.874944	18
6.58944	12
7.145216	13
9.352447999999999	17
3.854592	7
6.062848	11
5.5168	10
6.626303999999999	12
8.843264	16
4.425727999999999	8
6.0910079999999995	11
8.86784	16
5.54752	10
5.552639999999999	10
6.669312	12
3.337728	6
6.6815999999999995	12
10.031616	18
8.925184	16
7.258368	13
8.382719999999999	15
11.187199999999999	20
6.718464	12
8.405759999999999	15
8.974336	16
5.6140799999999995	10
4.49536	8
8.43648	15
11.821824	21
10.705663999999999	19
7.8955519999999995	14
7.33824	13
7.344895999999999	13
8.48256	15
6.792192	12
6.231808	11
5.1033599999999995	9
9.080832	16
3.976448	7
10.234368	18
7.398143999999999	13
9.1136	16
6.841343999999999	12
9.129984	16
4.569088	8
5.71648	10
11.4432	20
6.872064	12
6.878208	12
8.60544	15
8.038912	14
7.47136	13
6.327552	11
8.63616	15
12.677632	22
8.65152	15
10.96832	19
8.089088	14
10.409472	18
7.524608	13
8.689919999999999	15
10.43712	18
8.124927999999999	14
9.874687999999999	17
5.232384	9
7.564544	13
8.735999999999999	15
11.65824	20
10.501631999999999	18
9.342976	16
7.597823999999999	13
7.01952	12
8.196608	14
11.71968	20
8.210944	14
12.327167999999999	21
11.16288	19
12.936703999999999	22
9.416704	16
4.712448	8
12.380927999999999	21
6.49088	11
9.449472	16
9.457664	16
8.87424	15
6.513408	11
9.48224	16
9.490432	16
8.311296	14
11.289344	19
8.325631999999999	14
10.1184	17
7.148543999999999	12
6.558464	11
11.337983999999999	19
5.97248	10
11.357439999999999	19
13.161983999999999	22
10.778112	18
5.393663999999999	9
11.396352	19
10.20544	17
8.411648	14
4.810752	8
7.824128	13
7.8307839999999995	13
8.44032	14
9.05088	15
13.285888	22
10.879488	18
9.07392	15
8.47616	14
8.483328	14
4.245248	7
7.890688	13
11.542271999999999	19
7.904	13
7.302143999999999	12
15.2256	25
9.752576	16
11.590912	19
10.990079999999999	18
6.721792	11
8.562176	14
10.405631999999999	17
12.25216	20
9.1968	15
9.20448	15
10.440448	17
6.761216	11
10.457856	17
6.77248	11
9.24288	15
9.25056	15
12.34432	20
11.736832	19
12.983039999999999	21
3.712512	6
9.908223999999999	16
13.015296	21
13.646336	22
7.449599999999999	12
14.290175999999999	23
8.083712	13
11.202048	18
9.965568	16
8.103679999999999	13
8.734207999999999	14
9.36576	15
7.498752	12
9.38112	15
10.014719999999999	16
8.770048	14
5.015552	8
6.902016	11
12.55936	20
10.055679999999999	16
9.43488	15
5.6655359999999995	9
9.450239999999999	15
11.980032	19
8.20352	13
7.578624	12
8.848896	14
8.856064	14
6.33088	10
6.9696	11
9.51168	15
5.711615999999999	9
6.35136	10
10.170368	16
11.45088	18
9.55008	15
5.097472	8
9.565439999999999	15
7.020288	11
7.6646399999999995	12
6.39232	10
9.59616	15
10.884352	17
7.689216	12
5.77152	9
8.985088	14
12.846079999999999	20
7.713792	12
4.503296	7
7.08224	11
4.510464	7
7.093503999999999	11
4.517632	7
9.042432	14
5.1712	8
7.116032	11
5.179392	8
7.127295999999999	11
7.781376	12
9.08544	14
8.443135999999999	13
6.49984	10
7.155456	11
6.510079999999999	10
5.21216	8
5.216256	8
7.830527999999999	12
7.836672	12
7.189248	11
9.157119999999999	14
6.54592	10
7.206144	11
7.867392	12
10.498047999999999	16
5.9097599999999995	9
5.914368	9
7.234304	11
7.898111999999999	12
6.58688	10
3.9551999999999996	6
4.617984	7
5.942016	9
9.250304	14
4.628736	7
11.24992	17
10.596352	16
9.94176	15
5.969664	9
3.9828479999999997	6
8.63616	13
3.9889919999999996	6
9.314816	14
9.98784	15
6.663679999999999	10
6.6688	10
7.341311999999999	11
5.3432319999999995	8
6.684159999999999	10
10.702848	16
8.03328	12
5.359616	8
4.022784	6
7.380736	11
7.386368	11
3.36	5
6.052607999999999	9
8.076288	12
9.429504	14
8.088576	12
6.07104	9
6.075648	9
8.782592	13
5.408767999999999	8
5.412864	8
6.09408	9
2.032896	3
6.103295999999999	9
2.035968	3
4.0750079999999995	6
2.03904	3
5.441536	8
4.764927999999999	7
2.0436479999999997	3
3.4086399999999997	5
5.45792	8
5.462015999999999	8
4.7828479999999995	7
4.786432	7
3.42144	5
3.424	5
2.7412479999999997	4
4.1149439999999995	6
3.43168	5
3.43424	5
10.99776	16
5.502975999999999	8
6.195456	9
2.755584	4
7.583488	11
4.82944	7
3.4521599999999997	5
3.45472	5
4.1487359999999995	6
5.535743999999999	8
3.4623999999999997	5
2.7719679999999998	4
4.161023999999999	6
5.552128	8
2.083584	3
2.08512	3
3.47776	5
6.264576	9
4.8760319999999995	7
3.4854399999999996	5
4.1856	6
4.1886719999999995	6
5.588992	8
8.389631999999999	12
5.5971839999999995	8
7.0016	10
6.306048	9
4.908288	7
4.210176	6
4.213248	6
3.5136	5
3.5161599999999997	5
6.333696	9
2.112768	3
2.819072	4
4.23168	6
5.646336	8
3.53152	5
2.120448	3
2.121984	3
7.786239999999999	11
2.833408	4
2.8354559999999998	4
3.54688	5
4.259328	6
2.8415999999999997	4
3.55456	5
2.1342719999999997	3
4.271616	6
6.412032	9
2.13888	3
4.994304	7
4.997888	7
3.5724799999999997	5
2.145024	3
5.00864	7
1.432064	2
3.5827199999999997	5
2.8682239999999997	4
3.58784	5
5.030144	7
7.910144	11
1.4392319999999998	2
5.761024	8
3.6031999999999997	5
4.326912	6
3.60832	5
3.61088	5
2.1680639999999998	3
6.5088	9
6.513408	9
2.896896	4
4.351488	6
0.72576	1
2.178816	3
2.907136	4
2.9091839999999998	4
2.183424	3
2.91328	4
4.372992	6
1.458688	2
2.189568	3
3.65184	5
3.6544	5
2.1941759999999997	3
5.123328	7
0.732416	1
2.198784	3
3.6672	5
3.6697599999999997	5
3.67232	5
5.879808	8
2.9419519999999997	4
2.944	4
3.68512	5
3.68768	5
2.214144	3
1.47712	2
3.69536	5
5.1770879999999995	7
5.1806719999999995	7
2.221824	3
2.22336	3
3.70816	5
4.452864	6
2.970624	4
1.4863359999999999	2
4.462079999999999	6
2.232576	3
2.9788159999999997	4
2.235648	3
2.982912	4
1.49248	2
2.241792	3
2.243328	3
1.496576	2
3.7439999999999998	5
2.2479359999999997	3
2.249472	3
3.001344	4
3.003392	4
2.25408	3
3.007488	4
1.5047679999999999	2
0.752896	1
3.013632	4
3.7695999999999996	5
5.2810239999999995	7
3.77472	5
4.532736	6
6.803712	9
4.53888	6
2.270976	3
7.5750399999999996	10
2.274048	3
2.275584	3
3.0361599999999997	4
1.519104	2
3.8003199999999997	5
1.5211519999999998	2
2.283264	3
0.7615999999999999	1
3.8105599999999997	5
4.575743999999999	6
3.0525439999999997	4
3.81824	5
2.29248	3
0.764672	1
6.121472	8
1.5313919999999999	2
2.298624	3
0.76672	1
2.3016959999999997	3
3.070976	4
6.914304	9
3.075072	4
4.61568	6
4.618752	6
0.770304	1
3.8540799999999997	5
3.8566399999999996	5
3.08736	4
4.634112	6
5.410048	7
3.8668799999999997	5
2.3216639999999997	3
3.0976	4
3.87456	5
5.427968	7
2.327808	3
6.211583999999999	8
5.43872	7
2.332416	3
7.77984	10
1.556992	2
3.1160319999999997	4
3.8975999999999997	5
3.9001599999999996	5
2.3416319999999997	3
3.90528	5
1.5631359999999999	2
7.820799999999999	10
2.347776	3
3.91552	5
3.134464	4
2.352384	3
3.13856	4
7.066368	9
1.5713279999999998	2
6.289408	8
3.1467519999999998	4
3.936	5
0.787712	1
3.1528959999999997	4
4.732416	6
3.156992	4
6.31808	8
3.9513599999999998	5
3.1631359999999997	4
3.165184	4
5.542656	7
3.9616	5
7.135488	9
10.313471999999999	13
6.350848	8
3.97184	5
6.359039999999999	8
3.9769599999999996	5
5.571327999999999	7
3.185664	4
2.390784	3
3.9871999999999996	5
3.98976	5
6.387712	8
4.793856	6
3.197952	4
5.6	7
6.404096	8
6.408192	8
5.610752	7
5.614336	7
8.82816	11
4.818432	6
4.821504	6
4.8245759999999995	6
6.436864	8
4.8307199999999995	6
4.833792	6
5.643008	7
6.453247999999999	8
2.421504	3
8.88448	11
4.04096	5
3.234816	4
3.2368639999999997	4
4.858368	6
7.29216	9
3.2430079999999997	4
2.433792	3
4.058879999999999	5
4.873728	6
3.2512	4
2.439936	3
3.255296	4
2.443008	3
4.07424	5
5.70752	7
6.5269759999999994	8
5.714688	7
4.901376	6
4.08704	5
3.27168	4
4.910591999999999	6
8.18944	10
5.736192	7
7.379712	9
5.74336	7
3.2839679999999998	4
7.393536	9
4.932096	6
5.757696	7
4.1152	5
4.11776	5
8.240639999999999	10
4.122879999999999	5
1.6501759999999999	2
9.0816	11
4.956672	6
6.612991999999999	8
4.962816	6
4.965888	6
5.79712	7
6.629376	8
5.804288	7
9.126655999999999	11
4.981248	6
5.81504	7
5.818624	7
9.980927999999999	12
11.651584	14
9.160447999999999	11
5.83296	7
7.504128	9
5.005824	6
2.504448	3
5.0119679999999995	6
8.3584	10
7.527168	9
9.205504	11
10.048511999999999	12
3.351552	4
15.091199999999999	18
11.744767999999999	14
2.518272	3
2.519808	3
5.8831359999999995	7
3.3638399999999997	4
9.256192	11
7.577856	9
7.582464	9
6.744064	8
7.591679999999999	9
6.752256	8
6.756352	8
6.760447999999999	8
6.764544	8
9.30688	11
5.926144	7
5.929728	7
4.23808	5
5.936896	7
5.0918399999999995	6
5.944064	7
9.346304	11
8.501759999999999	10
5.104127999999999	6
4.256	5
7.665407999999999	9
9.374464	11
9.380096	11
8.53248	10
9.391359999999999	11
7.688447999999999	9
5.9834879999999995	7
11.974143999999999	14
8.55808	10
5.99424	7
5.140992	6
7.716095999999999	9
13.725696	16
7.725312	9
4.2943999999999996	5
10.312704	12
12.038656	14
12.045824	14
4.30464	5
8.6144	10
8.61952	10
12.93696	15
9.492735999999999	11
3.4539519999999997	4
9.504	11
11.238655999999999	13
5.190144	6
7.789823999999999	9
12.99072	15
7.79904	9
6.936576	8
6.940671999999999	8
7.812863999999999	9
10.423295999999999	12
13.90592	16
6.957056	8
7.831296	9
7.835903999999999	9
6.9693439999999995	8
10.46016	12
13.08288	15
8.727039999999999	10
8.73216	10
11.358464	13
6.11968	7
8.74752	10
7.0021119999999994	8
4.37888	5
9.639168	11
5.2608	6
9.650432	11
7.900416	9
11.418368	13
7.030784	8
7.9142399999999995	9
9.678592	11
7.923456	9
10.570751999999999	12
5.288448	6
9.70112	11
7.941888	9
13.244159999999999	15
11.484928	13
9.723647999999999	11
8.8448	10
11.504895999999999	13
9.740544	11
8.86016	10
7.092224	8
13.3056	15
7.100416	8
12.432896	14
9.774336	11
11.558143999999999	13
12.4544	14
11.571456	13
8.015616	9
11.584767999999999	13
15.158016	17
8.9216	10
8.034048	9
4.46592	5
7.1495679999999995	8
10.730495999999999	12
10.73664	12
11.638016	13
16.123392	18
8.96256	10
15.245056	17
10.76736	12
14.364671999999999	16
7.186432	8
8.089343999999999	9
13.48992	15
9.89824	11
13.505279999999999	15
7.206912	8
7.211008	8
9.920767999999999	11
8.121599999999999	9
9.029119999999999	10
13.551359999999999	15
8.135424	9
9.948928	11
15.384319999999999	17
9.960192	11
12.683776	14
6.345472	7
9.977088	11
13.6128	15
9.988351999999999	11
9.08544	10
5.454336	6
10.914816	12
11.83104	13
10.016511999999999	11
16.399872	18
11.851008	13
17.330432	19
9.1264	10
13.69728	15
9.13664	10
20.111871999999998	22
7.317504	8
8.236799999999999	9
9.157119999999999	10
9.162239999999999	10
12.834304	14
8.255232	9
18.3552	20
11.019264	12
8.269055999999999	9
10.112256	11
11.957504	13
12.88448	14
6.445824	7
9.21344	10
7.374848	8
13.835519999999999	15
7.383039999999999	8
11.080703999999999	12
10.162944	11
8.319744	9
12.948991999999999	14
12.956159999999999	14
7.407616	8
11.117568	12
16.685568	18
9.27488	10
13.92	15
12.999168	14
6.503168	7
9.295359999999999	10
8.370432	9
16.75008	18
11.172863999999999	12
6.521088	7
9.32096	10
8.393472	9
5.59872	6
9.336319999999999	10
6.539008	7
8.411904	9
10.286847999999999	11
11.228159999999999	12
12.170496	13
5.620223999999999	6
3.7488639999999998	4
7.501824	8
8.44416	9
9.38752	10
6.574847999999999	7
6.578431999999999	7
5.641728	6
8.4672	9
9.41312	10
13.185535999999999	14
6.5963519999999995	7
2.828544	3
7.54688	8
3.7754879999999997	4
10.388224	11
15.118336	16
3.7816319999999997	4
5.67552	6
9.464319999999999	10
9.469439999999999	10
10.422016	11
0.9479679999999999	1
13.27872	14
3.795968	4
8.545536	9
6.650112	7
11.406336	12
8.55936	9
7.612416	8
2.856192	3
7.620608	8
9.53088	10
10.4896	11
7.632896	8
6.682367999999999	7
2.865408	3
4.778239999999999	5
8.60544	9
8.610047999999999	9
9.57184	10
2.873088	3
4.79104	5
5.75232	6
4.7961599999999995	5
4.798719999999999	5
12.483328	13
3.843072	4
5.7676799999999995	6
5.770752	6
5.773823999999999	6
5.776896	6
3.853312	4
10.60224	11
5.786112	6
5.789184	6
10.619136	11
7.727104	8
8.6976	9
9.66912	10
9.67424	10
6.775551999999999	7
2.905344	3
4.8448	5
5.816832	6
3.879936	4
9.70496	10
6.7970559999999995	7
6.80064	7
9.72032	10
2.917632	3
5.838336	6
4.86784	5
9.7408	10
4.87296	5
6.825728	7
9.75616	10
7.809024	8
2.92992	3
3.9086079999999996	4
5.865984	6
6.847232	7
5.872128	6
0.9792	1
9.79712	10
8.822016	9
3.9229439999999998	4
3.924992	4
2.94528	3
3.931136	4
3.933184	4
3.9352319999999996	4
2.95296	3
2.954496	3
5.912064	6
1.971712	2
7.890943999999999	8
11.842559999999999	12
1.9747839999999999	2
3.951616	4
4.94208	5
5.933568	6
2.96832	3
3.9598079999999998	4
3.9618559999999996	4
0.990976	1
8.927999999999999	9
2.9775359999999997	3
6.951168	7
2.9806079999999997	3
3.9761919999999997	4
5.967359999999999	6
6.965503999999999	7
1.9911679999999998	2
4.98048	5
3.9864319999999998	4
4.9856	5
3.990528	4
4.99072	5
2.995968	3
1.998336	2
2.99904	3
8.001536	8
4.002816	4
2.0024319999999998	2
1.001728	1
3.00672	3
2.0055039999999997	2
3.009792	3
2.007552	2
5.02144	5
5.024	5
6.031872	6
5.02912	5
1.006336	1
2.013696	2
5.0367999999999995	5
5.039359999999999	5
7.058688	7
7.062272	7
4.037631999999999	4
2.01984	2
3.0312959999999998	3
3.032832	3
1.011456	1
6.071808	6
3.0374399999999997	3
6.077952	6
4.054016	4
5.07008	5
1.0145279999999999	1
3.04512	3
1.015552	1
6.096384	6
1.016576	1
6.1025279999999995	6
4.0704	4
6.108671999999999	6
2.037248	2
6.114815999999999	6
2.0392959999999998	2
4.08064	4
2.041344	2
6.130176	6
6.133248	6
2.0454399999999997	2
6.139392	6
2.047488	2
1.024256	1
5.1238399999999995	5
2.05056	2
2.051584	2
4.1052159999999995	4
2.053632	2
1.0278399999999999	1
3.085056	3
2.057728	2
3.0881279999999998	3
4.1216	4
4.123648	4
1.031424	1
6.191616	6
1.032448	1
1.0329599999999999	1
2.066944	2
1.033984	1
6.206976	6
2.070016	2
2.07104	2
5.18016	5
1.036544	1
4.150272	4
2.07616	2
3.115776	3
2.078208	2
5.19808	5
4.160512	4
5.2032	5
3.123456	3
5.20832	5
2.084352	2
3.1280639999999997	3
5.216	5
7.305984	7
5.22112	5
4.1789439999999995	4
2.090496	2
5.23136	5
2.093568	2
2.094592	2
3.1449599999999998	3
4.196352	4
12.601344	12
3.1534079999999998	3
4.20864	4
4.212736	4
4.216832	4
3.165696	3
7.3937919999999995	7
5.2863999999999995	5
4.237312	4
8.482816	8
7.429632	7
5.311999999999999	5
6.3805439999999995	6
7.451136	7
7.458304	7
7.465471999999999	7
4.27008	4
7.479807999999999	7
6.417408	6
7.4941439999999995	7
2.143232	2
8.58112	8
5.36832	5
8.597503999999999	8
6.454272	6
6.4604159999999995	6
5.3888	5
4.315136	4
4.3192319999999995	4
4.323328	4
6.491136	6
3.24864	3
10.839039999999999	10
2.169856	2
5.42976	5
1.086976	1
4.351999999999999	4
6.5341439999999995	6
1.090048	1
5.45536	5
4.368384	4
5.465599999999999	5
7.659008	7
3.285504	3
4.384768	4
5.486079999999999	5
3.29472	3
2.198528	2
2.200576	2
6.6078719999999995	6
3.3070079999999997	3
3.3100799999999997	3
4.417536	4
7.737856	7
4.425727999999999	4
5.53728	5
2.21696	2
2.219008	2
7.773695999999999	7
4.4462079999999995	4
3.337728	3
4.4544	4
3.3438719999999997	3
3.3469439999999997	3
3.3500159999999997	3
1.117696	1
7.83104	7
1.1197439999999999	1
1.120768	1
2.243584	2
2.245632	2
3.37152	3
2.2497279999999997	2
4.503552	4
7.888383999999999	7
3.3838079999999997	3
2.25792	2
2.2599679999999998	2
3.393024	3
3.396096	3
3.399168	3
4.53632	4
5.67552	5
1.136128	1
3.411456	3
1.1381759999999999	1
2.2784	2
5.706239999999999	5
1.142272	1
1.1432959999999999	1
1.14432	1
2.290688	2
2.292736	2
1.147392	1
2.2968319999999998	2
3.44832	3
2.300928	2
2.305024	2
1.153536	1
2.30912	2
3.466752	3
1.1566079999999999	1
1.157632	1
1.15968	1
3.482112	3
2.325504	2
1.163776	1
2.3296	2
4.663296	4
2.3336959999999998	2
2.3398399999999997	2
2.348032	2
3.5281919999999998	3
3.5312639999999997	3
2.356224	2
2.358272	2
1.1832319999999998	1
1.18528	1
1.186304	1
1.187328	1
2.3767039999999997	2
1.189376	1
3.5711999999999997	3
1.191424	1
1.192448	1
1.1934719999999999	1
1.194496	1
2.393088	2
2.395136	2
1.202688	1
2.41152	2
1.21088	1
1.2119039999999999	1
1.212928	1
2.432	2
2.436096	2
2.4401919999999997	2
1.222144	1
2.4504319999999997	2
1.227264	1
1.228288	1
1.23136	1
1.234432	1
1.237504	1
2.479104	2
1.240576	1
1.244672	1
2.49344	2
1.247744	1
1.252864	1
1.253888	1
1.257984	1
1.259008	1
1.263104	1
2.5303039999999997	2
1.2702719999999998	1
1.271296	1
1.281536	1
1.286656	1
1.28768	1
1.291776	1
1.29792	1
1.299968	1
2.6040319999999997	2
1.30304	1
1.3071359999999999	1
1.30816	1
1.31328	1
1.3204479999999998	1
1.327616	1
1.329664	1
1.331712	1
1.332736	1
1.358336	1
2.7392	2
1.38496	1
1.391104	1
1.401344	1
1.438208	1
1.442304	1
1.448448	1
1.4525439999999998	1
1.4576639999999998	1
1.460736	1
1.464832	1
1.4658559999999998	1
1.479168	1
1.483264	1
1.493504	1
1.495552	1
1.4996479999999999	1
1.5027199999999998	1
1.506816	1
1.529344	1
1.532416	1
1.53856	1
1.546752	1
1.551872	1
1.5580159999999998	1
4.6771199999999995	3
1.560064	1
1.567232	1
1.5733759999999999	1
1.578496	1
1.57952	1
1.5897599999999998	1
1.590784	1
1.592832	1
1.598976	1
1.606144	1
1.6081919999999998	1
1.617408	1
1.6215039999999998	1
1.6317439999999999	1
1.6348159999999998	1
1.6419839999999999	1
1.665536	1
1.6737279999999999	1
1.6952319999999999	1
3.398656	2
1.7034239999999998	1
1.711616	1
1.7187839999999999	1
1.728	1
1.7402879999999998	1
1.762816	1
1.765888	1
1.841664	1
1.843712	1
1.847808	1
1.883648	1
1.934848	1
2.000384	1
2.01984	1
2.025984	1
2.077184	1
2.1022719999999997	1
2.2026239999999997	1
2.2968319999999998	1
2.378752	1
2.6675199999999997	1
2.683904	1
2.7310079999999997	1
2.74944	1
2.757632	1
2.8354559999999998	1
2.857984	1
2.8989439999999997	1
2.9091839999999998	1
2.919424	1
3.0525439999999997	1
3.15904	1
3.408896	1
3.41504	1
3.441664	1
3.4969599999999996	1
3.613696	1
3.6915199999999997	1
3.740672	1
3.7488639999999998	1
3.7754879999999997	1
4.0110079999999995	1
4.06016	1
4.133888	1
4.442112	1
4.675584	1
4.90496	1
5.412864	1
5.4497279999999995	1
5.957631999999999	1
6.0723199999999995	1
7.264256	1
8.720384	1
8.94976	1
9.170944	1
9.515008	1
9.998336	1
10.42432	1
13.635584	1
18.55488	1
18.997248	1
22.667264	1
23.22432	1
23.535615999999997	1
23.732224	1
24.7808	1
25.534464	1
25.747456	1
25.796608	1
25.829376	1
26.222592	1
26.370047999999997	1
27.32032	1
27.615232	1
29.089792	1
58.277888	2
29.2864	1
29.319167999999998	1
29.532159999999998	1
29.85984	1
29.990911999999998	1
30.449664	1
30.547967999999997	1
30.59712	1
30.629887999999998	1
30.646272	1
30.810112	1
30.973951999999997	1
36.356096	1
50.708479999999994	1
52.51072	1
55.394304	1
56.147968	1
57.458687999999995	1
58.474495999999995	1
60.309504	1
60.932095999999994	1
0.40793599999999997	1
0.415616	1
0.423296	1
0.425344	1
0.43072	1
0.432512	1
0.437376	1
0.438144	1
0.8767999999999999	2
0.44019199999999997	1
0.440704	1
0.44172799999999995	1
0.441984	1
0.442752	1
0.44300799999999996	1
0.443776	1
0.444032	1
0.445056	1
0.445824	1
0.446592	1
0.44812799999999997	1
0.44864	1
0.44889599999999996	1
0.44992	1
0.450432	1
0.45145599999999997	1
0.451712	1
0.451968	1
0.9044479999999999	2
0.45248	1
0.452992	1
0.906496	2
0.45350399999999996	1
0.45376	1
0.454016	1
0.45427199999999995	1
0.454528	1
0.45478399999999997	1
0.91008	2
0.455296	1
0.9121279999999999	2
0.45632	1
0.914688	2
0.457856	1
0.45811199999999996	1
0.458368	1
0.458624	1
0.45887999999999995	1
0.460416	1
0.9213439999999999	2
0.460928	1
0.461184	1
1.3866239999999999	3
0.924928	2
0.462976	1
0.46348799999999996	1
0.46399999999999997	1
0.928512	2
2.3238399999999997	5
0.465024	1
0.46527999999999997	1
0.46681599999999995	1
0.467584	1
0.9361919999999999	2
1.873408	4
0.46860799999999997	1
1.4065919999999998	3
0.93824	2
0.939264	2
0.939776	2
1.8826239999999999	4
0.470912	1
1.4135039999999999	3
0.47168	1
0.47193599999999997	1
0.472192	1
0.944896	2
1.418112	3
0.473472	1
0.473728	1
0.94848	2
0.950016	2
0.47526399999999996	1
0.47552	1
0.951552	2
1.9041279999999998	4
0.476288	1
0.47654399999999997	1
0.9536	2
0.954112	2
0.477568	1
0.47782399999999997	1
1.4350079999999998	3
0.957696	2
1.916416	4
0.9587199999999999	2
0.479616	1
0.9597439999999999	2
1.4403839999999999	3
0.960768	2
0.48063999999999996	1
0.480896	1
1.4434559999999999	3
1.444224	3
0.48191999999999996	1
0.9648639999999999	2
0.9653759999999999	2
0.482944	1
0.9663999999999999	2
0.966912	2
1.934848	4
1.9358719999999998	4
0.484224	1
1.4534399999999998	3
0.484736	1
0.484992	1
0.48524799999999996	1
1.456512	3
0.9715199999999999	2
1.458048	3
0.486272	1
0.9730559999999999	2
0.973568	2
0.48704	1
1.4618879999999999	3
0.975104	2
0.9756159999999999	2
0.488064	1
0.48857599999999995	1
1.955328	4
0.489344	1
0.4896	1
0.48985599999999996	1
0.9807359999999999	2
0.490624	1
0.98176	2
0.982784	2
1.474944	3
0.9838079999999999	2
0.49216	1
0.9848319999999999	2
1.478016	3
0.9863679999999999	2
1.4803199999999999	3
1.481088	3
0.987904	2
0.988416	2
1.483392	3
0.98944	2
1.484928	3
0.49523199999999995	1
1.486464	3
2.47872	5
1.984	4
1.4887679999999999	3
0.49651199999999995	1
2.9806079999999997	6
0.49702399999999997	1
1.4918399999999998	3
1.492608	3
0.49779199999999996	1
1.992192	4
1.494912	3
0.49856	1
2.49408	5
0.9981439999999999	2
0.499328	1
0.999168	2
0.9996799999999999	2
1.5002879999999998	3
2.0024319999999998	4
2.50432	5
1.00224	2
2.5068799999999998	5
2.006528	4
0.501888	1
4.519296	9
1.0048	2
2.010624	4
0.502912	1
1.006336	2
1.5102719999999998	3
2.01472	4
2.5196799999999997	5
0.504192	1
3.026688	6
1.51488	3
1.5156479999999999	3
1.516416	3
2.5286399999999998	5
1.517952	3
0.50624	1
2.025984	4
1.5202559999999998	3
0.507008	1
2.0290559999999997	4
1.01504	2
1.523328	3
1.524096	3
3.049728	6
0.508544	1
2.0352	4
2.036224	4
1.018624	2
1.5287039999999998	3
1.529472	3
0.51008	1
2.5516799999999997	5
0.5105919999999999	1
1.532544	3
1.533312	3
4.090879999999999	8
2.55808	5
2.55936	5
1.024256	2
2.049536	4
3.07584	6
1.5386879999999998	3
0.5131519999999999	1
2.56704	5
2.56832	5
2.0556799999999997	4
2.056704	4
2.57216	5
1.5440639999999999	3
1.029888	2
1.5455999999999999	3
1.546368	3
1.5471359999999998	3
1.031936	2
4.129792	8
2.0659199999999998	4
2.5836799999999998	5
3.618944	7
0.5172479999999999	1
2.070016	4
1.55328	3
3.1080959999999997	6
2.59136	5
2.59264	5
2.59392	5
2.07616	4
1.5586559999999998	3
1.559424	3
1.560192	3
2.6016	5
1.561728	3
2.60416	5
4.168704	8
1.5640319999999999	3
1.5648	3
1.5655679999999998	3
1.044224	2
3.656576	7
1.045248	2
1.56864	3
3.138816	6
1.570176	3
1.570944	3
1.571712	3
2.09664	4
3.147264	6
4.200448	8
4.730112	9
3.1564799999999997	6
5.792511999999999	11
3.1626239999999997	6
4.748544	9
6.337536	12
4.22912	8
2.116608	4
2.64832	5
2.65088	5
4.776192	9
5.311999999999999	10
4.785407999999999	9
7.451136	14
2.130944	4
3.7327359999999996	7
6.40512	12
5.34272	10
6.952191999999999	13
4.282368	8
2.143232	4
6.43584	12
5.905151999999999	11
4.2987519999999995	8
3.227136	6
8.07552	15
4.31104	8
5.39392	10
4.8591359999999995	9
7.025408	13
8.11392	15
5.4144	10
3.251712	6
3.7972479999999997	7
7.058688	13
4.347904	8
5.4399999999999995	10
3.811584	7
5.995264	11
7.637504	14
4.914432	9
7.10528	13
8.20608	15
4.928256	9
6.577152	12
3.291648	6
6.0403199999999995	11
5.49632	10
7.151872	13
4.955903999999999	9
4.960512	9
7.72352	14
6.626303999999999	12
8.29056	15
3.872512	7
6.0910079999999995	11
4.43392	8
10.540288	19
6.663168	12
3.8904319999999997	7
7.231744	13
8.352	15
6.6877439999999995	12
8.36736	15
10.608384	19
6.147328	11
6.152959999999999	11
5.59872	10
4.483072	8
6.730752	12
8.982528	16
3.37152	6
8.43648	15
5.62944	10
6.198016	11
7.8955519999999995	14
5.6448	10
5.64992	10
9.613567999999999	17
7.924224	14
7.364864	13
5.1033599999999995	9
10.783488	19
9.089024	16
6.2543359999999995	11
4.552703999999999	8
4.5568	8
8.55168	15
4.564992	8
7.424767999999999	13
9.146367999999999	16
7.438079999999999	13
7.444736	13
7.451391999999999	13
4.589568	8
9.187327999999999	16
8.6208	15
6.902784	12
11.51488	20
7.491327999999999	13
6.921215999999999	12
9.81376	17
4.044544	7
10.987776	19
9.839872	17
10.427904	18
8.6976	15
5.80352	10
10.455551999999999	18
8.139263999999999	14
4.655104	8
11.648	20
9.909504	17
9.918208	17
9.926912	17
9.351168	16
10.52928	18
10.538496	18
9.961727999999999	17
5.278464	9
7.044096	12
10.57536	18
5.880319999999999	10
9.416704	16
9.424896	16
9.433088	16
7.080959999999999	12
11.81184	20
9.457664	16
9.465855999999999	16
14.211072	24
14.815999999999999	25
8.89728	15
6.530304	11
5.3475839999999994	9
7.1362559999999995	12
10.1184	17
7.744256	13
10.732032	18
8.354303999999999	14
12.542207999999999	21
11.357439999999999	19
5.384448	9
8.382976	14
13.184512	22
8.997119999999999	15
10.80576	18
12.617472	21
7.216127999999999	12
9.02784	15
10.240255999999999	17
7.83744	13
10.257664	17
10.266368	17
9.066239999999999	15
4.839424	8
12.71424	21
10.301184	17
7.277568	12
7.890688	13
6.682367999999999	11
9.728	16
7.9106559999999995	13
8.526335999999999	14
6.0953599999999994	10
9.760767999999999	16
7.32672	12
12.832512	21
6.727424	11
10.405631999999999	17
9.189119999999999	15
8.58368	14
6.1363199999999996	10
7.369727999999999	12
6.761216	11
9.22752	15
4.92544	8
11.091455999999999	18
8.017152	13
8.023807999999999	13
5.559552	9
8.65536	14
8.662528	14
11.146752	18
8.057088	13
12.405759999999999	20
8.0704	13
8.077055999999999	13
3.730944	6
8.090368	13
7.474176	12
10.59712	17
5.614847999999999	9
10.614528	17
9.37344	15
11.882752	19
6.88512	11
12.52864	20
11.284991999999999	18
10.039296	16
10.047488	16
9.4272	15
13.208832	21
8.813056	14
8.190208	13
7.566336	12
7.57248	12
5.683968	9
8.216832	13
5.060607999999999	8
15.194111999999999	24
8.236799999999999	13
8.243456	13
8.884736	14
6.35136	10
5.720832	9
7.63392	12
6.36672	10
9.55776	15
5.101567999999999	8
10.849535999999999	17
7.025919999999999	11
10.866944	17
9.59616	15
7.042815999999999	11
12.81536	20
7.05408	11
3.20896	5
8.349952	13
10.927871999999999	17
5.7899519999999995	9
3.86304	6
9.020928	14
9.028096	14
9.68064	15
7.750655999999999	12
7.756799999999999	12
7.116032	11
8.416511999999999	13
5.831424	9
5.187584	8
12.33024	19
7.793664	12
13.649664	21
9.757439999999999	15
5.859071999999999	9
9.121279999999999	14
7.824383999999999	12
7.830527999999999	12
9.79584	15
13.071359999999999	20
7.1948799999999995	11
4.5821439999999996	7
6.5510399999999995	10
6.556159999999999	10
8.529664	13
5.9097599999999995	9
7.2286719999999995	11
4.603648	7
5.265408	8
11.856384	18
7.2512	11
3.958272	6
7.922688	12
9.250304	14
0.661248	1
5.29408	8
6.622719999999999	10
7.290623999999999	11
7.296256	11
5.974272	9
5.978879999999999	9
9.307648	14
4.657408	7
5.326848	8
6.663679999999999	10
4.668159999999999	7
5.339136	8
9.350655999999999	14
8.020992	12
6.020352	9
5.355519999999999	8
6.69952	10
4.022784	6
9.393664	14
6.043392	9
8.735999999999999	13
7.397632	11
6.730239999999999	10
3.36768	5
4.718336	7
2.6982399999999997	4
6.075648	9
2.702336	4
8.113152	12
2.706432	4
7.44832	11
6.098688	9
8.137728	12
3.39328	5
6.112512	9
4.75776	7
5.441536	8
2.722816	4
5.4497279999999995	8
6.135552	9
4.09344	6
2.048256	3
4.7828479999999995	7
5.4702079999999995	8
6.158592	9
6.1632	9
4.797184	7
5.486592	8
6.177023999999999	9
0.686848	1
4.12416	6
4.815104	7
10.325759999999999	15
4.822272	7
6.2046719999999995	9
6.20928	9
4.142592	6
3.45472	5
6.223103999999999	9
5.535743999999999	8
6.924799999999999	10
3.46496	5
4.854528	7
7.634176	11
2.7781119999999997	4
4.865279999999999	7
4.868863999999999	7
4.176384	6
8.358912	12
4.8796159999999995	7
3.488	5
3.49056	5
4.191744	6
2.0974079999999997	3
5.5971839999999995	8
2.10048	3
2.102016	3
2.103552	3
2.806784	4
3.51104	5
3.5136	5
0.703232	1
5.629951999999999	8
3.52128	5
4.2286079999999995	6
6.347519999999999	9
4.234751999999999	6
6.356736	9
5.654528	8
6.365952	9
5.662719999999999	8
2.833408	4
4.253184	6
2.837504	4
2.839552	4
4.972799999999999	7
4.9763839999999995	7
6.402816	9
5.695488	8
7.8369279999999995	11
2.8518399999999997	4
3.56736	5
2.855936	4
7.859456	11
2.860032	4
7.8707199999999995	11
2.148096	3
3.5827199999999997	5
5.736447999999999	8
3.58784	5
5.7446399999999995	8
4.311552	6
2.157312	3
1.4392319999999998	2
3.60064	5
4.32384	6
5.048064	7
4.329984	6
4.333056	6
4.3361279999999995	6
6.5088	9
2.894848	4
2.172672	3
1.4494719999999999	2
3.6262399999999997	5
4.35456	6
3.63136	5
3.63392	5
2.9091839999999998	4
3.63904	5
5.09824	7
5.830655999999999	8
1.458688	2
2.919424	4
5.112576	7
5.11616	7
2.1941759999999997	3
2.195712	3
4.394496	6
2.198784	3
4.40064	6
3.6697599999999997	5
3.67232	5
0.734976	1
3.67744	5
2.944	4
4.419072	6
4.422143999999999	6
2.950144	4
2.214144	3
1.47712	2
4.434432	6
4.437504	6
2.220288	3
7.406079999999999	10
5.18784	7
2.2248959999999998	3
2.9685759999999997	4
2.2279679999999997	3
0.7431679999999999	1
2.2310399999999997	3
2.232576	3
2.234112	3
4.471296	6
3.72864	5
3.7312	5
5.227264	7
2.241792	3
3.73888	5
0.748288	1
4.4928	6
4.495871999999999	6
5.9985919999999995	8
3.75168	5
1.501696	2
2.25408	3
0.751872	1
4.514304	6
7.52896	10
3.7670399999999997	5
5.2774399999999995	7
3.017728	4
4.5296639999999995	6
4.532736	6
2.2679039999999997	3
2.26944	3
3.78496	5
2.272512	3
4.548096	6
3.034112	4
7.5904	10
1.519104	2
4.560384	6
3.0423039999999997	4
1.522176	2
3.808	5
3.048448	4
2.2878719999999997	3
5.341952	7
3.054592	4
4.58496	6
4.588032	6
0.765184	1
4.594176	6
3.064832	4
3.8335999999999997	5
6.137855999999999	8
5.374207999999999	7
3.0730239999999998	4
5.3813759999999995	7
4.61568	6
5.388544	7
4.621824	6
6.166528	8
5.399296	7
1.54368	2
2.317056	3
3.091456	4
2.320128	3
1.547776	2
2.3232	3
4.649471999999999	6
5.427968	7
2.327808	3
6.988032	9
5.43872	7
3.8873599999999997	5
6.223872	8
3.113984	4
6.232063999999999	8
6.23616	8
3.9001599999999996	5
4.683263999999999	6
4.686336	6
3.9078399999999998	5
2.34624	3
1.565184	2
4.698624	6
3.91808	5
4.704768	6
3.9232	5
3.140608	4
1.5713279999999998	2
7.075584	9
6.2935039999999995	8
1.5744	2
6.301696	8
3.9411199999999997	5
3.9436799999999996	5
3.94624	5
3.9488	5
3.9513599999999998	5
1.5815679999999999	2
3.95648	5
3.95904	5
1.5846399999999998	2
3.171328	4
8.726784	11
2.3815679999999997	3
7.149312	9
6.359039999999999	8
7.953919999999999	10
7.95904	10
4.778496	6
4.781568	6
2.39232	3
2.393856	3
6.387712	8
4.793856	6
4.796927999999999	6
3.1999999999999997	4
3.202048	4
1.602048	2
6.412287999999999	8
4.812288	6
3.2102399999999998	4
3.212288	4
5.625088	7
4.02048	5
4.827648	6
4.8307199999999995	6
3.222528	4
2.4184319999999997	3
9.679872	12
3.228672	4
3.23072	4
2.424576	3
5.660928	7
5.664511999999999	7
7.287552	9
3.24096	4
5.675263999999999	7
8.112639999999999	10
3.2471039999999998	4
4.873728	6
8.128	10
2.439936	3
4.882944	6
8.957696	11
4.07424	5
6.52288	8
1.6317439999999999	2
8.980224	11
5.718272	7
5.721856	7
4.90752	6
5.729024	7
3.275776	4
2.458368	3
7.379712	9
10.66624	13
7.388928	9
12.32256	15
6.576128	8
4.935168	6
12.3456	15
9.059072	11
4.9443839999999994	6
6.596608	8
6.6007039999999995	8
4.9536	6
4.956672	6
7.439616	9
6.617088	8
4.13824	5
4.1408	5
8.286719999999999	10
5.804288	7
7.467263999999999	9
7.471871999999999	9
0.83072	1
11.637248	14
6.653951999999999	8
8.32256	10
5.829376	7
4.99968	6
2.501376	3
14.183168	17
9.182976	11
6.682624	8
7.5225599999999995	9
6.690816	8
7.531776	9
7.536384	9
9.216768	11
6.707199999999999	8
3.355648	4
7.554816	9
8.39936	10
7.564032	9
5.8867199999999995	7
5.048832	6
4.209919999999999	5
5.897472	7
3.372032	4
9.27872	11
7.5962879999999995	9
3.378176	4
6.760447999999999	8
9.301248	11
5.07648	6
11.005696	13
7.623936	9
6.780927999999999	8
5.088768	6
8.4864	10
5.094912	6
11.895296	14
9.351936	11
4.253439999999999	5
12.767999999999999	15
7.665407999999999	9
3.408896	4
7.674624	9
3.412992	4
8.5376	10
9.396992	11
10.257408	12
11.118848	13
5.9906559999999995	7
7.70688	9
6.854655999999999	8
3.429376	4
8.57856	10
8.58368	10
6.87104	8
9.453312	11
4.29952	5
7.7437439999999995	9
4.30464	5
8.6144	10
8.61952	10
6.899712	8
8.62976	10
6.907903999999999	8
12.096	14
6.051584	7
9.515264	11
9.520895999999999	11
6.928383999999999	8
11.265279999999999	13
6.936576	8
11.278592	13
15.625727999999999	18
6.080255999999999	7
13.0368	15
5.217792	6
8.70144	10
9.577216	11
4.35584	5
10.46016	12
13.08288	15
15.708672	18
5.2392959999999995	6
13.10592	15
13.1136	15
6.123264	7
6.126848	7
13.13664	15
12.268032	14
7.8911999999999995	9
12.282368	14
10.533888	12
7.905024	9
9.667328	11
15.828479999999999	18
10.558463999999999	12
3.5215359999999998	4
8.808959999999999	10
13.221119999999999	15
6.173439999999999	7
5.294592	6
7.063552	8
15.018752	17
10.607616	12
15.036159999999999	17
11.504895999999999	13
6.198528	7
9.746176	11
13.29792	15
11.531519999999999	13
7.100416	8
8.88064	10
8.88576	10
6.223616	7
10.6752	12
15.131903999999999	17
12.468736	14
9.802496	11
12.483072	14
5.3529599999999995	6
16.068096	18
4.46592	5
9.830656	11
9.836288	11
9.84192	11
8.95232	10
15.227647999999999	17
11.651328	13
10.761216	12
6.280959999999999	7
10.773503999999999	12
9.881344	11
11.684607999999999	13
13.48992	15
9.89824	11
11.704576	13
13.51296	15
9.01376	10
13.528319999999999	15
7.2192	8
10.834944	12
12.647936	14
8.135424	9
7.235583999999999	8
10.85952	12
10.865663999999999	12
9.05984	10
9.06496	10
4.5350399999999995	5
13.6128	15
12.712448	14
12.719616	14
10.908672	12
11.824384	13
7.28064	8
14.569472	16
11.844351999999999	13
13.67424	15
11.857664	13
11.86432	13
14.610432	16
10.050303999999999	11
10.055935999999999	11
7.317504	8
9.152	10
14.651392	16
9.162239999999999	10
12.834304	14
10.089728	11
11.013119999999999	12
11.937536	13
13.78176	15
9.19296	10
9.19808	10
9.203199999999999	10
12.891648	14
9.21344	10
4.60928	5
7.378944	8
11.99744	13
8.310528	9
7.391232	8
10.168576	11
13.87392	15
12.956159999999999	14
4.62976	5
6.4852479999999995	7
11.123712	12
6.4924159999999995	7
13.92	15
11.142144	12
5.5741439999999995	6
12.083967999999999	13
12.090624	13
9.3056	10
11.172863999999999	12
3.726336	4
8.388864	9
13.98912	15
11.19744	12
12.137215999999999	13
5.604864	6
15.889152	17
9.35168	10
6.54976	7
14.979071999999999	16
8.430336	9
11.246592	12
5.626367999999999	6
9.382399999999999	10
10.326272	11
12.210431999999999	13
9.39776	10
8.462591999999999	9
9.408	10
8.471808	9
7.534592	8
7.538688	8
11.314176	12
6.60352	7
10.382591999999999	11
9.44384	10
6.614272	7
9.45408	10
14.188799999999999	15
5.678592	6
11.363328	12
5.684736	6
10.427648	11
7.58784	8
8.540928	9
8.545536	9
2.8500479999999997	3
4.7526399999999995	5
8.55936	9
10.467072	11
9.52064	10
5.715456	6
6.671615999999999	7
3.8144	4
12.403456	13
5.7277439999999995	6
7.641088	8
6.6895359999999995	7
5.73696	6
10.523392	11
8.614656	9
7.661568	8
5.749248	6
8.62848	9
7.673856	8
9.597439999999999	10
3.841024	4
12.489984	13
4.8064	5
1.923584	2
5.773823999999999	6
12.516608	13
8.669952	9
9.638399999999999	10
5.786112	6
5.789184	6
5.792256	6
3.863552	4
5.7984	6
7.735296	8
3.869696	4
7.743487999999999	8
6.779135999999999	7
7.7516799999999995	8
5.816832	6
8.729856	9
11.645952	12
3.884032	4
6.80064	7
5.832192	6
2.917632	3
5.838336	6
2.9207039999999997	3
5.84448	6
1.9491839999999998	2
2.925312	3
4.87808	5
5.856768	6
7.81312	8
1.9543039999999998	2
1.955328	2
6.847232	7
3.914752	4
2.9375999999999998	3
1.9594239999999998	2
1.960448	2
2.942208	3
5.887487999999999	6
11.78112	12
6.875903999999999	7
2.948352	3
7.866368	8
5.902848	6
6.8902399999999995	7
6.8938239999999995	7
6.8974079999999995	7
2.9575679999999998	3
3.9454719999999996	4
4.9344	5
6.911744	7
2.9637119999999997	3
3.953664	4
4.94464	5
4.9472	5
3.9598079999999998	4
4.952319999999999	5
1.981952	2
5.9489279999999995	6
7.936	8
4.96256	5
3.9720959999999996	4
2.9806079999999997	3
2.982144	3
4.972799999999999	5
5.970432	6
0.9955839999999999	1
6.972671999999999	7
1.9932159999999999	2
3.98848	4
6.983423999999999	7
2.9944319999999998	3
1.997312	2
2.9975039999999997	3
7.997439999999999	8
5.00096	5
6.004224	6
1.0012159999999999	1
3.005184	3
6.01344	6
5.0137599999999996	5
3.009792	3
3.011328	3
4.017151999999999	4
6.0287999999999995	6
2.010624	2
4.023296	4
2.012672	2
4.027392	4
3.02208	3
3.023616	3
6.050304	6
5.04448	5
3.028224	3
5.0496	5
4.041728	4
5.05472	5
5.0572799999999996	5
2.023936	2
4.04992	4
1.012992	1
3.0405119999999997	3
1.014016	1
5.07264	5
6.09024	6
8.124416	8
2.0321279999999997	2
1.016576	1
4.068352	4
3.0528	3
2.036224	2
4.074496	4
5.09568	5
5.09824	5
5.1008	5
6.124032	6
2.0423679999999997	2
4.086784	4
6.133248	6
5.1136	5
5.11616	5
2.047488	2
2.048512	2
2.049536	2
4.10112	4
2.051584	2
3.078912	3
4.107264	4
7.1912959999999995	7
3.08352	3
5.14176	5
3.086592	3
2.059776	2
1.0304	1
8.247296	8
3.0942719999999997	3
1.031936	1
1.032448	1
4.1318399999999995	4
2.066944	2
6.203904	6
3.103488	3
7.245056	7
3.10656	3
3.1080959999999997	3
2.073088	2
5.18528	5
3.1142399999999997	3
3.115776	3
1.039104	1
1.0396159999999999	1
2.080256	2
5.2032	5
3.123456	3
1.041664	1
3.126528	3
3.1280639999999997	3
2.0864	2
4.174848	4
1.044224	1
1.0447359999999999	1
4.180992	4
3.13728	3
2.0925439999999997	2
1.046784	1
2.094592	2
1.0478079999999999	1
3.1449599999999998	3
7.343616	7
5.25056	5
2.1022719999999997	2
7.365119999999999	7
6.319103999999999	6
3.1626239999999997	3
10.55232	10
8.450047999999999	8
5.2863999999999995	5
7.408128	7
4.237312	4
7.422464	7
4.2455039999999995	4
6.3744	6
4.253696	4
3.1933439999999997	3
4.261888	4
6.398975999999999	6
5.3376	5
2.137088	2
3.208704	3
4.282368	4
4.286464	4
2.14528	2
5.36832	5
4.2987519999999995	4
6.4604159999999995	6
5.3888	5
8.630272	8
5.399039999999999	5
4.323328	4
3.245568	3
9.74592	9
2.167808	2
4.339712	4
5.42976	5
4.347904	4
2.1759999999999997	2
4.356096	4
6.540287999999999	6
1.091072	1
3.2762879999999996	3
2.1862399999999997	2
5.47072	5
5.47584	5
4.384768	4
4.388864	4
1.0982399999999999	1
7.6948479999999995	7
5.50144	5
1.1013119999999998	1
5.51168	5
1.10336	1
4.417536	4
2.210816	2
2.2128639999999997	2
2.214912	2
4.43392	4
1.109504	1
3.331584	3
3.334656	3
2.225152	2
3.3407999999999998	3
5.573119999999999	5
2.231296	2
4.4666879999999995	4
5.5935999999999995	5
3.359232	3
3.362304	3
5.60896	5
5.6140799999999995	5
3.37152	3
3.374592	3
6.7553279999999996	6
3.3807359999999997	3
4.511744	4
2.25792	2
1.1299839999999999	1
2.262016	2
3.396096	3
5.66528	5
1.13408	1
2.270208	2
2.272256	2
2.274304	2
1.1381759999999999	1
2.2784	2
3.4237439999999997	3
1.142272	1
1.1432959999999999	1
3.436032	3
1.147392	1
2.2968319999999998	2
1.14944	1
2.300928	2
1.152512	1
3.4606079999999997	3
1.155584	1
1.1566079999999999	1
1.158656	1
2.3234559999999997	2
2.325504	2
1.163776	1
2.3296	2
1.165824	1
1.1668479999999999	1
1.167872	1
3.506688	3
2.341888	2
4.696064	4
1.1750399999999999	1
1.177088	1
1.178112	1
1.1801599999999999	1
2.362368	2
1.1832319999999998	1
1.184256	1
1.18528	1
2.372608	2
4.753407999999999	4
3.5742719999999997	3
2.384896	2
2.388992	2
1.19552	1
1.196544	1
1.197568	1
1.199616	1
1.2067839999999999	1
2.415616	2
1.208832	1
1.21088	1
1.2119039999999999	1
2.425856	2
1.22112	1
1.222144	1
2.454528	2
1.229312	1
1.2334079999999998	1
1.2354559999999999	1
1.23648	1
1.2436479999999999	1
2.5036799999999997	2
1.254912	1
2.511872	2
1.257984	1
1.2651519999999998	1
1.27232	1
1.273344	1
1.27744	1
1.290752	1
2.583552	2
1.30304	1
1.311232	1
2.6245119999999997	2
1.31328	1
1.3184	1
1.319424	1
1.32864	1
1.334784	1
1.3358079999999999	1
1.348096	1
1.3491199999999999	1
1.3521919999999998	1
1.3542399999999999	1
1.355264	1
1.36448	1
2.7351039999999998	2
1.371648	1
1.3808639999999999	1
1.397248	1
1.414656	1
1.4156799999999998	1
1.430016	1
1.4310399999999999	1
1.435136	1
1.4361599999999999	1
1.440256	1
1.442304	1
1.445376	1
1.4494719999999999	1
1.45152	1
1.45664	1
1.4576639999999998	1
1.458688	1
1.475072	1
1.48224	1
1.496576	1
1.5027199999999998	1
1.5047679999999999	1
1.505792	1
3.0259199999999997	2
1.5160319999999998	1
1.5231999999999999	1
3.0525439999999997	2
1.5313919999999999	1
1.540608	1
1.598976	1
3.202048	2
1.6030719999999998	1
1.611264	1
1.6133119999999999	1
1.624576	1
1.6256	1
1.6266239999999998	1
1.629696	1
1.63072	1
1.65632	1
1.6583679999999998	1
1.6819199999999999	1
1.683968	1
1.699328	1
1.719808	1
1.7218559999999998	1
1.731072	1
1.7454079999999998	1
1.757696	1
1.764864	1
1.773056	1
1.775104	1
1.7822719999999999	1
1.8088959999999998	1
1.833472	1
1.8744319999999999	1
1.88672	1
1.998336	1
2.0096	1
2.041344	1
2.088448	1
2.137088	1
2.2497279999999997	1
2.264064	1
2.348032	1
2.372608	1
2.374656	1
2.4709119999999998	1
2.4770559999999997	1
2.4872959999999997	1
2.716672	1
2.7351039999999998	1
2.98496	1
3.085312	1
3.15904	1
3.1959039999999996	1
3.257344	1
3.320832	1
3.355648	1
3.3904639999999997	1
3.9557119999999997	1
4.066304	1
4.2250239999999994	1
4.233216	1
4.253696	1
4.282368	1
4.343808	1
4.409344	1
4.679679999999999	1
5.1752959999999995	1
5.429247999999999	1
5.720064	1
7.165952	1
14.528512	2
7.6247039999999995	1
7.641088	1
8.095744	1
8.16128	1
8.275967999999999	1
9.039871999999999	1
9.596928	1
9.719808	1
10.137599999999999	1
11.718656	1
11.726847999999999	1
11.776	1
12.316671999999999	1
13.324288	1
18.030592	1
18.161664	1
19.062784	1
20.979712	1
24.420351999999998	1
26.828799999999998	1
27.140096	1
27.795455999999998	1
28.073984	1
28.237824	1
28.401664	1
28.4672	1
28.811263999999998	1
28.827648	1
28.975103999999998	1
29.958143999999997	1
30.072832	1
30.18752	1
30.547967999999997	1
30.695424	1
30.941184	1
31.006719999999998	1
31.088639999999998	1
43.49952	1
43.794432	1
56.442879999999995	1
58.24512	1
60.86656	1
68.25574399999999	1
