0.428672	1
0.460416	1
0.46527999999999997	1
0.49216	1
0.498048	1
0.499328	1
0.5013759999999999	1
0.502656	1
0.502912	1
0.50368	1
0.5039359999999999	1
0.5047039999999999	1
0.509056	1
0.51008	1
0.511104	1
0.511616	1
0.5131519999999999	1
0.515456	1
0.516992	1
0.5172479999999999	1
0.518016	1
0.52032	1
0.520832	1
0.5223679999999999	1
0.523392	1
1.047296	2
1.049088	2
0.5255679999999999	1
1.054208	2
0.527616	1
0.5281279999999999	1
1.05728	2
1.587456	3
0.529664	1
1.0613759999999999	2
0.531712	1
1.5966719999999999	3
0.532736	1
1.0664959999999999	2
1.06752	2
0.535296	1
1.071616	2
0.536832	1
1.0746879999999999	2
0.53888	1
1.078784	2
0.5399039999999999	1
2.163712	4
1.0828799999999998	2
2.167808	4
1.084928	2
1.085952	2
1.630464	3
1.6335359999999999	3
1.090048	2
1.091072	2
0.546048	1
1.63968	3
0.547072	1
1.095168	2
0.548096	1
2.194432	4
0.5491199999999999	1
2.74816	5
0.550144	1
1.1013119999999998	2
1.10336	2
1.104384	2
0.5532159999999999	1
1.10848	2
1.109504	2
2.7763199999999997	5
1.667328	3
2.78144	5
3.3407999999999998	6
2.78912	5
1.6750079999999998	3
1.117696	2
2.7967999999999997	5
0.5598719999999999	1
0.561408	1
0.56192	1
2.2497279999999997	4
1.125888	2
1.6919039999999999	3
0.56448	1
0.5649919999999999	1
0.565504	1
1.132032	2
2.2661119999999997	4
0.56704	1
0.567552	1
2.84288	5
1.1381759999999999	2
0.5696	1
1.140224	2
0.570624	1
0.571136	1
1.714944	3
1.71648	3
0.572672	1
1.146368	2
0.573696	1
2.87104	5
1.72416	3
1.725696	3
1.7272319999999999	3
1.7287679999999999	3
3.4606079999999997	6
0.57728	1
0.577792	1
2.89152	5
1.157632	2
2.8966399999999997	5
2.31936	4
0.580352	1
1.1617279999999999	2
1.7456639999999999	3
0.5824	1
0.582912	1
1.1668479999999999	2
1.168896	2
2.3398399999999997	4
0.585472	1
1.171968	2
1.172992	2
2.348032	4
2.3500799999999997	4
1.176064	2
2.94528	5
2.358272	4
2.9503999999999997	5
1.771776	3
0.591104	1
1.774848	3
2.368512	4
0.59264	1
1.186304	2
1.780992	3
1.782528	3
1.189376	2
2.3808	4
2.97856	5
2.9811199999999998	5
1.790208	3
4.777984	8
2.39104	4
2.99136	5
2.9939199999999997	5
1.797888	3
3.598848	6
1.20064	2
3.0041599999999997	5
1.8040319999999999	3
1.8055679999999998	3
1.204736	2
1.80864	3
1.810176	3
2.417664	4
1.814784	3
2.42176	4
3.635712	6
0.606464	1
2.427904	4
0.607488	1
1.216	2
4.259583999999999	7
0.609024	1
0.609536	1
2.4401919999999997	4
1.22112	2
1.833216	3
4.281088	7
3.0604799999999996	5
1.837824	3
1.8393599999999999	3
1.227264	2
3.0707199999999997	5
3.6879359999999997	6
6.15168	10
4.30976	7
3.697152	6
3.700224	6
1.851648	3
3.706368	6
1.85472	3
4.331264	7
2.4770559999999997	4
2.479104	4
1.240576	2
1.8623999999999998	3
4.349184	7
4.9745919999999995	8
3.734016	6
1.245696	2
2.49344	4
3.743232	6
3.746304	6
1.874688	3
1.876224	3
3.7555199999999997	6
0.626432	1
3.1347199999999997	5
1.254912	2
3.13984	5
3.1424	5
1.886976	3
6.924544	11
5.040128	8
0.630528	1
0.6310399999999999	1
3.1577599999999997	5
2.528256	4
2.5303039999999997	4
1.8992639999999998	3
5.0687999999999995	8
3.17056	5
3.807744	6
3.17568	5
3.813888	6
1.90848	3
3.820032	6
2.548736	4
2.5507839999999997	4
1.276416	2
2.55488	4
0.639232	1
1.9192319999999998	3
5.762303999999999	9
1.922304	3
3.84768	6
1.925376	3
3.853824	6
4.499712	7
5.146624	8
4.50688	7
3.8661119999999998	6
3.8691839999999997	6
1.9361279999999998	3
1.291776	2
3.8783999999999996	6
5.1752959999999995	8
1.942272	3
1.943808	3
4.539136	7
4.54272	7
2.5978879999999998	4
2.599936	4
2.601984	4
1.9530239999999999	3
1.9545599999999999	3
2.608128	4
1.9576319999999998	3
1.959168	3
1.960704	3
3.92448	6
4.5821439999999996	7
3.930624	6
2.622464	4
0.6561279999999999	1
3.93984	6
5.257216	8
3.2883199999999997	5
4.607232	7
1.3173759999999999	2
3.9551999999999996	6
3.958272	6
1.980672	3
5.285888	8
2.644992	4
1.98528	3
1.986816	3
5.302271999999999	8
2.653184	4
1.9914239999999999	3
3.9859199999999997	6
1.329664	2
2.6613759999999997	4
1.997568	3
3.3318399999999997	5
2.6675199999999997	4
3.33696	5
1.3358079999999999	2
5.347328	8
8.696064	13
6.02496	9
4.019712	6
4.022784	6
5.367808	8
4.028928	6
4.032	6
5.380096	8
4.711168	7
2.694144	4
5.392384	8
3.3728	5
3.3753599999999997	5
4.729088	7
3.38048	5
3.38304	5
4.73984	7
2.710528	4
4.747008	7
4.750592	7
5.433344	8
4.75776	7
4.0811519999999994	6
2.722816	4
4.768511999999999	7
2.045184	3
3.4112	5
4.096512	6
8.199168	12
4.102656	6
1.368576	2
6.1632	9
2.055936	3
3.4291199999999997	5
4.118016	6
2.747392	4
6.8736	10
4.815104	7
2.065152	3
4.822272	7
4.825856	7
4.82944	7
5.5234559999999995	8
2.763776	4
2.0743679999999998	3
4.843776	7
2.0774399999999997	3
6.236928	9
6.241536	9
2.082048	3
2.7781119999999997	4
1.39008	2
4.868863999999999	7
3.48032	5
4.8760319999999995	7
2.7883519999999997	4
2.0928	3
2.0943359999999998	3
3.49312	5
5.593088	8
9.095424	13
2.80064	4
4.204032	6
2.103552	3
4.210176	6
3.51104	5
6.324479999999999	9
2.812928	4
2.1112319999999998	3
4.225536	6
2.819072	4
2.11584	3
7.763712	11
4.944128	7
7.06816	10
4.951296	7
6.370559999999999	9
2.125056	3
4.962047999999999	7
2.837504	4
3.5494399999999997	5
2.1311999999999998	3
4.265472	6
4.9799679999999995	7
4.9835519999999995	7
4.274687999999999	6
4.99072	7
5.707776	8
5.711872	8
3.5724799999999997	5
3.57504	5
3.5776	5
2.148096	3
2.149632	3
2.8682239999999997	4
1.435136	2
5.7446399999999995	8
6.467327999999999	9
5.033728	7
5.037312	7
2.16192	3
2.884608	4
1.443328	2
4.333056	6
5.781504	8
1.4464	2
4.3422719999999995	6
2.896896	4
2.1742079999999997	3
7.977728	11
7.2576	10
2.9050879999999997	4
3.63392	5
6.5456639999999995	9
8.005887999999999	11
6.55488	9
2.186496	3
4.3760639999999995	6
8.028416	11
5.842944	8
4.38528	6
5.8511359999999994	8
2.927616	4
2.929664	4
5.130496	7
2.20032	3
5.137664	7
2.937856	4
2.939904	4
3.67744	5
5.152	7
5.155584	7
4.422143999999999	6
6.637823999999999	9
0.7380479999999999	1
1.47712	2
1.478144	2
2.958336	4
2.960384	4
6.665471999999999	9
5.92896	8
5.933056	8
6.679296	9
2.2279679999999997	3
4.459008	6
2.97472	4
4.465152	6
5.957631999999999	8
5.961728	8
3.72864	5
2.98496	4
4.480512	6
2.9890559999999997	4
2.991104	4
7.48288	10
5.2416	7
4.495871999999999	6
2.9992959999999997	4
4.502016	6
4.505088	6
4.50816	6
4.511232	6
2.257152	3
2.258688	3
2.260224	3
3.0156799999999997	4
3.017728	4
3.019776	4
2.266368	3
6.047744	8
3.0259199999999997	4
3.78496	5
1.515008	2
6.822144	9
3.79264	5
1.5180799999999999	2
6.835967999999999	9
3.8003199999999997	5
7.60576	10
3.044352	4
3.0463999999999998	4
4.572672	6
6.100992	8
2.289408	3
2.290944	3
4.58496	6
6.117376	8
3.060736	4
9.954048	13
3.83104	5
2.30016	3
3.0689279999999997	4
3.83872	5
5.3777919999999995	7
5.3813759999999995	7
3.8464	5
3.84896	5
6.162432	8
4.624896	6
3.085312	4
1.54368	2
4.634112	6
0.772864	1
3.093504	4
5.417216	7
3.872	5
0.7749119999999999	1
3.8771199999999997	5
3.103744	4
6.211583999999999	8
5.43872	7
5.442304	7
2.333952	3
3.89248	5
4.674048	6
4.6771199999999995	6
1.560064	2
3.122176	4
4.686336	6
4.689407999999999	6
2.34624	3
2.347776	3
3.1324159999999996	4
3.91808	5
3.1365119999999997	4
4.70784	6
3.92576	5
9.427968	12
3.144704	4
7.080191999999999	9
3.1488	4
6.301696	8
4.729344	6
4.732416	6
2.367744	3
7.1078399999999995	9
8.692992	11
1.5815679999999999	2
3.95648	5
2.3754239999999998	3
4.75392	6
6.342656	8
1.5866879999999999	2
3.96928	5
3.97184	5
3.9743999999999997	5
8.749312	11
3.183616	4
2.389248	3
4.781568	6
3.1897599999999997	4
3.98976	5
6.387712	8
4.793856	6
2.3984639999999997	3
4.0	5
0.800512	1
3.204096	4
4.809216	6
2.406144	3
4.0127999999999995	5
2.409216	3
2.410752	3
1.6081919999999998	2
5.632256	7
2.4153599999999997	3
4.02816	5
2.4184319999999997	3
4.0332799999999995	5
3.228672	4
4.0384	5
4.849152	6
3.234816	4
1.6184319999999999	2
4.858368	6
4.0512	5
2.4322559999999998	3
3.245056	4
5.6824319999999995	7
3.249152	4
2.4383999999999997	3
2.439936	3
7.324415999999999	9
5.700352	7
5.703936	7
4.0767999999999995	5
4.079359999999999	5
2.4491519999999998	3
4.901376	6
4.08704	5
4.90752	6
9.002752	11
4.09472	5
4.09728	5
5.739776	7
6.56384	8
2.462976	3
3.286016	4
2.466048	3
4.935168	6
7.40736	9
4.11776	5
4.9443839999999994	6
6.596608	8
4.12544	5
6.6048	8
4.13056	5
4.959744	6
0.827136	1
3.3105919999999998	4
3.31264	4
4.972032	6
3.318784	4
4.15104	5
5.81504	7
4.987392	6
3.3269759999999997	4
4.16128	5
4.1638399999999995	5
3.3331199999999996	4
3.335168	4
1.6686079999999999	2
5.008896	6
4.17664	5
9.194239999999999	11
5.0181119999999995	6
1.6737279999999999	2
8.373759999999999	10
10.054656	12
4.192	5
5.033472	6
5.875967999999999	7
3.359744	4
0.840448	1
4.2048	5
7.5732479999999995	9
2.5259519999999998	3
3.3699839999999996	4
5.058047999999999	6
5.06112	6
3.376128	4
3.378176	4
3.3802239999999997	4
1.691136	2
5.07648	6
5.079552	6
2.541312	3
6.780927999999999	8
5.088768	6
4.2432	5
6.793215999999999	8
3.398656	4
4.2508799999999995	5
5.954816	7
5.9584	7
3.4068479999999997	4
2.556672	3
2.558208	3
5.972735999999999	7
5.976319999999999	7
4.27136	5
3.419136	4
7.697664	9
9.413888	11
4.2816	5
2.570496	3
2.572032	3
2.573568	3
3.4334719999999996	4
6.87104	8
4.2969599999999994	5
7.739135999999999	9
6.022912	7
3.4437119999999997	4
1.72288	2
3.4478079999999998	4
3.449856	4
4.31488	5
2.590464	3
4.319999999999999	5
6.916096	8
6.920192	8
5.193216	6
3.4641919999999997	4
2.5996799999999998	3
0.867072	1
5.2055039999999995	6
5.208576	6
6.9488639999999995	8
7.82208	9
3.478528	4
6.0910079999999995	7
4.35328	5
9.582848	11
2.61504	3
6.105344	7
7.854336	9
4.36608	5
6.989824	8
3.4969599999999996	4
7.872768	9
4.37632	5
5.254656	6
6.134016	7
7.014399999999999	8
2.631936	3
1.7556479999999999	2
5.270016	6
7.030784	8
3.5174399999999997	4
2.6396159999999997	3
5.282304	6
9.689855999999999	11
3.525632	4
6.173439999999999	7
7.059456	8
5.297664	6
7.067647999999999	8
10.607616	12
4.4224	5
7.079936	8
7.084032	8
4.43008	5
3.546112	4
7.983359999999999	9
1.775104	2
7.992576	9
5.331456	6
3.556352	4
5.3376	6
5.340672	6
7.124992	8
4.45568	5
5.349888	6
1.78432	2
7.141375999999999	8
7.145472	8
5.362176	6
2.6826239999999997	3
8.05248	9
3.5809279999999997	4
2.687232	3
5.377536	6
5.380608	6
7.17824	8
4.48896	5
7.186432	8
8.988159999999999	10
6.295296	7
2.6995199999999997	3
6.302464	7
4.50432	5
1.802752	2
3.6075519999999996	4
9.9264	11
5.417472	6
9.034239999999999	10
5.423616	6
5.4266879999999995	6
2.71488	3
4.52736	5
7.247872	8
2.7194879999999997	3
6.349056	7
6.35264	7
6.356224	7
0.9085439999999999	1
2.727168	3
10.005248	11
6.370559999999999	7
3.642368	4
4.55552	5
3.646464	4
5.472767999999999	6
6.3884799999999995	7
6.3920639999999995	7
7.309311999999999	8
9.14176	10
7.317504	8
2.7456	3
5.494272	6
3.6648959999999997	4
1.833472	2
5.503488	6
5.5065599999999995	6
3.673088	4
4.59392	5
4.59648	5
8.278272	9
4.6015999999999995	5
9.208319999999999	10
6.449408	7
8.296704	9
5.534208	6
7.383039999999999	8
1.846784	2
4.61952	5
3.6976639999999996	4
4.624639999999999	5
10.179839999999999	11
7.407616	8
5.558784	6
6.4888319999999995	7
11.129856	12
4.64	5
7.428096	8
2.7870719999999998	3
3.7181439999999997	4
10.230528	11
6.51392	7
3.724288	4
7.452672	8
5.592575999999999	6
4.66304	5
9.331199999999999	10
10.269952	11
7.473152	8
6.542592	7
8.416511999999999	9
2.8070399999999998	3
3.7447679999999997	4
5.620223999999999	6
3.7488639999999998	4
4.6886399999999995	5
7.50592	8
9.38752	10
9.39264	10
5.638656	6
2.820864	3
4.704	5
2.823936	3
7.534592	8
7.538688	8
4.71424	5
3.77344	4
2.831616	3
8.499456	9
3.779584	4
4.72704	5
2.83776	3
1.8928639999999999	2
8.522496	9
9.47456	10
4.73984	5
6.63936	7
8.540928	9
7.596031999999999	8
5.700095999999999	6
4.7526399999999995	5
6.65728	7
2.854656	3
1.9041279999999998	2
4.76288	5
4.76544	5
1.9072	2
6.678783999999999	7
6.682367999999999	7
4.7756799999999995	5
6.6895359999999995	7
5.73696	6
9.56672	10
5.743104	6
6.703872	7
8.623872	9
5.75232	6
6.714624	7
5.758464	6
6.721792	7
7.686144	8
9.6128	10
2.885376	3
4.81152	5
6.739712	7
5.779967999999999	6
8.67456	9
1.928704	2
8.683776	9
5.792256	6
10.624768	11
2.8992	3
13.536767999999999	14
2.902272	3
8.711424	9
8.716032	9
5.813759999999999	6
8.725247999999999	9
3.879936	4
2.911488	3
3.884032	4
6.80064	7
3.888128	4
2.917632	3
6.811392	7
8.762112	9
7.79264	8
7.796735999999999	8
6.825728	7
9.75616	10
7.809024	8
2.92992	3
7.817215999999999	8
11.731968	12
4.89088	5
6.850816	7
3.9168	4
4.89856	5
9.80224	10
9.80736	10
8.831232	9
11.78112	12
5.893631999999999	6
1.965568	2
5.899776	6
6.8866559999999994	7
4.9216	5
5.908992	6
9.853439999999999	10
9.858559999999999	10
8.877312	9
5.921279999999999	6
2.962176	3
6.915328	7
8.895743999999999	9
7.911423999999999	8
3.95776	4
10.889472	11
8.914176	9
3.963904	4
5.9489279999999995	6
3.968	4
4.96256	5
7.944191999999999	8
4.96768	5
7.9523839999999995	8
5.967359999999999	6
6.965503999999999	7
5.973504	6
10.957056	11
3.9864319999999998	4
4.9856	5
7.981056	8
4.99072	5
7.989248	8
12.989184	13
4.9984	5
9.001728	9
7.004928	7
11.013376	11
4.006912	4
1.00224	1
8.022015999999999	8
5.0163199999999994	5
4.015104	4
6.025728	6
5.024	5
3.015936	3
2.011648	2
4.025344	4
5.03424	5
4.02944	4
7.055104	7
6.050304	6
3.026688	3
8.075263999999999	8
7.069439999999999	7
6.0625919999999995	6
9.098495999999999	9
7.080191999999999	7
11.131648	11
9.11232	9
12.155904	12
4.054016	4
6.084096	6
6.087168	6
6.09024	6
3.046656	3
4.064255999999999	4
2.033152	2
4.068352	4
11.1936	11
5.09056	5
9.167615999999999	9
7.133952	7
8.157183999999999	8
6.120959999999999	6
4.082688	4
5.105919999999999	5
6.130176	6
11.244288	11
7.15904	7
7.162624	7
7.166207999999999	7
2.048512	2
5.1238399999999995	5
7.176959999999999	7
8.206336	8
7.184127999999999	7
7.187711999999999	7
5.13664	5
2.0556799999999997	2
9.255168	9
7.202048	7
7.205632	7
3.089664	3
6.1823999999999995	6
4.123648	4
8.251392	8
9.287424	9
6.194687999999999	6
7.23072	7
5.1673599999999995	5
5.169919999999999	5
5.17248	5
9.315071999999999	9
1.03552	1
2.072064	2
7.255808	7
6.222335999999999	6
1.037568	1
10.380799999999999	10
3.115776	3
7.273727999999999	7
10.39616	10
11.441408	11
5.2032	5
6.246912	6
6.2499839999999995	6
6.253056	6
8.341504	8
5.216	5
9.393407999999999	9
7.309568	7
1.0447359999999999	1
10.45248	10
5.2288	5
3.138816	3
7.327488	7
6.283776	6
5.23904	5
7.33824	7
15.73632	15
15.751679999999999	15
18.920448	18
10.5216	10
18.957311999999998	18
12.650495999999999	12
16.883712	16
19.012608	18
10.572799999999999	10
12.699648	12
13.771263999999999	13
9.543168	9
10.61376	10
12.7488	12
21.26848	20
11.708928	11
7.458304	7
18.130432	17
3.20256	3
8.548352	8
16.04352	15
10.705919999999999	10
16.07424	15
11.79904	11
15.031296	14
12.896256	12
7.529984	7
17.227776	16
16.1664	15
15.102976	14
16.197119999999998	15
18.374143999999998	17
14.064128	13
9.74592	9
16.25856	15
15.188991999999999	14
11.945471999999999	11
14.130688	13
16.32	15
10.89024	10
10.90048	10
18.548223999999998	17
13.105151999999999	12
16.3968	15
16.41216	15
12.046847999999999	11
10.96192	10
15.361023999999999	14
10.9824	10
17.588224	16
9.902592	9
13.215743999999999	12
12.125696	11
12.13696	11
24.296447999999998	22
13.264896	12
8.851455999999999	8
9.967103999999999	9
8.86784	8
4.438016	4
11.105279999999999	10
7.780863999999999	7
5.56288	5
15.590399999999999	14
8.916992	8
12.272127999999999	11
10.050048	9
7.823872	7
10.06848	9
11.19744	10
10.086912	9
13.461504	12
12.350976	11
8.99072	8
6.749184	6
9.007104	8
10.142208	9
13.535231999999999	12
19.19232	17
11.29984	10
18.096128	16
7.924224	7
12.463616	11
6.80448	6
13.621248	12
20.450304	18
14.782976	13
14.796287999999999	13
7.974399999999999	7
15.963135999999999	14
5.706239999999999	5
11.42272	10
11.43296	10
9.15456	8
11.453439999999999	10
8.024576	7
12.621312	11
9.187327999999999	8
11.494399999999999	10
11.50464	10
13.817855999999999	12
8.067584	7
9.228288	8
15.009279999999999	13
11.55584	10
15.035903999999999	13
17.36448	15
9.269248	8
15.07584	13
12.767743999999999	11
10.455551999999999	9
16.278527999999998	14
10.473984	9
9.3184	8
9.326592	8
14.002175999999999	12
11.67872	10
11.68896	10
5.8496	5
14.051328	12
9.375744	8
7.037952	6
14.088192	12
14.10048	12
5.880319999999999	5
14.125055999999999	12
12.959232	11
9.433088	8
4.7206399999999995	4
3.543552	3
10.639871999999999	9
14.198784	12
5.921279999999999	5
11.8528	10
11.86304	10
7.123968	6
13.071871999999999	11
7.1362559999999995	6
10.7136	9
8.339967999999999	7
11.924479999999999	10
15.515136	13
10.750464	9
7.17312	6
16.751616	14
7.185408	6
10.787327999999999	9
11.99616	10
15.608319999999999	13
12.016639999999999	10
9.621504	8
7.222271999999999	6
7.228415999999999	6
14.46912	12
9.654271999999999	8
10.870272	9
10.879488	9
8.468992	7
8.47616	7
9.695231999999999	8
13.342208	11
12.13952	10
8.504832	7
19.456	16
12.17024	10
9.744384	8
10.971648	9
6.10048	5
8.547839999999999	7
10.999296	9
9.785344	8
15.914496	13
12.25216	10
11.036159999999999	9
6.1363199999999996	5
11.054592	9
8.605184	7
11.073024	9
12.3136	10
12.323839999999999	10
13.567487999999999	11
11.109888	9
13.590015999999999	11
11.128319999999999	9
12.37504	10
12.38528	10
8.676864	7
8.684032	7
6.207999999999999	5
8.698368	7
7.461888	6
12.44672	10
6.228479999999999	5
6.2336	5
4.990976	4
8.741375999999999	7
3.749376	3
10.006528	8
11.26656	9
6.26432	5
17.554432	14
6.27456	5
11.303424	9
16.34048	13
13.837824	11
6.295039999999999	5
5.040128	4
8.827392	7
3.78624	3
12.631039999999999	10
8.848896	7
3.7954559999999997	3
10.129408	8
6.335999999999999	5
6.34112	5
10.153984	8
6.35136	5
5.085184	4
7.63392	6
11.460096	9
8.920575999999999	7
3.826176	3
2.552832	2
16.60672	13
7.670783999999999	6
5.117952	4
11.524607999999999	9
10.252288	8
3.84768	3
10.268671999999999	8
7.707648	6
1.2856319999999999	1
11.579903999999999	9
5.15072	4
11.598336	9
12.89728	10
14.198272	11
9.042432	7
9.0496	7
2.5876479999999997	2
5.179392	4
9.071104	7
6.48448	5
11.68128	9
7.793664	6
2.599936	2
5.203968	4
6.510079999999999	5
7.818239999999999	6
7.824383999999999	6
9.135615999999999	7
13.061119999999999	10
5.228543999999999	4
7.84896	6
9.164287999999999	7
5.240832	4
3.933696	3
3.936768	3
5.25312	4
9.200128	7
6.576639999999999	5
10.530816	8
11.856384	9
11.865599999999999	9
7.916544	6
2.6408959999999997	2
2.642944	2
14.547455999999999	11
9.26464	7
3.973632	3
11.930112	9
13.26592	10
5.310464	4
3.9859199999999997	3
3.9889919999999996	3
2.6613759999999997	2
6.65856	5
5.330944	4
8.008704	6
1.3358079999999999	1
12.031488	9
1.337856	1
5.355519999999999	4
6.69952	5
4.022784	3
5.367808	4
6.71488	5
6.72	5
8.070143999999999	6
6.730239999999999	5
5.388288	4
13.48096	10
5.3964799999999995	4
4.050432	3
6.75584	5
5.408767999999999	4
5.412864	4
10.833919999999999	8
5.421056	4
8.137728	6
12.215807999999999	9
4.0750079999999995	3
10.87488	8
9.522687999999999	7
8.168448	6
2.7248639999999997	2
4.090368	3
12.28032	9
2.7310079999999997	2
1.366528	1
6.837759999999999	5
8.211456	6
8.2176	6
10.964991999999999	8
5.486592	4
2.745344	2
5.494784	4
6.8736	5
2.7514879999999997	2
2.753536	2
9.644544	7
6.89408	5
2.75968	2
5.5234559999999995	4
6.90944	5
5.531648	4
4.151808	3
4.1548799999999995	3
1.3859839999999999	1
4.161023999999999	3
12.492288	9
6.9452799999999995	5
9.730559999999999	7
12.519936	9
4.176384	3
4.179456	3
2.7883519999999997	2
5.5808	4
5.584896	4
1.397248	1
5.593088	4
6.99648	5
5.605376	4
4.207104	3
4.210176	3
4.213248	3
2.81088	2
7.0323199999999995	5
5.629951999999999	4
7.04256	5
1.409536	1
7.0527999999999995	5
2.823168	2
4.237824	3
9.895424	7
7.07328	5
1.4156799999999998	1
4.250112	3
7.08864	5
8.512512	6
5.679104	4
2.8415999999999997	2
8.530944	6
5.691392	4
7.1193599999999995	5
5.699584	4
2.8518399999999997	2
4.280832	3
9.995776	7
4.286976	3
8.580096	6
4.29312	3
5.728256	4
2.866176	2
4.3023359999999995	3
4.305408	3
4.308479999999999	3
2.874368	2
5.752832	4
2.8784639999999997	2
2.880512	2
2.88256	2
2.884608	2
10.103296	7
4.333056	3
5.781504	4
1.4464	1
4.3422719999999995	3
2.896896	2
5.7978879999999995	4
1.450496	1
2.90304	2
5.810175999999999	4
1.453568	1
7.272959999999999	5
8.733696	6
8.73984	6
7.28832	5
2.917376	2
10.217984	7
7.30368	5
5.84704	4
1.463808	1
2.929664	2
7.32928	5
8.80128	6
4.403712	3
5.875712	4
7.34976	5
4.412928	3
5.888	4
2.946048	2
7.37024	5
5.900288	4
8.856576	6
5.90848	4
8.868864	6
2.958336	2
5.920768	4
5.9248639999999995	4
7.4112	5
5.933056	4
2.9685759999999997	2
7.426559999999999	5
2.9726719999999998	2
5.94944	4
10.418688	7
5.957631999999999	4
1.490432	1
2.982912	2
7.4624	5
5.974016	4
5.978111999999999	4
4.486656	3
8.979455999999999	6
2.9952	2
4.495871999999999	3
5.9985919999999995	4
7.50336	5
1.501696	1
1.5027199999999998	1
3.007488	2
7.52384	5
4.517376	3
9.040896	6
4.5235199999999995	3
3.017728	2
3.019776	2
9.065472	6
6.047744	4
4.53888	3
3.027968	2
7.5750399999999996	5
3.0320639999999996	2
4.551168	3
9.10848	6
3.038208	2
1.520128	1
4.5634559999999995	3
1.522176	1
6.0927999999999995	4
4.572672	3
3.050496	2
4.578816	3
4.581888	3
3.05664	2
7.646719999999999	5
10.712576	7
4.594176	3
6.129664	4
4.60032	3
3.0689279999999997	2
6.141952	4
3.0730239999999998	2
9.225216	6
3.07712	2
6.158335999999999	4
1.540608	1
1.541632	1
4.627968	3
7.7184	5
9.268224	6
3.091456	2
1.546752	1
1.547776	1
6.1952	4
7.74912	5
4.652544	3
3.103744	2
6.211583999999999	4
4.66176	3
6.2197759999999995	4
7.77984	5
3.113984	2
7.79008	5
1.55904	1
1.560064	1
4.683263999999999	3
6.248448	4
1.5631359999999999	1
3.12832	2
4.695552	3
6.264831999999999	4
1.567232	1
3.1365119999999997	2
4.70784	3
6.281216	4
4.713984	3
1.572352	1
4.720128	3
3.1488	2
3.150848	2
1.5764479999999998	1
3.154944	2
6.313984	4
3.15904	2
4.741632	3
3.165184	2
4.7508479999999995	3
4.75392	3
6.342656	4
4.760064	3
3.175424	2
4.766208	3
6.359039999999999	4
7.953919999999999	5
9.550848	6
4.778496	3
3.187712	2
4.78464	3
6.387712	4
6.391807999999999	4
3.197952	2
4.8	3
3.202048	2
3.2061439999999997	2
3.208192	2
6.4204799999999995	4
3.212288	2
4.821504	3
4.8245759999999995	3
4.827648	3
8.0512	5
4.833792	3
4.836863999999999	3
3.2266239999999997	2
1.614336	1
3.23072	2
3.2327679999999996	2
1.6184319999999999	1
8.1024	5
4.8645119999999995	3
4.867584	3
3.2471039999999998	2
3.249152	2
6.5024	4
6.506495999999999	4
3.255296	2
1.628672	1
1.629696	1
6.52288	4
3.2634879999999997	2
3.265536	2
1.633792	1
6.539263999999999	4
6.54336	4
6.5474559999999995	4
3.275776	2
3.277824	2
8.199679999999999	5
3.28192	2
6.5679359999999996	4
3.286016	2
3.288064	2
1.6450559999999999	1
3.29216	2
4.941312	3
3.2962559999999996	2
6.596608	4
1.6501759999999999	1
3.3024	2
3.3064959999999997	2
3.308544	2
1.6552959999999999	1
4.96896	3
6.629376	4
4.975104	3
3.318784	2
3.320832	2
3.32288	2
6.649856	4
3.3269759999999997	2
4.993536	3
9.993216	6
9.99936	6
5.002752	3
3.339264	2
3.341312	2
6.686719999999999	4
6.690816	4
6.6949119999999995	4
6.699008	4
3.351552	2
1.6767999999999998	1
1.677824	1
5.036544	3
1.679872	1
6.727679999999999	4
1.682944	1
3.367936	2
1.6849919999999998	1
6.744064	4
3.3740799999999997	2
1.688064	1
3.378176	2
1.691136	1
1.693184	1
1.6983039999999998	1
1.699328	1
1.7003519999999999	1
3.402752	2
5.1072	3
1.7034239999999998	1
1.704448	1
3.4109439999999998	2
1.706496	1
6.83008	4
1.709568	1
1.710592	1
3.423232	2
3.42528	2
3.4273279999999997	2
3.429376	2
5.147136	3
8.58368	5
3.43552	2
1.7187839999999999	1
1.719808	1
3.441664	2
6.887423999999999	4
5.16864	3
5.171711999999999	3
3.449856	2
3.451904	2
1.7269759999999998	1
8.639999999999999	5
3.458048	2
3.460096	2
5.196288	3
5.202432	3
3.4703359999999996	2
3.472384	2
1.7372159999999999	1
3.47648	2
1.739264	1
1.741312	1
5.227008	3
5.23008	3
5.233152	3
6.981631999999999	4
5.2392959999999995	3
5.242368	3
6.993919999999999	4
1.749504	1
3.5010559999999997	2
3.503104	2
3.505152	2
3.5071999999999997	2
3.509248	2
3.5112959999999998	2
1.756672	1
5.2730879999999996	3
1.7587199999999998	1
1.759744	1
3.523584	2
3.525632	2
5.291519999999999	3
3.529728	2
3.5338239999999996	2
5.303808	3
1.7689599999999999	1
5.309952	3
1.771008	1
3.5440639999999997	2
5.3191679999999995	3
3.5481599999999998	2
1.775104	1
1.776128	1
1.7771519999999998	1
3.556352	2
1.7792	1
3.560448	2
3.5645439999999997	2
8.91648	5
5.3529599999999995	3
3.5706879999999996	2
1.786368	1
3.5747839999999997	2
5.365247999999999	3
3.57888	2
1.7904639999999998	1
5.377536	3
8.96768	5
3.58912	2
3.5911679999999997	2
3.593216	2
1.797632	1
3.5973119999999996	2
3.59936	2
5.402112	3
5.405183999999999	3
5.4144	3
1.8058239999999999	1
3.613696	2
5.423616	3
3.6177919999999997	2
3.61984	2
3.6218879999999998	2
1.811968	1
5.438975999999999	3
3.6280319999999997	2
5.448192	3
3.6341759999999996	2
3.64032	2
1.821184	1
3.6444159999999997	2
3.646464	2
3.6485119999999998	2
5.47584	3
3.652608	2
5.481984	3
7.317504	4
1.8304	1
3.666944	2
3.668992	2
3.6710399999999996	2
3.673088	2
1.8375679999999999	1
3.677184	2
1.839616	1
3.6812799999999997	2
3.6853759999999998	2
1.843712	1
7.383039999999999	4
1.846784	1
9.23904	5
1.8488319999999998	1
5.549568	3
1.8508799999999999	1
3.703808	2
3.705856	2
3.709952	2
3.7119999999999997	2
1.857024	1
3.716096	2
3.720192	2
3.7222399999999998	2
1.862144	1
1.863168	1
1.8641919999999998	1
1.86624	1
7.493632	4
1.8744319999999999	1
1.875456	1
1.87648	1
1.878528	1
7.5264	4
1.8826239999999999	1
1.883648	1
7.538688	4
3.7713919999999996	2
5.663232	3
3.777536	2
9.44896	5
1.8908159999999998	1
3.7857279999999998	2
7.575552	4
1.894912	1
3.7918719999999997	2
5.6939519999999995	3
5.697024	3
1.900032	1
7.604223999999999	4
5.706239999999999	3
1.903104	1
5.712384	3
5.718528	3
1.9072	1
7.632896	4
1.910272	1
3.8225919999999998	2
1.91232	1
1.913344	1
1.915392	1
1.9174399999999998	1
3.836928	2
1.9194879999999999	1
3.843072	2
1.923584	1
5.773823999999999	3
1.925632	1
3.853312	2
3.8553599999999997	2
1.928704	1
5.792256	3
3.863552	2
1.9327999999999999	1
1.933824	1
1.9358719999999998	1
1.936896	1
1.9379199999999999	1
3.8819839999999997	2
1.945088	1
3.8922239999999997	2
5.8414079999999995	3
1.94816	1
3.8983679999999996	2
3.9024639999999997	2
1.952256	1
1.95328	1
5.862912	3
5.872128	3
1.960448	1
1.96352	1
1.9645439999999998	1
3.931136	2
7.866368	4
1.96864	1
1.9696639999999999	1
3.941376	2
1.971712	1
5.918208	3
1.97376	1
5.924352	3
1.975808	1
1.9778559999999998	1
3.95776	2
3.9618559999999996	2
1.981952	1
1.984	1
1.985024	1
3.97824	2
9.950719999999999	5
1.9911679999999998	1
1.995264	1
1.9962879999999998	1
5.9950079999999994	3
1.9993599999999998	1
2.000384	1
2.001408	1
2.0024319999999998	1
2.003456	1
4.00896	2
2.007552	1
2.0085759999999997	1
2.0096	1
6.047232	3
2.0188159999999997	1
2.01984	1
2.02496	1
2.025984	1
2.028032	1
2.0290559999999997	1
4.062208	2
2.0321279999999997	1
4.068352	2
2.036224	1
2.037248	1
4.0785919999999996	2
2.04032	1
8.177664	4
2.046464	1
2.047488	1
4.097024	2
2.049536	1
8.214528	4
2.054656	1
4.115456	2
2.0587519999999997	1
2.059776	1
2.062848	1
2.064896	1
2.066944	1
4.135936	2
2.0689919999999997	1
4.14208	2
2.075136	1
2.07616	1
2.078208	1
4.164607999999999	2
4.170752	2
4.174848	2
2.0894719999999998	1
4.18304	2
2.094592	1
4.191231999999999	2
2.09664	1
2.1022719999999997	1
4.212736	2
4.216832	2
8.441856	4
4.2250239999999994	2
6.34368	3
4.233216	2
2.118656	1
6.362112	3
4.2455039999999995	2
2.1248	1
8.507392	4
4.261888	2
4.2659839999999996	2
2.13504	1
4.278271999999999	2
2.141184	1
8.572928	4
2.14528	1
2.147328	1
4.2987519999999995	2
4.306944	2
8.62208	4
2.1596159999999998	1
2.163712	1
2.1657599999999997	1
4.335616	2
4.343808	2
2.1759999999999997	1
4.360192	2
4.364288	2
4.3724799999999995	2
4.380672	2
4.384768	2
4.3929599999999995	2
6.595584	3
4.409344	2
2.208768	1
2.2128639999999997	1
2.21696	1
8.884224	4
2.2231039999999997	1
2.225152	1
6.6815999999999995	3
2.229248	1
2.231296	1
6.700031999999999	3
4.470784	2
6.749184	3
2.255872	1
4.51584	2
4.5199359999999995	2
2.264064	1
4.53632	2
4.544512	2
2.274304	1
2.2784	1
2.280448	1
4.564992	2
2.284544	1
2.2865919999999997	1
4.57728	2
2.29888	1
2.3029759999999997	1
4.610048	2
4.614144	2
4.634624	2
4.63872	2
2.321408	1
2.3234559999999997	1
2.327552	1
4.671488	2
2.3398399999999997	1
2.341888	1
2.348032	1
4.7001599999999994	2
2.352128	1
2.354176	1
2.358272	1
4.728832	2
2.3767039999999997	1
2.382848	1
2.393088	1
2.395136	1
2.399232	1
2.40128	1
2.405376	1
4.814848	2
2.419712	1
7.26528	3
2.425856	1
2.427904	1
2.432	1
2.438144	1
2.4401919999999997	1
2.444288	1
2.456576	1
2.47296	1
2.479104	1
2.4832	1
2.49344	1
2.495488	1
2.4975359999999998	1
2.499584	1
5.023744	2
2.5139199999999997	1
5.031936	2
2.520064	1
5.052416	2
2.5343999999999998	1
2.536448	1
2.538496	1
2.542592	1
2.5507839999999997	1
5.10976	2
2.57536	1
5.158912	2
2.581504	1
5.167104	2
2.5876479999999997	1
2.612224	1
2.6142719999999997	1
2.61632	1
2.622464	1
2.62656	1
2.6306559999999997	1
2.632704	1
2.6347519999999998	1
2.6408959999999997	1
2.649088	1
2.663424	1
2.6675199999999997	1
2.6777599999999997	1
2.681856	1
8.051712	3
2.6879999999999997	1
2.692096	1
2.696192	1
2.700288	1
2.7043839999999997	1
2.706432	1
2.710528	1
2.733056	1
5.4702079999999995	2
2.7392	1
2.745344	1
2.747392	1
5.507072	2
2.755584	1
2.75968	1
2.763776	1
2.765824	1
2.782208	1
2.7883519999999997	1
2.792448	1
2.796544	1
2.7985919999999997	1
2.8047359999999997	1
2.806784	1
2.812928	1
5.662719999999999	2
2.8354559999999998	1
2.8415999999999997	1
2.855936	1
2.860032	1
2.8682239999999997	1
2.8723199999999998	1
2.884608	1
2.8928	1
2.911232	1
5.86752	2
2.9358079999999998	1
2.956288	1
2.960384	1
2.96448	1
2.9685759999999997	1
5.9453439999999995	2
5.961728	2
2.9890559999999997	1
2.997248	1
3.003392	1
3.0054399999999997	1
3.013632	1
3.0156799999999997	1
3.019776	1
3.0361599999999997	1
3.044352	1
3.0463999999999998	1
3.095552	1
3.1160319999999997	1
3.130368	1
6.2730239999999995	2
3.154944	1
3.1631359999999997	1
3.165184	1
6.350848	2
3.193856	1
3.214336	1
3.2163839999999997	1
3.22048	1
3.2266239999999997	1
3.23072	1
3.249152	1
3.2532479999999997	1
6.54336	2
3.294208	1
6.612991999999999	2
3.3331199999999996	1
3.3638399999999997	1
3.3740799999999997	1
3.3966079999999996	1
3.419136	1
3.431424	1
6.924288	2
3.4641919999999997	1
3.46624	1
3.499008	1
3.505152	1
3.59936	1
3.613696	1
3.668992	1
3.6812799999999997	1
3.716096	1
3.7550079999999997	1
7.636991999999999	2
3.857408	1
3.910656	1
3.951616	1
4.099072	1
4.10112	1
4.107264	1
4.14208	1
4.3192319999999995	1
4.339712	1
4.41344	1
4.4666879999999995	1
4.5568	1
4.569088	1
4.63872	1
4.929536	1
5.003264	1
5.08928	1
5.330944	1
5.421056	1
5.494784	1
5.9248639999999995	1
6.039552	1
6.1460479999999995	1
6.2197759999999995	1
6.498304	1
6.518784	1
6.813695999999999	1
6.883328	1
6.912	1
7.059456	1
7.0963199999999995	1
7.4772479999999995	1
8.312832	1
8.349696	1
8.41728	1
8.597503999999999	1
9.220096	1
9.465855999999999	1
9.60512	1
9.760767999999999	1
10.137599999999999	1
12.447744	1
13.021184	1
13.070336	1
13.463552	1
13.930496	1
14.413824	1
14.618623999999999	1
16.084992	1
16.232447999999998	1
16.4864	1
19.439616	1
20.111359999999998	1
20.176896	1
24.223744	1
25.206784	1
25.944063999999997	1
26.599424	1
27.074559999999998	1
27.664384	1
28.860415999999997	1
32.186368	1
45.400064	1
46.153728	1
46.415872	1
46.809087999999996	1
49.168383999999996	1
49.856511999999995	1
50.249728	1
50.675712	1
50.774015999999996	1
51.134463999999994	1
52.477951999999995	1
54.444032	1
55.296	1
55.328768	1
55.394304	1
55.45984	1
55.558144	1
55.689215999999995	1
56.082432	1
56.311808	1
57.393152	1
57.950207999999996	1
58.08128	1
58.114048	1
58.966015999999996	1
58.998784	1
59.359232	1
59.391999999999996	1
59.424768	1
59.457536	1
59.555839999999996	1
119.177216	2
59.621376	1
59.785216	1
59.88352	1
59.949056	1
60.04736	1
60.276736	1
120.619008	2
60.342271999999994	1
120.75008	2
60.407807999999996	1
60.506111999999995	1
60.637184	1
60.669951999999995	1
121.40544	2
60.735488	1
60.768255999999994	1
121.602048	2
60.86656	1
182.697984	3
60.964864	1
61.063168	1
183.386112	3
183.48441599999998	3
61.19424	1
122.454016	2
122.51955199999999	2
61.325312	1
122.781696	2
184.270848	3
122.912768	2
122.978304	2
123.109376	2
123.17491199999999	2
61.620224	1
61.652992	1
61.718528	1
61.882368	1
61.915136	1
123.89580799999999	2
62.144512	1
62.308352	1
62.34112	1
62.865407999999995	1
63.32416	1
64.47104	1
64.536576	1
67.026944	1
69.369856	1
69.828608	1
71.46700799999999	1
72.84326399999999	1
75.661312	1
78.80704	1
79.200256	1
80.707584	1
81.362944	1
81.42848	1
82.41152	1
83.13241599999999	1
83.263488	1
91.521024	1
91.58655999999999	1
183.56633599999998	2
92.76620799999999	1
96.17407999999999	1
120.75008	1
120.946688	1
121.470976	1
0.46067199999999997	1
0.48575999999999997	1
0.48652799999999996	1
0.48780799999999996	1
0.48908799999999997	1
0.49113599999999996	1
0.492672	1
0.492928	1
0.49523199999999995	1
0.496	1
0.501888	1
0.502912	1
0.50368	1
0.5039359999999999	1
1.0160639999999999	2
0.508288	1
0.509312	1
0.5098239999999999	1
0.510336	1
0.51264	1
0.5131519999999999	1
0.513408	1
1.028864	2
0.5146879999999999	1
0.515712	1
1.547904	3
0.516736	1
0.5172479999999999	1
0.517504	1
0.51776	1
0.518784	1
0.51904	1
0.519296	1
0.5205759999999999	1
1.041664	2
0.521088	1
1.042688	2
0.5231359999999999	1
0.523392	1
0.523648	1
0.524544	1
1.050112	2
0.52608	1
1.054208	2
1.582848	3
0.5281279999999999	1
1.0613759999999999	2
1.0624	2
1.063424	2
1.5966719999999999	3
0.5332479999999999	1
1.60128	3
0.534272	1
0.5347839999999999	1
0.535808	1
0.53632	1
1.073664	2
1.612032	3
0.537856	1
1.076736	2
1.07776	2
1.0798079999999999	2
0.540416	1
1.62432	3
0.541952	1
2.71232	5
2.71488	5
1.086976	2
1.0879999999999999	2
1.089024	2
3.2701439999999997	6
2.72768	5
0.546048	1
1.0931199999999999	2
1.641216	3
1.642752	3
1.096192	2
2.194432	4
1.0982399999999999	2
2.198528	4
0.550144	1
1.6550399999999998	3
1.104384	2
0.552704	1
1.1064319999999999	2
2.76864	5
0.55424	1
1.664256	3
1.110528	2
0.5557759999999999	1
1.112576	2
1.6703999999999999	3
0.557312	1
1.115648	2
0.5583359999999999	1
0.558848	1
0.55936	1
2.2394879999999997	4
1.681152	3
1.682688	3
2.245632	4
1.68576	3
0.5624319999999999	1
1.125888	2
0.563456	1
1.127936	2
0.56448	1
2.82496	5
2.262016	4
3.396096	6
1.1330559999999998	2
1.70112	3
1.135104	2
1.704192	3
3.980032	7
0.5696	1
2.280448	4
0.571136	1
1.1432959999999999	2
1.71648	3
1.718016	3
1.146368	2
1.721088	3
1.722624	3
0.57472	1
1.725696	3
2.87872	5
1.7287679999999999	3
2.8838399999999997	5
3.4636799999999996	6
2.311168	4
0.5783039999999999	1
1.736448	3
2.317312	4
1.73952	3
3.482112	6
1.742592	3
1.744128	3
4.0767999999999995	7
1.165824	2
4.6673919999999995	8
2.335744	4
2.337792	4
4.09472	7
1.756416	3
1.757952	3
1.759488	3
2.93504	5
4.11264	7
2.9401599999999997	5
1.7671679999999999	3
5.306112	9
1.1801599999999999	2
2.362368	4
1.773312	3
1.1832319999999998	2
1.776384	3
2.9632	5
3.558912	6
3.561984	6
0.5941759999999999	1
2.378752	4
1.7855999999999999	3
0.595712	1
2.9811199999999998	5
4.7738879999999995	8
2.98624	5
3.58656	6
2.99136	5
2.395136	4
2.3971839999999998	4
1.799424	3
4.20224	7
3.0041599999999997	5
3.00672	5
1.8055679999999998	3
3.6142079999999996	6
2.41152	4
3.0169599999999996	5
1.811712	3
1.208832	2
5.444351999999999	9
1.81632	3
1.2119039999999999	2
4.851712	8
4.248832	7
3.6449279999999997	6
3.6479999999999997	6
3.6510719999999997	6
1.8270719999999998	3
3.0476799999999997	5
3.660288	6
2.44224	4
1.222144	2
2.446336	4
3.0604799999999996	5
1.2252159999999999	2
3.0656	5
2.454528	4
4.913152	8
3.07328	5
0.6151679999999999	1
4.92544	8
2.464768	4
3.08352	5
3.08608	5
4.9418239999999996	8
1.85472	3
3.09376	5
4.954111999999999	8
1.8593279999999999	3
1.8608639999999999	3
4.3456	7
2.485248	4
1.2436479999999999	2
1.867008	3
3.737088	6
5.61024	9
3.11936	5
3.746304	6
4.3742719999999995	7
3.12704	5
4.38144	7
3.13216	5
5.015552	8
8.156927999999999	13
5.023744	8
5.65632	9
3.773952	6
0.629504	1
5.670144	9
3.783168	6
5.0483199999999995	8
3.789312	6
4.424448	7
5.060607999999999	8
3.16544	5
4.4352	7
2.536448	4
5.076992	8
5.081087999999999	8
1.906944	3
3.1808	5
1.910016	3
3.18592	5
3.1884799999999998	5
1.276416	2
3.1936	5
1.278464	2
6.39744	10
4.4817919999999996	7
5.126144	8
8.33664	13
3.850752	6
3.2115199999999997	5
2.5712639999999998	4
5.7899519999999995	9
1.93152	3
2.5774079999999997	4
4.514048	7
2.581504	4
5.167104	8
1.2928	2
5.1752959999999995	8
8.416511999999999	13
5.183488	8
6.48448	10
1.94688	3
3.896832	6
1.949952	3
1.951488	3
2.6040319999999997	4
4.560639999999999	7
4.564223999999999	7
5.220352	8
5.224448	8
5.228543999999999	8
5.8867199999999995	9
4.5821439999999996	7
1.965312	3
5.900544	9
3.28064	5
3.2832	5
6.57152	10
4.603648	7
1.9745279999999998	3
4.610816	7
4.6144	7
3.2985599999999997	5
3.30112	5
1.982208	3
4.628736	7
3.97056	6
2.649088	4
5.965056	9
3.9797759999999998	6
5.974272	9
6.643199999999999	10
3.9889919999999996	6
5.3227519999999995	8
5.992704	9
3.998208	6
4.0012799999999995	6
4.6717439999999995	7
2.0037119999999997	3
4.010496	6
4.6824959999999995	7
5.355519999999999	8
3.34976	5
2.011392	3
2.683904	4
5.371904	8
6.048	9
5.380096	8
5.384192	8
3.36768	5
2.022144	3
3.3728	5
3.3753599999999997	5
0.675584	1
4.732672	7
2.706432	4
7.44832	11
4.743424	7
4.068864	6
6.78656	10
6.7916799999999995	10
3.3983999999999996	5
8.162303999999999	12
7.487743999999999	11
2.0436479999999997	3
6.135552	9
3.4112	5
3.41376	5
3.41632	5
4.102656	6
6.158592	9
7.5328	11
4.111872	6
3.4291199999999997	5
5.490688	8
2.747392	4
5.49888	8
4.815104	7
6.883839999999999	10
4.133376	6
4.136448	6
3.4495999999999998	5
2.7617279999999997	4
5.527552	8
4.1487359999999995	6
6.91968	10
3.4623999999999997	5
2.7719679999999998	4
2.774016	4
2.082048	3
2.7781119999999997	4
6.25536	9
4.173312	6
6.264576	9
6.269184	9
6.273791999999999	9
3.488	5
2.792448	4
4.191744	6
1.398272	2
1.3992959999999999	2
6.3014399999999995	9
4.204032	6
4.207104	6
4.210176	6
3.51104	5
6.324479999999999	9
5.625856	8
2.8149759999999997	4
4.929792	7
3.52384	5
4.23168	6
7.763712	11
4.944128	7
4.947712	7
2.121984	3
4.24704	6
6.3751679999999995	9
4.253184	6
4.256256	6
7.098879999999999	10
3.552	5
2.132736	3
3.55712	5
3.5596799999999997	5
4.987136	7
2.13888	3
4.994304	7
5.711872	8
2.857984	4
3.57504	5
7.8707199999999995	11
6.444287999999999	9
3.5827199999999997	5
2.8682239999999997	4
5.022976	7
6.46272	9
3.5929599999999997	5
2.876416	4
5.037312	7
5.761024	8
3.6031999999999997	5
7.932671999999999	11
1.443328	2
2.8887039999999997	4
2.890752	4
5.062399999999999	7
5.065983999999999	7
3.62112	5
7.24736	10
2.900992	4
3.6288	5
2.9050879999999997	4
5.814272	8
2.181888	3
8.005887999999999	11
4.36992	6
2.186496	3
5.834752	8
3.6492799999999996	5
6.573312	9
5.11616	7
5.8511359999999994	8
7.319039999999999	10
4.394496	6
4.397568	6
4.40064	6
5.137664	7
8.079104	11
5.879808	8
3.67744	5
2.2079999999999997	3
4.419072	6
2.948096	4
1.475072	2
6.6424319999999994	9
4.43136	6
4.434432	6
2.958336	4
5.1806719999999995	7
2.221824	3
4.44672	6
8.157952	11
2.9685759999999997	4
5.941248	8
2.9726719999999998	4
8.18048	11
9.674496	13
5.957631999999999	8
3.7260799999999996	5
5.220096	7
3.7312	5
5.974016	8
5.230848	7
3.73888	5
5.238016	7
5.9904	8
1.498624	2
2.249472	3
6.002688	8
9.761023999999999	13
3.0054399999999997	4
6.014976	8
3.76192	5
2.258688	3
3.013632	4
4.5235199999999995	6
4.526592	6
2.2648319999999997	3
2.266368	3
5.291776	7
5.29536	7
6.812927999999999	9
3.7875199999999998	5
5.306112	7
2.275584	3
3.7952	5
6.076416	8
5.320448	7
3.80288	5
5.327616	7
5.3312	7
3.8105599999999997	5
5.338368	7
3.0525439999999997	4
7.63648	10
2.29248	3
6.882047999999999	9
2.295552	3
5.359872	7
2.298624	3
5.367039999999999	7
8.439551999999999	11
5.374207999999999	7
0.7682559999999999	1
1.537536	2
3.07712	4
3.0791679999999997	4
7.70304	10
6.166528	8
3.8566399999999996	5
3.08736	4
3.86176	5
6.182912	8
3.093504	4
6.191104	8
4.6464	6
4.649471999999999	6
1.550848	2
6.207488	8
5.435136	7
3.8848	5
3.1098879999999998	4
2.333952	3
3.113984	4
4.674048	6
4.6771199999999995	6
5.460224	7
6.244352	8
7.029503999999999	9
5.470975999999999	7
2.34624	3
3.91296	5
2.349312	3
6.268928	8
7.057151999999999	9
3.13856	4
2.3554559999999998	3
3.1426559999999997	4
4.7170559999999995	6
2.360064	3
4.723199999999999	6
10.240255999999999	13
6.305791999999999	8
4.732416	6
4.735488	6
1.57952	2
3.9513599999999998	5
3.9539199999999997	5
6.330368	8
5.542656	7
6.338559999999999	8
2.3784959999999997	3
3.1733759999999998	4
3.96928	5
6.354944	8
2.38464	3
5.567743999999999	7
3.97952	5
6.371328	8
3.9846399999999997	5
7.176959999999999	9
1.595904	2
1.596928	2
3.1959039999999996	4
2.3984639999999997	3
5.6	7
4.803071999999999	6
5.607168	7
4.00768	5
2.406144	3
4.81536	6
1.606144	2
3.214336	4
6.432767999999999	8
6.436864	8
4.8307199999999995	6
4.02816	5
7.2552959999999995	9
4.0332799999999995	5
2.421504	3
5.65376	7
1.6163839999999998	2
4.852224	6
2.427648	3
3.238912	4
6.48192	8
5.675263999999999	7
3.245056	4
4.870655999999999	6
4.873728	6
3.2512	4
5.693184	7
1.627648	2
4.07168	5
4.889088	6
3.26144	4
5.711104	7
3.265536	4
4.08448	5
4.08704	5
5.72544	7
7.365888	9
4.09472	5
3.277824	4
3.2798719999999997	4
4.92288	6
3.2839679999999998	4
4.10752	5
3.288064	4
5.757696	7
3.29216	4
4.11776	5
4.9443839999999994	6
3.298304	4
4.950527999999999	6
3.3024	4
4.956672	6
2.479872	3
4.962816	6
3.3105919999999998	4
4.1408	5
2.486016	3
4.145919999999999	5
4.14848	5
5.811456	7
6.64576	8
4.987392	6
4.990463999999999	6
5.825792	7
5.829376	7
6.666239999999999	8
5.836544	7
5.840128	7
4.17408	5
6.682624	8
8.3584	10
3.345408	4
2.510592	3
5.024255999999999	6
6.703104	8
3.3535999999999997	4
2.516736	3
5.036544	6
5.8795519999999994	7
2.521344	3
10.09152	12
3.365888	4
6.735872	8
5.897472	7
4.21504	5
3.3740799999999997	4
6.752256	8
1.689088	2
5.070336	6
4.22784	5
3.3843199999999998	4
9.312512	11
5.082624	6
3.3904639999999997	4
5.088768	6
5.94048	7
6.793215999999999	8
6.797312	8
2.550528	3
8.506879999999999	10
5.9584	7
2.555136	3
3.408896	4
3.4109439999999998	4
5.119488	6
5.12256	6
5.979903999999999	7
4.2739199999999995	5
4.276479999999999	5
5.134848	6
5.99424	7
8.56832	10
5.144064	6
8.57856	10
3.4334719999999996	4
4.2943999999999996	5
5.156352	6
3.439616	4
4.30208	5
7.748352	9
4.3072	5
7.757568	9
4.31232	5
3.451904	4
6.044416	7
6.912	8
1.729024	2
1.730048	2
3.462144	4
4.33024	5
6.065919999999999	7
1.734144	2
5.2055039999999995	6
5.208576	6
6.080255999999999	7
3.47648	4
7.826688	9
5.220864	6
7.835903999999999	9
0.8711679999999999	1
6.97344	8
3.488768	4
1.7454079999999998	2
5.2392959999999995	6
5.242368	6
5.245439999999999	6
6.123264	7
6.126848	7
7.881983999999999	9
6.134016	7
8.767999999999999	10
7.018496	8
4.38912	5
8.78336	10
2.6365439999999998	3
7.9142399999999995	9
6.159104	7
5.282304	6
3.523584	4
8.814079999999999	10
11.46496	13
8.82432	10
8.82944	10
8.83456	10
3.535872	4
8.8448	10
5.309952	6
5.3130239999999995	6
6.202112	7
3.546112	4
2.66112	3
7.100416	8
3.552256	4
5.331456	6
14.225408	16
6.2272	7
8.901119999999999	10
4.45312	5
6.237952	7
3.566592	4
4.4608	5
8.034048	9
7.145472	8
0.8936959999999999	1
2.6826239999999997	3
9.84192	11
2.685696	3
6.270207999999999	7
2.688768	3
6.277375999999999	7
3.58912	4
5.3867519999999995	6
6.2881279999999995	7
8.988159999999999	10
4.49664	5
7.19872	8
7.202815999999999	8
6.306048	7
3.605504	4
7.215103999999999	8
7.2192	8
2.708736	3
7.227392	8
5.423616	6
5.4266879999999995	6
6.33472	7
12.676608	14
12.683776	14
9.06496	10
3.6280319999999997	4
4.537599999999999	5
3.632128	4
2.725632	3
8.181504	9
7.2765439999999995	8
7.28064	8
5.463552	6
4.55552	5
6.381311999999999	7
8.209152	9
8.213759999999999	9
7.305216	8
5.481984	6
5.485056	6
3.658752	4
6.4064	7
11.904256	13
4.581119999999999	5
6.417152	7
7.337984	8
5.5065599999999995	6
9.18272	10
10.106624	11
5.515776	6
6.438656	7
9.203199999999999	10
7.366656	8
7.3707519999999995	8
3.687424	4
8.301312	9
11.07456	12
6.463743999999999	7
5.543424	6
6.470911999999999	7
4.624639999999999	5
8.32896	9
4.62976	5
5.558784	6
3.7079039999999996	4
10.202368	11
7.4239999999999995	8
4.64256	5
2.7870719999999998	3
9.295359999999999	10
8.370432	9
3.7222399999999998	4
12.103936	13
3.726336	4
3.7283839999999997	4
7.460864	8
6.53184	7
3.7345279999999996	4
10.275584	11
6.542592	7
7.481344	8
7.48544	8
10.298112	11
3.746816	4
6.560512	7
8.439551999999999	9
4.691199999999999	5
3.7550079999999997	4
2.817792	3
6.578431999999999	7
7.522304	8
8.4672	9
5.647872	6
6.5927679999999995	7
6.5963519999999995	7
5.657088	6
9.4336	10
3.7754879999999997	4
9.44384	10
5.669376	6
10.399488	11
8.51328	9
5.678592	6
6.628608	7
14.211839999999999	15
15.167487999999999	16
2.84544	3
10.438912	11
4.74752	5
8.550144	9
8.554751999999999	9
5.706239999999999	6
10.467072	11
10.472704	11
4.76288	5
4.76544	5
1.9072	2
7.632896	8
13.364735999999999	14
7.641088	8
9.556479999999999	10
5.73696	6
13.393407999999999	14
6.700288	7
9.57696	10
5.749248	6
8.62848	9
6.714624	7
10.557184	11
5.7615359999999995	6
4.80384	5
5.7676799999999995	6
8.656127999999999	9
2.8869119999999997	3
6.739712	7
5.779967999999999	6
11.56608	12
5.786112	6
4.82432	5
8.688384	9
3.863552	4
9.664	10
3.867648	4
2.902272	3
12.583167999999999	13
8.716032	9
6.782719999999999	7
5.816832	6
4.84992	5
5.822976	6
5.826048	6
9.7152	10
7.776256	8
2.917632	3
5.838336	6
4.86784	5
6.81856	7
7.796735999999999	8
4.87552	5
3.9024639999999997	4
4.88064	5
5.85984	6
5.862912	6
4.88832	5
7.8254079999999995	8
2.936064	3
4.896	5
2.939136	3
5.8813439999999995	6
4.90368	5
4.9062399999999995	5
7.85408	8
2.9468159999999997	3
6.879487999999999	7
5.899776	6
4.91904	5
3.93728	4
5.908992	6
7.882752	8
1.971712	2
5.918208	6
5.921279999999999	6
3.9495679999999997	4
9.87904	10
8.895743999999999	9
7.911423999999999	8
9.8944	10
3.9598079999999998	4
7.923711999999999	8
10.900736	11
3.9659519999999997	4
6.944	7
4.96256	5
7.944191999999999	8
5.961215999999999	6
5.964288	6
11.934719999999999	12
3.980288	4
3.9823359999999997	4
7.968768	8
7.9728639999999995	8
7.97696	8
6.983423999999999	7
6.987007999999999	7
3.994624	4
2.9975039999999997	3
8.997119999999999	9
5.00096	5
5.00352	5
6.007295999999999	6
10.01728	10
11.02464	11
7.019264	7
7.022848	7
6.022656	6
11.047168	11
2.0096	2
10.05312	10
13.075712	13
4.025344	4
9.061632	9
8.05888	8
10.078719999999999	10
12.100608	12
4.035584	4
7.065855999999999	7
7.069439999999999	7
9.093888	9
6.065664	6
13.148928	13
4.047872	4
5.062399999999999	5
6.077952	6
10.13504	10
8.112128	8
4.0581119999999995	4
5.0752	5
9.139968	9
8.128511999999999	8
10.165759999999999	10
5.08544	5
8.1408	8
12.217343999999999	12
6.111744	6
6.114815999999999	6
2.0392959999999998	2
4.08064	4
8.165376	8
8.169471999999999	8
4.086784	4
11.244288	11
5.1136	5
3.069696	3
7.166207999999999	7
7.169791999999999	7
12.297215999999999	12
8.20224	8
4.103168	4
6.157824	6
9.241344	9
4.109312	4
12.33408	12
4.113408	4
4.115456	4
5.1468799999999995	5
10.298879999999999	10
8.2432	8
5.15456	5
4.125696	4
8.255488	8
8.259584	8
7.23072	7
10.334719999999999	10
4.135936	4
10.34496	10
4.140032	4
6.21312	6
7.252224	7
3.109632	3
5.18528	5
8.300544	8
5.1903999999999995	5
4.154368	4
6.234623999999999	6
1.0396159999999999	1
10.40128	10
9.36576	9
10.41152	10
7.2916479999999995	7
6.253056	6
7.2988159999999995	7
11.4752	11
5.21856	5
7.309568	7
4.1789439999999995	4
4.180992	4
9.41184	9
5.23136	5
6.280704	6
9.425664	9
11.525888	11
8.38656	8
16.785408	16
9.451008	9
10.51136	10
13.67808	13
5.2659199999999995	5
8.433664	8
7.386623999999999	7
12.675072	12
17.97376	17
8.466432	8
10.59328	10
12.724224	12
13.797887999999999	13
12.7488	12
14.887936	14
14.902272	14
17.047552	16
12.797951999999999	12
11.74272	11
14.959615999999999	14
10.69568	10
14.988287999999999	14
7.5013119999999995	7
6.43584	6
11.810303999999999	11
16.12032	15
17.211392	16
6.4604159999999995	6
16.1664	15
12.945407999999999	12
15.117312	14
14.050816	13
14.064128	13
14.07744	13
16.25856	15
17.358848	16
11.945471999999999	11
9.782784	9
17.407999999999998	16
6.5341439999999995	6
11.990528	11
12.001792	11
7.644672	7
8.744959999999999	8
19.694592	18
12.046847999999999	11
7.673343999999999	7
10.972159999999999	10
9.88416	9
10.99264	10
8.802304	8
9.911807999999999	9
6.6140159999999995	6
14.343679999999999	13
7.730688	7
18.791936	17
8.851455999999999	8
18.826752	17
8.86784	8
8.876032	8
6.663168	6
7.780863999999999	7
14.463488	13
13.363199999999999	12
12.260864	11
12.272127999999999	11
11.16672	10
6.706176	6
5.5935999999999995	5
8.957951999999999	8
12.328448	11
4.487168	4
7.859712	7
13.48608	12
12.373503999999999	11
13.510655999999999	12
11.26912	10
9.023488	8
11.2896	10
6.779903999999999	6
10.179072	9
14.716415999999999	13
12.463616	11
3.40224	3
12.486144	11
10.225152	9
15.920128	14
11.38176	10
15.948799999999999	14
9.121792	8
9.129984	8
3.4268159999999996	3
5.71648	5
8.01024	7
11.453439999999999	10
16.049152	14
11.47392	10
13.780992	12
10.34496	9
10.354175999999999	9
10.363392	9
5.76256	5
8.074752	7
12.700159999999999	11
10.400255999999999	9
6.939648	6
5.7881599999999995	5
11.586559999999999	10
6.95808	6
16.249855999999998	14
16.264191999999998	14
3.488256	3
5.81888	5
10.4832	9
11.65824	10
12.835327999999999	11
7.007231999999999	6
11.68896	10
10.52928	9
10.538496	9
11.71968	10
9.383936	8
8.218112	7
9.400319999999999	8
7.0563839999999995	6
15.302144	13
15.315456	13
5.89568	5
7.080959999999999	6
3.543552	3
7.093248	6
10.649087999999999	9
5.921279999999999	5
10.66752	9
13.049344	11
3.561984	3
9.506815999999999	8
10.704384	9
9.5232	8
13.105663999999999	11
10.732032	9
8.354303999999999	7
10.750464	9
11.9552	10
8.375808	7
13.173248	11
9.588735999999999	8
4.798464	4
8.40448	7
8.411648	7
10.824192	9
7.222271999999999	6
7.228415999999999	6
14.46912	12
8.447488	7
8.454656	7
4.835328	4
8.468992	7
6.054399999999999	5
10.907136	9
10.916352	9
8.497664	7
9.719808	8
7.295999999999999	6
2.4340479999999998	2
13.398527999999999	11
7.314432	6
8.540671999999999	7
6.1056	5
10.999296	9
7.339008	6
3.672576	3
4.900863999999999	4
8.58368	7
3.6817919999999997	3
6.141439999999999	5
8.605184	7
6.15168	5
7.38816	6
7.394304	6
16.034304	13
8.641024	7
8.648192	7
2.47296	2
2.475008	2
8.669696	7
4.958208	4
9.924608	8
4.9664	4
9.940992	8
9.949183999999999	8
1.244672	1
11.211264	9
7.48032	6
3.743232	3
7.492608	6
11.248128	9
11.257344	9
3.7555199999999997	3
5.011456	4
15.046655999999999	12
5.019648	4
5.023744	4
8.79872	7
6.2899199999999995	5
8.813056	7
7.560192	6
8.827392	7
8.83456	7
12.631039999999999	10
1.264128	1
6.32576	5
5.064704	4
5.0687999999999995	4
10.145792	8
12.69248	10
8.891904	7
10.170368	8
8.90624	7
3.820032	3
3.823104	3
8.927743999999999	7
12.764159999999999	10
2.55488	2
8.949247999999999	7
6.39744	5
3.8415359999999996	3
5.126144	4
5.13024	4
5.134335999999999	4
8.992256	7
11.570687999999999	9
5.146624	4
5.15072	4
19.33056	15
6.44864	5
6.45376	5
11.625983999999999	9
10.3424	8
6.469119999999999	5
1.294848	1
6.47936	5
10.375168	8
6.489599999999999	5
6.49472	5
7.799808	6
9.106944	7
5.208063999999999	4
14.33344	11
6.52032	5
9.135615999999999	7
6.5305599999999995	5
11.764223999999999	9
5.23264	4
5.236736	4
1.310208	1
5.244928	4
10.498047999999999	8
7.87968	6
5.257216	4
5.261311999999999	4
2.632704	2
1.3173759999999999	1
6.592	5
7.916544	6
6.60224	5
1.321472	1
7.934976	6
9.26464	7
6.622719999999999	5
1.3255679999999999	1
6.63296	5
5.310464	4
3.9859199999999997	3
5.318656	4
9.314816	7
2.663424	2
7.996416	6
6.6688	5
2.669568	2
8.014847999999999	6
9.357823999999999	7
5.351424	4
4.01664	3
10.719232	8
8.045568	6
5.367808	4
4.028928	3
8.064	6
12.105215999999999	9
2.692096	2
6.73536	5
6.74048	5
1.3491199999999999	1
8.100864	6
2.702336	2
2.7043839999999997	2
4.059648	3
10.833919999999999	8
2.710528	2
5.425152	4
2.7146239999999997	2
9.508352	7
2.71872	2
6.80192	5
2.722816	2
2.7248639999999997	2
6.817279999999999	5
9.551359999999999	7
6.82752	5
4.099584	3
8.205312	6
6.84288	5
2.7392	2
2.7412479999999997	2
9.601536	7
5.490688	4
4.121087999999999	3
2.74944	2
9.630208	7
5.507072	4
4.133376	3
1.378816	1
1.37984	1
6.904319999999999	5
2.763776	2
12.446207999999999	9
4.151808	3
2.76992	2
6.92992	5
4.161023999999999	3
6.94016	5
8.334336	6
6.950399999999999	5
5.564416	4
2.784256	2
6.9657599999999995	5
11.153407999999999	8
4.1856	3
2.792448	2
1.397248	1
1.398272	1
4.197888	3
8.40192	6
5.605376	4
9.816576	7
7.01696	5
7.02208	5
4.219392	3
2.8149759999999997	2
7.04256	5
8.457215999999999	6
8.46336	6
4.234751999999999	3
4.237824	3
5.658624	4
4.24704	3
2.833408	2
4.253184	3
7.09376	5
2.839552	2
1.4207999999999998	1
4.265472	3
9.967103999999999	7
4.274687999999999	3
1.4259199999999999	1
7.13472	5
4.283904	3
1.428992	1
5.720064	4
7.1552	5
4.296192	3
4.299264	3
7.17056	5
5.740544	4
11.489279999999999	8
2.874368	2
5.752832	4
1.4392319999999998	1
4.320768	3
2.88256	2
8.653824	6
4.329984	3
2.8887039999999997	2
8.672255999999999	6
1.4464	1
4.3422719999999995	3
5.793792	4
8.696831999999999	6
2.900992	2
8.70912	6
5.810175999999999	4
7.26784	5
5.8183679999999995	4
5.822464	4
5.82656	4
5.830655999999999	4
4.3760639999999995	3
2.919424	2
2.921472	2
2.92352	2
2.9255679999999997	2
5.859328	4
1.46688	1
4.403712	3
13.220352	9
4.4098559999999996	3
8.825856	6
4.4159999999999995	3
5.892096	4
5.896192	4
2.950144	2
1.4760959999999999	1
1.478144	1
1.479168	1
2.960384	2
1.4812159999999999	1
5.92896	4
2.966528	2
1.4842879999999998	1
1.485312	1
8.918016	6
10.41152	7
7.44192	5
8.936448	6
1.490432	1
2.982912	2
2.98496	2
5.974016	4
4.483584	3
7.47776	5
4.4897279999999995	3
1.4976	1
2.997248	2
1.4996479999999999	1
3.001344	2
4.505088	3
6.010879999999999	4
4.511232	3
9.028608	6
4.517376	3
3.013632	2
1.5078399999999998	1
9.059327999999999	6
1.510912	1
4.535807999999999	3
6.051839999999999	4
1.513984	1
4.548096	3
1.517056	1
1.5180799999999999	1
4.557312	3
3.040256	2
7.60576	5
6.088704	4
1.5231999999999999	1
7.6211199999999995	5
3.050496	2
6.105087999999999	4
1.527296	1
3.05664	2
3.058688	2
3.060736	2
3.0627839999999997	2
3.064832	2
3.06688	2
1.5344639999999998	1
4.606464	3
1.5365119999999999	1
4.612608	3
4.61568	3
6.158335999999999	4
6.162432	4
4.624896	3
4.627968	3
4.63104	3
1.5447039999999999	1
9.274367999999999	6
4.640256	3
3.0976	2
7.74912	5
4.652544	3
7.75936	5
7.76448	5
4.66176	3
1.5549439999999999	1
4.667904	3
3.113984	2
6.232063999999999	4
1.55904	1
1.560064	1
4.683263999999999	3
3.124224	2
3.1262719999999997	2
4.695552	3
7.83104	5
1.567232	1
1.5682559999999999	1
6.27712	4
1.570304	1
4.713984	3
7.861759999999999	5
3.1467519999999998	2
3.1488	2
7.87712	5
3.1528959999999997	2
6.309888	4
1.578496	1
1.57952	1
3.161088	2
4.744704	3
3.165184	2
4.7508479999999995	3
1.585664	1
3.1733759999999998	2
4.763135999999999	3
9.532416	6
4.76928	3
3.181568	2
1.591808	1
6.371328	4
3.187712	2
9.575424	6
3.193856	2
3.1959039999999996	2
1.598976	1
3.1999999999999997	2
1.601024	1
1.602048	1
1.6030719999999998	1
4.812288	3
3.2102399999999998	2
3.212288	2
6.428672	4
1.6081919999999998	1
3.218432	2
1.61024	1
9.667584	6
1.612288	1
1.6133119999999999	1
3.228672	2
4.84608	3
1.6163839999999998	1
6.469632	4
1.6184319999999999	1
1.619456	1
1.62048	1
3.245056	2
6.4942079999999995	4
4.873728	3
3.2512	2
1.6266239999999998	1
3.255296	2
3.257344	2
4.889088	3
4.89216	3
4.895232	3
1.632768	1
6.535168	4
6.539263999999999	4
1.63584	1
3.2737279999999997	2
4.913664	3
3.2798719999999997	2
3.2839679999999998	2
3.286016	2
1.644032	1
1.6450559999999999	1
8.2304	5
1.647104	1
6.592511999999999	4
3.298304	2
3.3003519999999997	2
9.9072	6
1.652224	1
1.6532479999999998	1
1.654272	1
4.965888	3
1.65632	1
1.657344	1
4.981248	3
3.32288	2
9.974784	6
4.990463999999999	3
4.993536	3
4.996608	3
5.002752	3
1.6686079999999999	1
3.339264	2
1.670656	1
1.6716799999999998	1
1.672704	1
1.674752	1
1.675776	1
5.0304	3
1.677824	1
1.679872	1
1.680896	1
3.3638399999999997	2
5.048832	3
1.683968	1
1.6849919999999998	1
5.058047999999999	3
1.6870399999999999	1
3.376128	2
1.6901119999999998	1
1.691136	1
5.07648	3
3.386368	2
1.694208	1
1.6952319999999999	1
1.696256	1
3.39456	2
1.699328	1
3.402752	2
5.1072	3
6.813695999999999	4
3.408896	2
6.8218879999999995	4
3.412992	2
1.70752	1
3.4170879999999997	2
3.419136	2
1.711616	1
3.42528	2
1.7136639999999999	1
3.429376	2
8.58368	5
5.15328	3
1.7187839999999999	1
3.439616	2
1.720832	1
3.4437119999999997	2
3.44576	2
1.7239039999999999	1
1.724928	1
1.7269759999999998	1
1.730048	1
3.462144	2
1.7320959999999999	1
3.46624	2
1.734144	1
8.675839999999999	5
3.472384	2
3.4744319999999997	2
5.217792	3
5.227008	3
3.48672	2
5.233152	3
8.73728	5
3.4969599999999996	2
3.499008	2
1.7505279999999999	1
7.010304	4
5.266944	3
1.756672	1
3.515392	2
1.7607679999999999	1
1.761792	1
5.288448	3
3.5276799999999997	2
1.764864	1
3.531776	2
3.5338239999999996	2
3.535872	2
3.5379199999999997	2
3.539968	2
1.7720319999999998	1
1.773056	1
1.775104	1
1.7771519999999998	1
3.5584	2
3.562496	2
3.566592	2
3.56864	2
1.7853439999999998	1
3.572736	2
3.5747839999999997	2
3.576832	2
1.78944	1
1.7904639999999998	1
1.791488	1
3.58912	2
3.5911679999999997	2
3.593216	2
3.59936	2
1.802752	1
3.6075519999999996	2
1.8048	1
3.6116479999999997	2
3.615744	2
3.6218879999999998	2
7.247872	4
3.625984	2
3.632128	2
5.451264	3
3.6382719999999997	2
1.82016	1
1.821184	1
5.4666239999999995	3
1.823232	1
1.82528	1
1.8273279999999998	1
3.658752	2
1.8304	1
3.6648959999999997	2
1.833472	1
1.834496	1
5.5065599999999995	3
5.509632	3
1.838592	1
3.6812799999999997	2
5.528064	3
1.843712	1
1.844736	1
1.846784	1
3.695616	2
1.8488319999999998	1
3.699712	2
1.8508799999999999	1
1.851904	1
1.8539519999999998	1
3.709952	2
1.8559999999999999	1
1.857024	1
1.8590719999999998	1
3.720192	2
3.7222399999999998	2
5.586431999999999	3
3.726336	2
1.8641919999999998	1
1.865216	1
3.73248	2
1.868288	1
1.87136	1
1.8723839999999998	1
3.746816	2
1.8744319999999999	1
3.750912	2
5.632512	3
1.879552	1
1.880576	1
1.8816	1
3.7652479999999997	2
3.769344	2
1.88672	1
1.889792	1
3.78368	2
1.893888	1
1.894912	1
1.897984	1
5.697024	3
5.700095999999999	3
3.8021119999999997	2
1.90208	1
1.903104	1
1.905152	1
1.9061759999999999	1
1.9092479999999998	1
1.9112959999999999	1
3.8287359999999997	2
3.830784	2
1.918464	1
1.9194879999999999	1
1.921536	1
3.8451199999999996	2
5.779967999999999	3
1.9276799999999998	1
5.786112	3
3.8594559999999998	2
1.931776	1
1.934848	1
3.8758399999999997	2
1.938944	1
1.9409919999999998	1
1.9430399999999999	1
3.888128	2
3.890176	2
1.9461119999999998	1
1.947136	1
3.904512	2
1.9543039999999998	1
1.955328	1
1.9563519999999999	1
1.9584	1
1.960448	1
3.9229439999999998	2
1.96352	1
1.9676159999999998	1
1.9696639999999999	1
1.970688	1
1.9727359999999998	1
1.9747839999999999	1
1.975808	1
3.953664	2
5.933568	3
1.97888	1
5.942784	3
1.9829759999999998	1
1.984	1
1.985024	1
1.9880959999999999	1
1.9911679999999998	1
1.9932159999999999	1
1.995264	1
1.9962879999999998	1
5.991936	3
1.9993599999999998	1
2.000384	1
2.003456	1
2.0055039999999997	1
2.007552	1
2.011648	1
2.012672	1
4.037631999999999	2
4.03968	2
10.10944	5
4.045824	2
2.027008	1
2.028032	1
2.0290559999999997	1
2.03008	1
2.033152	1
4.074496	2
4.076544	2
6.120959999999999	3
2.0423679999999997	1
4.094976	2
2.051584	1
2.054656	1
2.056704	1
2.059776	1
2.0608	1
4.123648	2
2.0659199999999998	1
4.140032	2
2.072064	1
2.075136	1
2.07616	1
2.080256	1
2.08128	1
4.164607999999999	2
2.085376	1
2.087424	1
2.090496	1
4.18304	2
2.094592	1
2.098176	1
2.100224	1
2.1022719999999997	1
6.3129599999999995	3
4.220928	2
2.1125119999999997	1
2.116608	1
10.59328	5
2.1227519999999998	1
6.3744	3
2.126848	1
6.3866879999999995	3
2.1329919999999998	1
2.13504	1
2.141184	1
6.429696	3
2.14528	1
4.294656	2
2.151424	1
2.153472	1
2.15552	1
2.157568	1
4.3192319999999995	2
4.323328	2
2.169856	1
2.1759999999999997	1
2.178048	1
6.540287999999999	3
4.364288	2
2.184192	1
2.1862399999999997	1
2.188288	1
2.190336	1
4.384768	2
6.583296	3
4.3929599999999995	2
4.397056	2
4.401152	2
2.2026239999999997	1
2.204672	1
4.41344	2
2.21696	1
4.4544	2
4.4666879999999995	2
2.235392	1
2.23744	1
2.2394879999999997	1
2.243584	1
4.49536	2
2.2497279999999997	1
2.253824	1
2.2599679999999998	1
2.264064	1
2.2661119999999997	1
2.26816	1
2.274304	1
2.2763519999999997	1
2.2784	1
2.282496	1
2.284544	1
2.2968319999999998	1
4.605951999999999	2
4.630528	2
2.317312	1
2.31936	1
2.3234559999999997	1
2.325504	1
2.327552	1
2.3296	1
2.3336959999999998	1
7.01952	3
2.341888	1
2.343936	1
4.704256	2
2.356224	1
2.358272	1
2.364416	1
2.3664639999999997	1
2.37056	1
2.378752	1
2.382848	1
4.78208	2
2.395136	1
2.40128	1
2.41152	1
2.417664	1
2.419712	1
2.427904	1
4.859904	2
2.436096	1
2.448384	1
2.458624	1
2.46272	1
2.4709119999999998	1
2.47296	1
4.954111999999999	2
2.479104	1
4.9745919999999995	2
2.489344	1
2.495488	1
2.4975359999999998	1
2.501632	1
2.5036799999999997	1
2.509824	1
5.036032	2
2.522112	1
2.5241599999999997	1
2.528256	1
2.5405439999999997	1
2.542592	1
2.54464	1
2.5507839999999997	1
2.552832	1
5.113856	2
2.558976	1
5.1220479999999995	2
2.581504	1
2.583552	1
2.589696	1
2.599936	1
2.6142719999999997	1
2.622464	1
2.6245119999999997	1
2.6306559999999997	1
2.6408959999999997	1
2.659328	1
2.673664	1
2.6982399999999997	1
2.7084799999999998	1
2.716672	1
2.745344	1
2.755584	1
2.776064	1
2.7781119999999997	1
5.56032	2
2.7883519999999997	1
2.7904	1
2.7985919999999997	1
2.817024	1
2.819072	1
2.8313599999999997	1
2.8415999999999997	1
5.687296	2
2.857984	1
2.866176	1
2.8682239999999997	1
2.896896	1
2.9255679999999997	1
2.929664	1
2.939904	1
2.966528	1
2.976768	1
3.013632	1
6.088704	2
6.166528	2
3.085312	1
3.095552	1
3.103744	1
3.1365119999999997	1
3.154944	1
3.165184	1
3.185664	1
3.22048	1
3.2266239999999997	1
3.245056	1
3.277824	1
3.28192	1
3.298304	1
3.308544	1
3.3167359999999997	1
3.3331199999999996	1
3.3904639999999997	1
3.412992	1
3.41504	1
3.421184	1
3.4334719999999996	1
6.907903999999999	2
3.48672	1
3.488768	1
3.513344	1
3.515392	1
3.595264	1
3.63008	1
3.662848	1
3.689472	1
3.693568	1
3.7017599999999997	1
7.432192	2
3.7632	1
3.777536	1
3.7918719999999997	1
3.7980159999999996	1
3.8123519999999997	1
3.869696	1
7.800832	2
3.904512	1
4.043776	1
4.160512	1
4.1728	1
4.196352	1
4.200448	1
4.204543999999999	1
8.466432	2
4.253696	1
4.29056	1
4.3192319999999995	1
4.397056	1
4.401152	1
4.417536	1
4.569088	1
4.651008	1
4.708352	1
4.954111999999999	1
5.019648	1
5.081087999999999	1
5.097472	1
5.10976	1
5.126144	1
10.42432	2
5.261311999999999	1
5.298176	1
5.318656	1
5.412864	1
5.43744	1
5.445632	1
5.60128	1
5.769216	1
5.92896	1
6.813695999999999	1
6.846464	1
6.907903999999999	1
6.989824	1
7.2192	1
7.440384	1
7.686144	1
7.788544	1
8.361984	1
9.203712	1
9.793536	1
9.826304	1
11.055104	1
14.544896	1
14.626816	1
14.864384	1
28.8768	1
29.630464	1
30.121983999999998	1
30.253055999999997	1
39.89504	1
57.524224	1
57.720831999999994	1
58.540032	1
58.638335999999995	1
59.162623999999994	1
59.260928	1
59.490303999999995	1
59.71968	1
60.112896	1
60.178432	1
60.440576	1
60.506111999999995	1
121.07776	2
121.14329599999999	2
60.604416	1
60.637184	1
60.669951999999995	1
60.70272	1
121.470976	2
182.304768	3
121.602048	2
60.86656	1
182.697984	3
121.86419199999999	2
121.929728	2
60.997631999999996	1
61.0304	1
122.126336	2
122.257408	2
61.161471999999996	1
61.19424	1
61.227008	1
122.51955199999999	2
245.170176	4
122.650624	2
245.43231999999998	4
61.390848	1
122.84723199999999	2
122.978304	2
246.218752	4
61.620224	1
61.652992	1
123.37151999999999	2
123.50259199999999	2
61.784063999999994	1
123.764736	2
123.961344	2
124.35455999999999	2
62.275583999999995	1
62.373887999999994	1
62.472192	1
62.963711999999994	1
65.323008	1
65.421312	1
66.86310399999999	1
78.675968	1
80.510976	1
80.904192	1
81.035264	1
83.72224	1
89.030656	1
90.472448	1
90.669056	1
90.93119999999999	1
91.193344	1
91.58655999999999	1
104.497152	1
106.921984	1
114.458624	1
120.48793599999999	1
0.443264	1
0.45094399999999996	1
0.45222399999999996	1
0.45248	1
0.458368	1
0.464256	1
0.465536	1
0.467584	1
0.46784	1
0.47296	1
0.473472	1
0.475008	1
0.47526399999999996	1
0.9587199999999999	2
0.48063999999999996	1
0.48243199999999997	1
0.484224	1
0.48857599999999995	1
0.4896	1
0.490112	1
0.49036799999999997	1
0.982784	2
0.49216	1
0.492672	1
0.493952	1
0.49523199999999995	1
0.49651199999999995	1
0.49702399999999997	1
0.49856	1
0.49907199999999996	1
0.499328	1
0.5006079999999999	1
1.00224	2
0.501632	1
0.502656	1
0.502912	1
0.503168	1
0.50368	1
0.5039359999999999	1
0.50496	1
1.011456	2
1.0145279999999999	2
0.50752	1
0.508288	1
0.508544	1
0.5098239999999999	1
0.5113599999999999	1
0.512384	1
0.51264	1
0.512896	1
0.5139199999999999	1
0.514432	1
0.515456	1
0.515712	1
0.516736	1
0.516992	1
0.5172479999999999	1
0.518016	1
0.518272	1
0.518528	1
1.037568	2
1.038592	2
0.519552	1
0.5198079999999999	1
0.520064	1
1.041664	2
0.521088	1
0.521344	1
0.522624	1
0.5231359999999999	1
0.523648	1
1.573632	3
0.525056	1
1.5767039999999999	3
1.5782399999999999	3
1.053184	2
1.5813119999999998	3
0.527616	1
0.5281279999999999	1
0.52864	1
0.529152	1
1.588992	3
1.590528	3
1.0613759999999999	2
3.1902719999999998	6
0.5332479999999999	1
1.06752	2
1.602816	3
1.604352	3
0.535808	1
1.60896	3
1.610496	3
0.5373439999999999	1
2.6892799999999997	5
0.538368	1
2.15552	4
1.078784	2
1.0798079999999999	2
1.621248	3
2.1657599999999997	4
0.542464	1
0.543488	1
1.632	3
0.544512	1
1.091072	2
1.092096	2
2.1862399999999997	4
1.094144	2
1.642752	3
0.548096	1
0.548608	1
1.64736	3
1.648896	3
1.650432	3
1.1013119999999998	2
0.551168	1
2.20672	4
2.76096	5
1.105408	2
1.1064319999999999	2
1.107456	2
2.7712	5
1.664256	3
2.221056	4
2.2231039999999997	4
1.668864	3
2.2272	4
1.6719359999999999	3
1.115648	2
0.5583359999999999	1
2.23744	4
1.679616	3
1.120768	2
0.560896	1
2.245632	4
1.68576	3
2.81216	5
1.125888	2
1.126912	2
2.255872	4
2.8224	5
1.6949759999999998	3
2.262016	4
3.962112	7
1.699584	3
2.26816	4
1.702656	3
4.544512	8
2.84288	5
1.1392	2
3.4206719999999997	6
3.9943679999999997	7
0.571136	1
1.1432959999999999	2
2.28864	4
1.145344	2
2.292736	4
4.015872	7
2.2968319999999998	4
2.29888	4
4.026624	7
1.1514879999999998	2
2.88128	5
1.7303039999999998	3
1.7318399999999998	3
1.733376	3
2.8940799999999998	5
5.213952	9
3.47904	6
2.321408	4
1.1617279999999999	2
2.325504	4
0.581888	1
2.912	5
2.91456	5
1.7502719999999998	3
4.671488	8
1.753344	3
2.3398399999999997	4
4.098304	7
1.757952	3
4.105472	7
4.109056	7
1.1750399999999999	2
1.7640959999999999	3
5.296895999999999	9
2.94528	5
2.94784	5
2.9503999999999997	5
2.95296	5
2.364416	4
1.774848	3
4.144896	7
2.37056	4
2.372608	4
2.96832	5
4.159231999999999	7
0.594688	1
2.976	5
1.7871359999999998	3
4.769792	8
2.9836799999999997	5
2.98624	5
2.9888	5
2.393088	4
4.191488	7
4.7943679999999995	8
2.399232	4
3.60192	6
1.2016639999999998	2
3.00928	5
3.6142079999999996	6
1.80864	3
5.430528	9
1.811712	3
1.208832	2
3.0246399999999998	5
3.0271999999999997	5
3.02976	5
3.03232	5
3.03488	5
5.467391999999999	9
3.04	5
1.8255359999999998	3
1.218048	2
4.266751999999999	7
5.490431999999999	9
2.44224	4
2.444288	4
3.669504	6
3.0604799999999996	5
4.900863999999999	8
3.6787199999999998	6
2.454528	4
1.8424319999999998	3
4.302592	7
2.4606719999999997	4
4.92544	8
5.5457279999999995	9
2.4668159999999997	4
1.851648	3
3.706368	6
2.47296	4
3.712512	6
4.954111999999999	8
3.09888	5
3.1014399999999998	5
2.4832	4
3.7278719999999996	6
2.4872959999999997	4
3.11168	5
2.491392	4
6.2336	10
4.367103999999999	7
1.873152	3
1.249792	2
7.504896	12
5.007359999999999	8
1.252864	2
5.6424959999999995	9
6.902016	11
2.511872	4
3.77088	6
2.515968	4
3.1475199999999997	5
2.520064	4
2.522112	4
6.3104	10
2.526208	4
0.632064	1
2.5303039999999997	4
5.697792	9
5.0687999999999995	8
2.536448	4
3.17312	5
3.810816	6
5.720832	9
2.54464	4
7.640064	12
3.823104	6
5.7392639999999995	9
4.467455999999999	7
3.8323199999999997	6
3.19616	5
3.19872	5
3.8415359999999996	6
1.922304	3
2.56512	4
5.134335999999999	8
2.569216	4
3.856896	6
3.21664	5
3.2192	5
3.2217599999999997	5
2.579456	4
4.517632	7
3.8753279999999997	6
2.5856	4
2.5876479999999997	4
3.884544	6
1.295872	2
5.836031999999999	9
2.59584	4
3.896832	6
3.899904	6
3.25248	5
7.8120959999999995	12
2.60608	4
3.26016	5
0.652544	1
1.959168	3
2.6142719999999997	4
0.65408	1
5.891328	9
4.585728	7
4.589312	7
3.936768	6
2.62656	4
4.600064	7
2.6306559999999997	4
3.29088	5
3.29344	5
6.592	10
4.617984	7
5.942016	9
5.285888	8
3.967488	6
7.27936	11
7.947264	12
3.31392	5
4.643072	7
5.310464	8
0.66432	1
4.653824	7
3.9920639999999996	6
5.326848	8
3.3318399999999997	5
6.00192	9
3.33696	5
2.6716159999999998	4
1.336832	2
4.013568	6
4.68608	7
5.359616	8
3.3523199999999997	5
0.670976	1
4.028928	6
7.3919999999999995	11
3.3625599999999998	5
2.019072	3
3.36768	5
4.044288	6
4.047359999999999	6
2.025216	3
5.404672	8
4.056576	6
3.38304	5
2.7084799999999998	4
4.065792	6
5.425152	8
4.750592	7
2.0375039999999998	3
6.796799999999999	10
8.162303999999999	12
4.764927999999999	7
6.1309439999999995	9
5.453824	8
4.09344	6
4.7792639999999995	7
4.099584	6
2.051328	3
2.052864	3
4.7936	7
9.594368	14
2.0574719999999997	3
7.549696	11
4.121087999999999	6
4.81152	7
4.127232	6
6.195456	9
5.515264	8
2.06976	3
2.7617279999999997	4
3.45472	5
4.1487359999999995	6
2.7678719999999997	4
4.84736	7
4.850944	7
6.93504	10
6.246144	9
5.556223999999999	8
5.56032	8
5.564416	8
5.568512	8
4.8760319999999995	7
4.182528	6
2.7904	4
2.792448	4
2.794496	4
1.398272	2
6.296831999999999	9
4.90112	7
3.50336	5
4.207104	6
4.210176	6
4.915456	7
4.21632	6
4.922624	7
2.8149759999999997	4
3.52128	5
2.1143039999999997	3
6.347519999999999	9
4.234751999999999	6
4.237824	6
3.53408	5
4.951296	7
5.662719999999999	8
5.666816	8
4.962047999999999	7
2.128128	3
2.839552	4
4.972799999999999	7
4.265472	6
9.248512	13
4.271616	6
4.274687999999999	6
7.1296	10
2.140416	3
2.855936	4
0.714496	1
4.290048	6
4.29312	6
3.58016	5
7.165439999999999	10
4.3023359999999995	6
5.022976	7
5.7446399999999995	8
1.437184	2
6.4719359999999995	9
7.915775999999999	11
3.60064	5
7.2063999999999995	10
2.884608	4
5.773312	8
3.61088	5
3.6134399999999998	5
2.8928	4
2.894848	4
5.069567999999999	7
4.348415999999999	6
5.0767359999999995	7
5.0803199999999995	7
5.810175999999999	8
2.907136	4
6.5456639999999995	9
7.27808	10
4.36992	6
2.9153279999999997	4
5.834752	8
4.379136	6
6.573312	9
2.92352	4
1.4627839999999999	2
2.195712	3
3.66208	5
1.4658559999999998	2
3.6697599999999997	5
2.937856	4
3.67488	5
5.883903999999999	8
2.2079999999999997	3
3.6825599999999996	5
3.68512	5
4.425216	6
4.428288	6
6.64704	9
4.434432	6
2.218752	3
5.920768	8
5.1842559999999995	7
7.4112	10
2.2248959999999998	3
4.452864	6
5.941248	8
5.202176	7
2.2310399999999997	3
3.72096	5
2.9788159999999997	4
3.7260799999999996	5
5.965824	8
5.22368	7
2.987008	4
6.725376	9
8.225536	11
6.734592	9
4.4928	6
3.7465599999999997	5
4.498944	6
0.750336	1
3.003392	4
4.50816	6
2.255616	3
2.257152	3
3.76448	5
7.534079999999999	10
5.2774399999999995	7
3.77216	5
5.2846079999999995	7
4.532736	6
3.7798399999999996	5
3.0259199999999997	4
0.756992	1
4.545024	6
3.7900799999999997	5
6.068224	8
9.10848	12
3.038208	4
6.080512	8
6.845184	9
5.327616	7
5.3312	7
6.096896	8
5.338368	7
3.81568	5
2.290944	3
6.87744	9
3.058688	4
3.82592	5
6.891264	9
3.83104	5
3.06688	4
2.3016959999999997	3
6.141952	8
2.3047679999999997	3
2.306304	3
5.3849599999999995	7
3.0791679999999997	4
3.081216	4
5.395712	7
7.713279999999999	10
3.08736	4
3.86176	5
3.8643199999999998	5
4.640256	6
4.6433279999999995	6
6.1952	8
5.424384	7
2.326272	3
4.655616	6
3.1057919999999997	4
3.8848	5
2.332416	3
1.555968	2
7.006463999999999	9
5.453056	7
4.6771199999999995	6
4.680192	6
3.122176	4
1.562112	2
3.9078399999999998	5
3.9103999999999997	5
5.4781439999999995	7
7.047936	9
5.4853119999999995	7
8.625408	11
3.9232	5
2.3554559999999998	3
4.713984	6
4.7170559999999995	6
6.2935039999999995	8
5.5104	7
2.363136	3
8.670463999999999	11
7.098624	9
4.735488	6
2.36928	3
3.9513599999999998	5
7.117056	9
3.165184	4
1.583616	2
2.37696	3
3.9641599999999997	5
2.380032	3
2.3815679999999997	3
3.177472	4
3.1795199999999997	4
7.158528	9
4.775424	6
6.371328	8
2.390784	3
2.39232	3
3.98976	5
1.596928	2
6.391807999999999	8
6.395904	8
1.5999999999999999	2
4.803071999999999	6
2.403072	3
3.2061439999999997	4
4.812288	6
4.0127999999999995	5
3.212288	4
3.214336	4
5.628672	7
5.632256	7
4.0256	5
8.05632	10
5.643008	7
4.839936	6
2.421504	3
6.46144	8
3.2368639999999997	4
2.429184	3
4.0512	5
1.6215039999999998	2
2.433792	3
7.305984	9
5.6860159999999995	7
4.064	5
4.879872	6
7.324415999999999	9
8.14336	10
4.889088	6
6.52288	8
4.895232	6
3.265536	4
4.08448	5
2.4522239999999997	3
6.54336	8
4.09216	5
9.827328	12
5.736192	7
3.2798719999999997	4
5.74336	7
4.925952	6
4.929024	6
4.11008	5
3.2901119999999997	4
7.40736	9
5.764863999999999	7
2.4721919999999997	3
7.421183999999999	9
4.12544	5
4.9536	6
4.956672	6
2.479872	3
4.13568	5
5.793536	7
5.79712	7
8.286719999999999	10
4.145919999999999	5
4.9781759999999995	6
2.490624	3
1.66144	2
4.15616	5
4.990463999999999	6
5.825792	7
4.1638399999999995	5
3.3331199999999996	4
5.836544	7
2.502912	3
4.17408	5
8.35328	10
9.194239999999999	11
5.0181119999999995	6
1.6737279999999999	2
9.211136	11
2.513664	3
5.868799999999999	7
1.677824	2
6.715392	8
3.359744	4
3.361792	4
2.52288	3
6.731776	8
5.0519039999999995	6
6.739967999999999	8
4.21504	5
5.90464	7
6.752256	8
9.289984	11
6.760447999999999	8
6.764544	8
7.614719999999999	9
2.539776	3
4.23552	5
3.3904639999999997	4
3.392512	4
3.39456	4
5.944064	7
6.797312	8
5.101056	6
1.701376	2
9.363199999999999	11
1.7034239999999998	2
4.26112	5
5.969151999999999	7
4.26624	5
3.41504	4
9.396992	11
8.547839999999999	10
5.1317759999999994	6
7.702272	9
2.5689599999999997	3
9.425151999999999	11
5.144064	6
7.720704	9
2.575104	3
12.02432	14
5.156352	6
6.879232	8
8.60416	10
3.4437119999999997	4
5.16864	6
5.171711999999999	6
4.31232	5
4.31488	5
2.590464	3
4.319999999999999	5
2.593536	3
5.190144	6
6.924288	8
2.598144	3
9.53216	11
5.202432	6
6.073087999999999	7
5.208576	6
6.080255999999999	7
5.21472	6
3.478528	4
6.0910079999999995	7
6.965248	8
6.098176	7
5.23008	6
6.105344	7
9.599744	11
7.858943999999999	9
1.747456	2
3.4969599999999996	4
9.622271999999999	11
2.6257919999999997	3
7.006208	8
3.505152	4
3.5071999999999997	4
7.018496	8
5.266944	6
7.905024	9
3.515392	4
2.63808	3
6.159104	7
7.0430719999999996	8
2.6426879999999997	3
4.407039999999999	5
3.5276799999999997	4
8.82432	10
3.531776	4
5.300736	6
7.955711999999999	9
3.5379199999999997	4
3.539968	4
4.4275199999999995	5
7.088127999999999	8
10.638335999999999	12
7.983359999999999	9
6.212864	7
5.328384	6
6.220032	7
5.334528	6
10.6752	12
7.120896	8
3.562496	4
5.346816	6
7.133184	8
4.4608	5
5.356032	6
3.572736	4
8.043263999999999	9
6.259456	7
4.473599999999999	5
0.8952319999999999	1
8.95744	10
4.48128	5
6.277375999999999	7
8.9728	10
4.48896	5
6.2881279999999995	7
6.2917119999999995	7
6.295296	7
2.6995199999999997	3
3.6014079999999997	4
6.306048	7
3.605504	4
11.724544	13
6.3168	7
4.5145599999999995	5
6.323968	7
7.231488	8
8.140032	9
10.85952	12
5.432831999999999	6
8.153856	9
5.438975999999999	6
6.349056	7
5.44512	6
6.356224	7
4.54272	5
2.727168	3
4.54784	5
4.5504	5
4.55296	5
7.288831999999999	8
6.381311999999999	7
5.472767999999999	6
13.689599999999999	15
6.3920639999999995	7
2.740992	3
5.485056	6
3.658752	4
6.4064	7
6.409984	7
8.246016	9
3.666944	4
7.337984	8
5.5065599999999995	6
7.346176	8
8.269055999999999	9
7.354368	8
6.438656	7
3.6812799999999997	4
7.366656	8
10.134784	11
2.765568	3
12.913152	14
4.6144	5
5.5403519999999995	6
2.771712	3
5.546495999999999	6
7.399424	8
4.6272	5
6.481663999999999	7
5.558784	6
8.342784	9
11.129856	12
7.4239999999999995	8
12.070656	13
6.503168	7
7.436287999999999	8
7.440384	8
7.4444799999999995	8
6.517504	7
8.384255999999999	9
5.592575999999999	6
5.595648	6
3.73248	4
5.601792	6
6.539008	7
7.4772479999999995	8
6.546176	7
14.97088	16
6.553344	7
1.873408	2
8.434944	9
9.377279999999999	10
4.691199999999999	5
3.7550079999999997	4
6.574847999999999	7
9.39776	10
7.522304	8
4.704	5
4.70656	5
7.534592	8
8.481024	9
5.657088	6
7.54688	8
8.494848	9
5.666303999999999	6
4.72448	5
6.617856	7
1.89184	2
8.517888	9
6.628608	7
3.789824	4
6.635776	7
0.94848	1
3.795968	4
7.596031999999999	8
4.75008	5
8.554751999999999	9
2.8531199999999997	3
8.563968	9
8.568576	9
6.668031999999999	7
4.76544	5
4.768	5
11.449344	12
5.7277439999999995	6
5.730816	6
4.778239999999999	5
5.73696	6
7.653376	8
4.78592	5
10.534656	11
5.749248	6
8.62848	9
8.633087999999999	9
7.677951999999999	8
14.403839999999999	15
4.80384	5
5.7676799999999995	6
6.732544	7
7.6984319999999995	8
6.739712	7
7.706624	8
7.710719999999999	8
5.786112	6
6.754048	7
3.8615039999999996	4
8.692992	9
6.764799999999999	7
7.735296	8
5.804544	6
6.775551999999999	7
7.747584	8
6.782719999999999	7
6.7863039999999994	7
3.879936	4
6.7934719999999995	7
7.768064	8
2.91456	3
4.86016	5
4.8627199999999995	5
6.811392	7
10.709247999999999	11
4.8704	5
8.771328	9
5.850624	6
6.829312	7
9.76128	10
6.83648	7
6.840064	7
5.865984	6
8.803583999999999	9
8.808192	9
8.8128	9
3.9188479999999997	4
6.861568	7
3.9229439999999998	4
7.849984	8
8.83584	9
8.840448	9
7.862272	8
7.866368	8
6.8866559999999994	7
3.93728	4
8.863488	9
4.9267199999999995	5
7.886848	8
5.918208	6
7.89504	8
2.962176	3
9.87904	10
8.895743999999999	9
7.911423999999999	8
3.95776	4
4.9497599999999995	5
4.952319999999999	5
7.927808	8
5.9489279999999995	6
4.96	5
6.947584	7
9.93024	10
7.948288	8
9.940479999999999	10
2.9836799999999997	3
1.990144	2
5.973504	6
4.98048	5
7.9728639999999995	8
6.979839999999999	7
7.981056	8
7.985151999999999	8
6.9905919999999995	7
5.9950079999999994	6
6.9977599999999995	7
5.00096	5
6.004224	6
2.0024319999999998	2
7.012096	7
9.020159999999999	9
6.016512	6
11.035904	11
5.018879999999999	5
8.034303999999999	8
6.0287999999999995	6
8.042496	8
7.040768	7
5.03168	5
8.054784	8
7.05152	7
5.039359999999999	5
10.08384	10
9.080064	9
8.075263999999999	8
6.05952	6
9.093888	9
4.043776	4
3.0343679999999997	3
5.0598399999999994	5
10.124799999999999	10
9.116928	9
10.13504	10
6.084096	6
10.14528	10
6.09024	6
7.108864	7
10.160639999999999	10
4.066304	4
5.08544	5
4.0704	4
9.163008	9
8.148992	8
9.172224	9
10.19648	10
4.08064	4
6.124032	6
4.0847359999999995	4
4.086784	4
3.066624	3
5.1136	5
6.139392	6
9.213695999999999	9
4.097024	4
5.1238399999999995	5
5.126399999999999	5
5.12896	5
12.315648	12
5.13408	5
5.13664	5
12.33408	12
5.14176	5
4.115456	4
6.1762559999999995	6
5.149439999999999	5
11.334399999999999	11
7.216384	7
12.377087999999999	12
4.127744	4
4.129792	4
5.1648	5
4.133888	4
11.373823999999999	11
3.103488	3
7.245056	7
9.31968	9
5.18016	5
11.401983999999999	11
3.1111679999999997	3
8.300544	8
3.1142399999999997	3
3.115776	3
8.312832	8
4.1584639999999995	4
9.361151999999999	9
13.528319999999999	13
7.288063999999999	7
4.166656	4
9.379584	9
5.213439999999999	5
7.3024	7
7.305984	7
4.176896	4
5.22368	5
6.271488	6
3.13728	3
3.138816	3
6.280704	6
7.331072	7
5.23904	5
8.38656	8
7.343616	7
10.50112	10
6.3068159999999995	6
15.782399999999999	15
7.372287999999999	7
14.758911999999999	14
17.938944	17
9.506304	9
11.63008	11
15.874559999999999	15
11.652607999999999	11
9.543168	9
16.982015999999998	16
11.686399999999999	11
17.014784	16
10.64448	10
7.458304	7
11.731456	11
7.472639999999999	7
9.616895999999999	9
9.626112	9
10.705919999999999	10
16.07424	15
17.16224	16
11.810303999999999	11
10.746879999999999	10
9.681408	9
9.690624	9
8.62208	8
11.866624	11
5.399039999999999	5
16.21248	15
8.654848	8
10.8288	10
7.587327999999999	7
7.5944959999999995	7
7.6016639999999995	7
11.956736	11
8.703999999999999	8
14.157312	13
10.90048	10
17.457152	16
8.736768	8
12.02432	11
9.847296	9
13.142016	12
10.96192	10
14.263808	13
14.27712	13
6.595584	6
18.704895999999998	17
12.114431999999999	11
20.944384	19
15.44704	14
9.939456	9
8.843264	8
16.59648	15
14.396927999999999	13
8.86784	8
13.314048	12
8.884224	8
13.338624	12
10.013183999999999	9
12.2496	11
10.031616	9
13.387775999999999	12
7.816704	7
13.412352	12
11.187199999999999	10
13.436928	12
10.086912	9
7.852544	7
13.473792	12
5.619199999999999	5
10.123776	9
5.62944	5
5.63456	5
9.023488	8
11.2896	10
9.039871999999999	8
12.441087999999999	11
12.452352	11
9.064447999999999	8
10.206719999999999	9
17.02656	15
11.361279999999999	10
6.822912	6
9.105407999999999	8
11.392	10
7.981567999999999	7
9.129984	8
10.280448	9
8.003072	7
17.1648	15
14.889472	13
6.878208	6
8.031744	7
6.890496	6
8.04608	7
13.805568	12
10.363392	9
8.067584	7
14.995968	13
10.39104	9
15.022592	13
8.096256	7
8.103424	7
11.586559999999999	10
3.47904	3
15.089151999999999	13
8.132095999999999	7
9.302016	8
13.965311999999999	12
8.153599999999999	7
8.160768	7
9.334783999999999	8
11.67872	10
14.026752	12
5.8496	5
11.709439999999999	10
4.687872	4
3.518976	3
5.87008	5
11.750399999999999	10
14.112767999999999	12
11.77088	10
9.424896	8
8.253952	7
4.7206399999999995	4
4.724736	4
11.82208	10
14.198784	12
7.105536	6
8.29696	7
13.049344	11
8.311296	7
10.695167999999999	9
8.325631999999999	7
7.142399999999999	6
7.148543999999999	6
13.116928	11
13.128191999999999	11
8.361472	7
10.75968	9
11.96544	10
13.173248	11
9.588735999999999	8
11.99616	10
12.0064	10
6.008319999999999	5
12.02688	10
9.629696	8
7.228415999999999	6
4.82304	4
8.447488	7
9.662464	8
7.252992	6
6.0492799999999995	5
8.47616	7
7.271424	6
9.703424	8
9.711616	8
14.579711999999999	12
7.295999999999999	6
4.8680959999999995	4
10.962432	9
3.657216	3
10.980863999999999	9
4.88448	4
6.11072	5
6.1158399999999995	5
14.690304	12
4.900863999999999	4
7.3574399999999995	6
9.818112	8
2.456576	2
7.375871999999999	6
6.15168	5
9.85088	8
7.394304	6
2.4668159999999997	2
7.406592	6
7.412736	6
11.128319999999999	9
6.18752	5
8.669696	7
3.7186559999999997	3
4.962304	4
12.415999999999999	10
6.21312	5
3.730944	3
6.22336	5
9.965568	8
2.49344	2
9.981952	8
14.985216	12
9.998336	8
13.758975999999999	11
5.007359999999999	4
7.517183999999999	6
10.031104	8
7.529471999999999	6
8.791552	7
12.5696	10
3.773952	3
11.331071999999999	9
7.560192	6
8.827392	7
11.35872	9
11.367936	9
3.7923839999999998	3
10.121215999999999	8
13.927935999999999	11
8.8704	7
8.877568	7
6.34624	5
7.621632	6
8.899072	7
7.63392	6
7.640064	6
6.37184	5
8.927743999999999	7
5.105664	4
12.7744	10
6.39232	5
19.19232	15
7.683071999999999	6
8.970752	7
7.69536	6
5.134335999999999	4
14.130688	11
6.42816	5
3.859968	3
5.15072	4
6.4435199999999995	5
6.44864	5
6.45376	5
7.750655999999999	6
12.927999999999999	10
5.1752959999999995	4
7.769088	6
6.47936	5
6.48448	5
6.489599999999999	5
5.1957759999999995	4
12.99968	10
11.708928	9
11.718143999999999	9
9.121279999999999	7
10.432512	8
10.440704	8
6.5305599999999995	5
7.842816	6
11.773439999999999	9
1.309184	1
5.240832	4
9.178624	7
7.873536	6
7.87968	6
1.314304	1
6.576639999999999	5
7.898111999999999	6
2.6347519999999998	2
3.9551999999999996	3
1.319424	1
7.922688	6
5.285888	4
6.61248	5
1.32352	1
7.947264	6
7.953408	6
5.306368	4
6.6380799999999995	5
7.971839999999999	6
2.659328	2
7.984127999999999	6
7.990272	6
5.330944	4
9.336319999999999	7
6.67392	5
10.686463999999999	8
1.336832	1
2.675712	2
8.03328	6
10.719232	8
5.363712	4
9.393664	7
2.685952	2
10.751999999999999	8
5.380096	4
6.730239999999999	5
8.082431999999999	6
13.48096	10
5.3964799999999995	4
1.350144	1
8.107008	6
8.113152	6
4.059648	3
6.771199999999999	5
2.710528	2
1.356288	1
6.78656	5
6.7916799999999995	5
6.796799999999999	5
4.0811519999999994	3
8.168448	6
6.8121599999999995	5
6.817279999999999	5
4.09344	3
12.289536	9
4.099584	3
8.205312	6
6.84288	5
6.848	5
4.111872	3
8.229887999999999	6
6.86336	5
4.121087999999999	3
2.74944	2
4.127232	3
9.637376	7
6.88896	5
2.757632	2
6.8991999999999996	5
8.285184	6
6.90944	5
2.765824	2
2.7678719999999997	2
4.1548799999999995	3
2.7719679999999998	2
1.387008	1
9.716224	7
2.7781119999999997	2
5.56032	4
5.564416	4
4.176384	3
8.358912	6
4.182528	3
4.1856	3
5.584896	4
5.588992	4
1.398272	1
6.99648	5
5.60128	4
7.00672	5
11.218943999999999	8
1.403392	1
4.213248	3
8.43264	6
7.0323199999999995	5
1.4074879999999999	1
5.634048	4
5.638144	4
4.23168	3
8.469503999999999	6
9.888256	7
5.654528	4
1.414656	1
4.24704	3
8.500224	6
7.08864	5
5.675008	4
4.259328	3
2.8415999999999997	2
2.843648	2
1.422848	1
5.695488	4
1.424896	1
7.1296	5
7.1398399999999995	5
2.857984	2
7.15008	5
7.1552	5
1.432064	1
4.299264	3
10.038784	7
8.610816	6
7.1808	5
1.437184	1
2.876416	2
5.756927999999999	4
11.522048	8
5.76512	4
11.538432	8
4.329984	3
5.777407999999999	4
1.445376	1
5.7856	4
1.447424	1
7.24224	5
2.8989439999999997	2
11.603968	8
2.90304	2
5.810175999999999	4
4.360704	3
2.9091839999999998	2
1.455616	1
4.36992	3
4.372992	3
4.3760639999999995	3
2.919424	2
2.921472	2
8.77056	6
1.4627839999999999	1
7.319039999999999	5
7.32416	5
1.4658559999999998	1
2.93376	2
1.4679039999999999	1
1.468928	1
4.4098559999999996	3
1.4709759999999998	1
4.4159999999999995	3
2.946048	2
2.948096	2
5.900288	4
2.9521919999999997	2
1.47712	1
5.912576	4
7.39584	5
2.960384	2
2.96448	2
1.483264	1
2.9685759999999997	2
7.426559999999999	5
5.9453439999999995	4
2.97472	2
2.976768	2
2.9788159999999997	2
1.490432	1
7.45728	5
4.47744	3
2.987008	2
4.483584	3
5.982208	4
4.4897279999999995	3
4.4928	3
2.997248	2
1.4996479999999999	1
4.502016	3
12.013568	8
1.5027199999999998	1
6.014976	4
1.5047679999999999	1
3.011584	2
3.013632	2
3.0156799999999997	2
6.039552	4
4.532736	3
1.511936	1
1.5129599999999999	1
4.541952	3
4.545024	3
3.0320639999999996	2
6.068224	4
3.0361599999999997	2
3.038208	2
4.5634559999999995	3
3.044352	2
6.0927999999999995	4
3.048448	2
4.575743999999999	3
1.5262719999999999	1
3.058688	2
1.530368	1
6.1255679999999995	4
3.064832	2
3.06688	2
4.6033919999999995	3
3.070976	2
4.609535999999999	3
7.687679999999999	5
3.07712	2
6.158335999999999	4
7.70304	5
4.624896	3
6.170624	4
6.17472	4
3.0894079999999997	2
4.640256	3
4.6433279999999995	3
6.1952	4
3.0996479999999997	2
6.203392	4
1.551872	1
1.5528959999999998	1
1.55392	1
4.664832	3
3.111936	2
3.113984	2
4.674048	3
3.11808	2
1.560064	1
3.122176	2
6.248448	4
4.689407999999999	3
6.25664	4
4.695552	3
3.1324159999999996	2
1.567232	1
4.704768	3
3.13856	2
6.281216	4
4.713984	3
1.572352	1
1.5733759999999999	1
3.1488	2
4.726272	3
4.729344	3
4.732416	3
3.156992	2
4.73856	3
4.744704	3
3.165184	2
1.583616	1
4.75392	3
3.171328	2
4.760064	3
1.587712	1
4.766208	3
4.76928	3
4.772352	3
3.187712	2
1.5948799999999999	1
3.191808	2
3.1959039999999996	2
4.796927999999999	3
1.5999999999999999	1
4.803071999999999	3
1.602048	1
1.6030719999999998	1
1.604096	1
1.6051199999999999	1
3.212288	2
1.607168	1
3.2163839999999997	2
4.833792	3
1.6133119999999999	1
1.614336	1
6.46144	4
1.6163839999999998	1
4.852224	3
1.6184319999999999	1
3.24096	2
3.2471039999999998	2
3.249152	2
3.2512	2
4.879872	3
4.882944	3
1.628672	1
3.259392	2
3.26144	2
3.2634879999999997	2
3.265536	2
1.633792	1
3.2696319999999996	2
3.2737279999999997	2
1.637888	1
1.638912	1
3.2798719999999997	2
1.64096	1
1.6419839999999999	1
3.286016	2
4.932096	3
4.935168	3
3.2962559999999996	2
6.6048	4
1.652224	1
3.308544	2
3.3105919999999998	2
3.31264	2
1.657344	1
1.660416	1
1.66144	1
3.324928	2
3.3269759999999997	2
1.664512	1
1.665536	1
3.3331199999999996	2
5.002752	3
5.005824	3
5.008896	3
1.670656	1
1.6716799999999998	1
1.672704	1
5.021184	3
1.674752	1
5.0304	3
1.677824	1
1.678848	1
1.679872	1
5.04576	3
3.365888	2
1.683968	1
1.686016	1
1.689088	1
1.6901119999999998	1
5.073408	3
3.3843199999999998	2
1.693184	1
3.388416	2
1.696256	1
3.39456	2
1.6983039999999998	1
3.398656	2
1.701376	1
5.1072	3
1.7034239999999998	1
1.704448	1
3.4109439999999998	2
1.706496	1
6.83008	4
1.7085439999999998	1
3.421184	2
1.711616	1
8.56832	5
5.144064	3
1.715712	1
1.7167359999999998	1
3.43552	2
6.879232	4
12.045824	7
5.1655679999999995	3
5.16864	3
1.7269759999999998	1
1.728	1
5.187072	3
8.65536	5
5.196288	3
1.73312	1
3.468288	2
1.736192	1
5.211647999999999	3
1.73824	1
1.739264	1
3.4805759999999997	2
3.4846719999999998	2
3.48672	2
1.7454079999999998	1
3.492864	2
1.7484799999999998	1
3.503104	2
3.505152	2
1.754624	1
5.270016	3
3.515392	2
1.7587199999999998	1
1.759744	1
8.80384	5
1.7638399999999999	1
1.765888	1
3.5338239999999996	2
1.767936	1
1.769984	1
1.771008	1
3.552256	2
1.7792	1
1.780224	1
5.343744	3
1.783296	1
1.78432	1
1.786368	1
3.5747839999999997	2
1.791488	1
1.7925119999999999	1
5.3867519999999995	3
1.796608	1
1.797632	1
1.7986559999999998	1
1.79968	1
1.8007039999999999	1
1.801728	1
5.408256	3
9.01888	5
1.8058239999999999	1
3.615744	2
5.42976	3
3.6218879999999998	2
5.44512	3
3.632128	2
1.818112	1
3.6382719999999997	2
5.46048	3
3.642368	2
1.823232	1
1.8242559999999999	1
1.82528	1
1.826304	1
1.8273279999999998	1
1.828352	1
1.8304	1
1.831424	1
1.834496	1
1.8355199999999998	1
1.836544	1
3.679232	2
1.8406399999999998	1
5.524992	3
5.528064	3
3.687424	2
1.844736	1
5.53728	3
1.846784	1
3.695616	2
3.6976639999999996	2
1.849856	1
1.8508799999999999	1
3.703808	2
1.852928	1
5.564928	3
1.858048	1
1.860096	1
3.7222399999999998	2
3.724288	2
1.863168	1
1.8641919999999998	1
5.595648	3
1.86624	1
5.601792	3
1.868288	1
3.7386239999999997	2
3.7447679999999997	2
1.8744319999999999	1
1.875456	1
3.75296	2
3.7550079999999997	2
1.883648	1
1.8856959999999998	1
3.77344	2
1.889792	1
1.8908159999999998	1
1.8928639999999999	1
3.789824	2
1.8959359999999998	1
1.89696	1
5.697024	3
1.9010559999999999	1
3.80416	2
1.905152	1
1.9092479999999998	1
1.91232	1
1.913344	1
3.8287359999999997	2
1.915392	1
1.9174399999999998	1
3.836928	2
3.841024	2
1.921536	1
1.9225599999999998	1
1.923584	1
3.8492159999999997	2
1.925632	1
3.853312	2
5.786112	3
1.931776	1
1.9327999999999999	1
1.936896	1
1.9379199999999999	1
1.942016	1
1.9430399999999999	1
3.890176	2
1.952256	1
1.9543039999999998	1
1.955328	1
3.914752	2
3.9168	2
1.960448	1
7.8458879999999995	4
1.96352	1
1.9645439999999998	1
1.9676159999999998	1
1.970688	1
1.9727359999999998	1
1.97888	1
1.981952	1
1.984	1
1.985024	1
1.9880959999999999	1
1.992192	1
1.995264	1
1.997312	1
3.9987199999999996	2
4.002816	2
2.0024319999999998	1
2.00448	1
4.015104	2
2.010624	1
4.025344	2
2.013696	1
2.0157439999999998	1
4.035584	2
2.01984	1
2.020864	1
2.021888	1
2.022912	1
2.02496	1
2.025984	1
2.0290559999999997	1
2.031104	1
4.066304	2
2.0352	1
2.037248	1
4.076544	2
4.08064	2
2.041344	1
4.086784	2
2.049536	1
2.05056	1
2.051584	1
4.1052159999999995	2
2.054656	1
4.115456	2
2.063872	1
2.0659199999999998	1
4.146176	2
4.148224	2
4.150272	2
2.078208	1
2.0792319999999997	1
4.16256	2
6.246912	3
6.2499839999999995	3
2.084352	1
4.170752	2
2.093568	1
4.189184	2
2.0956159999999997	1
2.09664	1
2.1022719999999997	1
2.10432	1
2.106368	1
4.216832	2
6.331392	3
2.11456	1
4.241408	2
2.1227519999999998	1
2.126848	1
2.128896	1
2.137088	1
4.278271999999999	2
2.141184	1
6.429696	3
4.2987519999999995	2
2.151424	1
4.306944	2
2.15552	1
4.315136	2
6.478847999999999	3
6.491136	3
2.169856	1
4.343808	2
2.173952	1
8.712192	4
2.184192	1
2.194432	1
4.397056	2
4.409344	2
2.208768	1
2.210816	1
2.2128639999999997	1
2.214912	1
2.231296	1
2.23744	1
2.2394879999999997	1
2.241536	1
2.2497279999999997	1
2.255872	1
2.2599679999999998	1
4.524032	2
2.264064	1
2.2661119999999997	1
4.548608	2
4.5568	2
2.282496	1
2.2865919999999997	1
2.28864	1
2.290688	1
2.292736	1
2.2968319999999998	1
4.601856	2
4.622336	2
4.626431999999999	2
4.630528	2
2.317312	1
2.325504	1
2.3296	1
2.331648	1
2.3336959999999998	1
4.671488	2
4.683776	2
4.696064	2
2.352128	1
7.068671999999999	3
2.358272	1
2.3603199999999998	1
2.37056	1
2.372608	1
7.130112	3
2.378752	1
2.384896	1
2.39104	1
4.7943679999999995	2
2.405376	1
2.409472	1
2.427904	1
2.429952	1
2.432	1
2.4340479999999998	1
2.44224	1
2.448384	1
2.4606719999999997	1
2.4668159999999997	1
4.94592	2
2.479104	1
2.485248	1
2.495488	1
4.9950719999999995	2
2.505728	1
2.526208	1
2.528256	1
2.5303039999999997	1
2.542592	1
2.55488	1
2.556928	1
2.57536	1
2.5774079999999997	1
2.5876479999999997	1
2.591744	1
2.593792	1
2.60608	1
2.610176	1
2.65728	1
2.659328	1
2.6613759999999997	1
2.6716159999999998	1
2.690048	1
2.692096	1
2.702336	1
2.7043839999999997	1
2.712576	1
2.716672	1
2.71872	1
2.720768	1
2.7248639999999997	1
2.7392	1
2.757632	1
2.7617279999999997	1
2.776064	1
5.572608	2
2.794496	1
2.796544	1
2.8088319999999998	1
2.81088	1
2.8252159999999997	1
2.827264	1
2.8313599999999997	1
2.839552	1
2.849792	1
2.8620799999999997	1
2.870272	1
2.890752	1
2.8928	1
2.900992	1
2.91328	1
2.939904	1
2.948096	1
2.96448	1
5.933056	2
2.9685759999999997	1
5.9453439999999995	2
2.97472	1
2.976768	1
3.003392	1
3.0054399999999997	1
6.023168	2
3.0156799999999997	1
3.023872	1
3.0361599999999997	1
3.040256	1
3.05664	1
3.058688	1
3.060736	1
3.0627839999999997	1
3.0730239999999998	1
3.1631359999999997	1
3.167232	1
3.193856	1
3.2102399999999998	1
3.212288	1
3.2163839999999997	1
3.2696319999999996	1
3.2839679999999998	1
3.349504	1
3.359744	1
3.4007039999999997	1
3.423232	1
3.429376	1
3.43552	1
6.944768	2
3.4744319999999997	1
3.4969599999999996	1
3.499008	1
3.5338239999999996	1
3.546112	1
3.5645439999999997	1
3.593216	1
3.6116479999999997	1
3.615744	1
3.6177919999999997	1
3.666944	1
3.673088	1
3.6853759999999998	1
3.687424	1
3.693568	1
3.724288	1
3.779584	1
3.7816319999999997	1
3.7918719999999997	1
3.79392	1
3.810304	1
3.826688	1
3.841024	1
3.8492159999999997	1
3.8553599999999997	1
3.8819839999999997	1
3.904512	1
3.931136	1
3.9761919999999997	1
3.994624	1
4.023296	1
4.03968	1
4.06016	1
4.072448	1
4.08064	1
4.123648	1
4.150272	1
4.160512	1
4.189184	1
4.241408	1
4.2496	1
4.31104	1
4.315136	1
4.360192	1
4.3724799999999995	1
4.380672	1
4.384768	1
4.388864	1
4.401152	1
4.425727999999999	1
4.43392	1
4.438016	1
4.470784	1
4.487168	1
4.5199359999999995	1
4.5568	1
4.585472	1
4.589568	1
4.601856	1
4.63872	1
4.691968	1
4.7206399999999995	1
4.765696	1
4.7738879999999995	1
4.78208	1
4.933631999999999	1
4.982784	1
4.9950719999999995	1
5.019648	1
5.023744	1
5.031936	1
5.040128	1
5.052416	1
5.101567999999999	1
5.146624	1
10.3424	2
5.220352	1
5.380096	1
5.486592	1
5.527552	1
5.548032	1
5.646336	1
5.6504319999999995	1
5.6709119999999995	1
5.756927999999999	1
5.814272	1
5.912576	1
6.047744	1
6.2730239999999995	1
6.330368	1
6.408192	1
6.46144	1
6.772736	1
6.817792	1
6.903808	1
8.30464	1
11.69408	1
12.177408	1
13.152256	1
13.930496	1
16.429056	1
19.53792	1
22.061056	1
23.322623999999998	1
24.322048	1
24.371199999999998	1
24.469504	1
26.402815999999998	1
28.680191999999998	1
29.712384	1
61.325312	2
30.941184	1
31.006719999999998	1
38.518784	1
39.043071999999995	1
42.156031999999996	1
48.545792	1
51.396608	1
51.560448	1
51.986432	1
52.67456	1
53.723136	1
53.952512	1
54.181888	1
54.902784	1
55.427071999999995	1
55.558144	1
56.639488	1
56.705023999999995	1
56.737792	1
57.163776	1
57.327616	1
57.42592	1
58.212351999999996	1
58.277888	1
59.293696	1
59.523072	1
59.686912	1
59.850752	1
60.04736	1
60.2112	1
60.243967999999995	1
60.342271999999994	1
121.01222399999999	2
60.53888	1
60.604416	1
60.637184	1
182.00985599999998	3
60.70272	1
182.501376	3
60.86656	1
121.86419199999999	2
60.997631999999996	1
61.063168	1
122.19187199999999	2
183.386112	3
183.48441599999998	3
122.454016	2
183.779328	3
61.292544	1
184.270848	3
61.456384	1
122.978304	2
246.218752	4
123.17491199999999	2
61.620224	1
61.652992	1
123.50259199999999	2
124.092416	2
62.078976	1
124.485632	2
124.87884799999999	2
63.094784	1
63.291391999999995	1
63.553535999999994	1
64.372736	1
65.585152	1
66.7648	1
67.09248	1
68.124672	1
87.39225599999999	1
91.193344	1
93.421568	1
108.036096	1
110.85414399999999	1
112.099328	1
113.21343999999999	1
120.81561599999999	1
121.40544	1
121.798656	1
121.86419199999999	1
122.19187199999999	1
