0.44684799999999997	1
0.451968	1
0.45606399999999997	1
0.461952	1
0.478336	1
0.48243199999999997	1
0.487552	1
0.48908799999999997	1
0.490112	1
0.49036799999999997	1
0.49216	1
0.492928	1
0.493952	1
0.49497599999999997	1
0.496768	1
0.49779199999999996	1
0.498048	1
0.49856	1
0.5013759999999999	1
0.501888	1
0.502656	1
0.503168	1
0.504192	1
0.504448	1
0.5080319999999999	1
0.509056	1
0.509312	1
0.511104	1
0.511616	1
0.511872	1
1.024768	2
0.515968	1
0.516224	1
0.516992	1
0.518016	1
0.518528	1
0.51904	1
1.0411519999999999	2
0.520832	1
0.5216	1
0.52288	1
0.5231359999999999	1
0.523392	1
0.5239039999999999	1
0.525056	1
0.52608	1
1.053184	2
1.054208	2
1.582848	3
0.529664	1
1.060352	2
0.5306879999999999	1
0.531712	1
0.532224	1
1.5997439999999998	3
2.137088	4
0.5347839999999999	1
1.070592	2
0.535808	1
1.07264	2
1.073664	2
1.076736	2
0.53888	1
0.539392	1
1.0798079999999999	2
1.080832	2
1.622784	3
1.0828799999999998	2
1.083904	2
1.084928	2
1.628928	3
0.543488	1
0.5439999999999999	1
2.178048	4
1.6350719999999999	3
0.545536	1
1.092096	2
0.5465599999999999	1
0.547072	1
1.642752	3
0.548096	1
2.194432	4
1.0982399999999999	2
0.549632	1
0.550144	1
2.75584	5
1.10336	2
1.104384	2
1.105408	2
3.319296	6
2.214912	4
1.66272	3
1.664256	3
2.221056	4
1.667328	3
0.556288	1
1.1136	2
0.557824	1
0.5583359999999999	1
1.676544	3
1.67808	3
1.120768	2
1.121792	2
1.684224	3
1.12384	2
1.687296	3
1.6888319999999999	3
2.253824	4
3.3838079999999997	6
1.6934399999999998	3
1.6949759999999998	3
3.393024	6
2.8300799999999997	5
1.70112	3
1.702656	3
2.272256	4
2.274304	4
3.414528	6
1.7087999999999999	3
2.8505599999999998	5
0.570624	1
2.284544	4
2.2865919999999997	4
2.28864	4
2.8633599999999997	5
0.573184	1
2.294784	4
2.87104	5
0.57472	1
1.150464	2
1.7272319999999999	3
2.305024	4
2.8838399999999997	5
2.30912	4
1.155584	2
1.734912	3
2.315264	4
2.8966399999999997	5
2.31936	4
2.321408	4
1.742592	3
2.325504	4
1.7456639999999999	3
2.3296	4
2.3336959999999998	4
1.7518079999999998	3
2.337792	4
1.75488	3
2.341888	4
4.687872	8
1.172992	2
3.522048	6
3.52512	6
3.5281919999999998	6
5.296895999999999	9
2.356224	4
2.358272	4
2.9503999999999997	5
2.95296	5
2.95552	5
1.1832319999999998	2
2.368512	4
1.77792	3
2.372608	4
2.96832	5
4.159231999999999	7
1.7840639999999999	3
1.7855999999999999	3
1.7871359999999998	3
4.769792	8
2.9836799999999997	5
2.388992	4
4.18432	7
3.589632	6
1.1985919999999999	2
2.99904	5
2.40128	4
0.6008319999999999	1
2.405376	4
5.416704	9
3.6142079999999996	6
2.41152	4
1.810176	3
1.811712	3
3.02208	5
2.419712	4
1.81632	3
1.2119039999999999	2
4.851712	8
1.213952	2
2.429952	4
3.04	5
3.6510719999999997	6
1.218048	2
1.828608	3
3.660288	6
3.0528	5
2.444288	4
3.669504	6
1.224192	2
4.900863999999999	8
3.6787199999999998	6
0.613632	1
4.299008	7
3.6879359999999997	6
4.9213439999999995	8
3.0784	5
6.161919999999999	10
4.933631999999999	8
4.320512	7
1.2354559999999999	2
3.70944	6
4.950016	8
3.09632	5
1.239552	2
2.481152	4
3.1039999999999996	5
6.21312	10
4.352768	7
4.978688	8
4.359935999999999	7
0.62336	1
5.614847999999999	9
3.746304	6
3.749376	6
6.25408	10
3.7555199999999997	6
5.011456	8
1.8808319999999998	3
6.27456	10
3.767808	6
5.027839999999999	8
5.031936	8
2.518016	4
4.410112	7
2.522112	4
6.3104	10
4.420864	7
1.264128	2
3.16288	5
4.431616	7
4.4352	7
2.536448	4
3.17312	5
5.081087999999999	8
3.1782399999999997	5
5.08928	8
3.820032	6
4.460287999999999	7
3.1884799999999998	5
2.552832	4
5.74848	9
3.19616	5
5.117952	8
3.8415359999999996	6
4.485376	7
3.84768	6
5.776128	9
5.780736	9
3.856896	6
5.7899519999999995	9
2.57536	4
5.799168	9
3.22432	5
9.68064	15
5.8129919999999995	9
5.8176	9
3.881472	6
7.121664	11
5.831424	9
4.539136	7
3.89376	6
4.546304	7
5.849856	9
7.155456	11
2.6040319999999997	4
3.9091199999999997	6
3.9121919999999997	6
4.567807999999999	7
5.224448	8
5.228543999999999	8
3.92448	6
7.855104	12
5.240832	8
3.933696	6
5.905151999999999	9
4.59648	7
4.600064	7
3.9459839999999997	6
3.29088	5
4.610816	7
2.6368	4
5.937408	9
3.30112	5
5.285888	8
5.289984	8
5.29408	8
6.622719999999999	10
6.62784	10
5.969664	9
3.3190399999999998	5
3.3215999999999997	5
1.9944959999999998	3
3.9920639999999996	6
5.992704	9
3.3318399999999997	5
6.00192	9
8.676096	13
8.014847999999999	12
6.015744	9
5.351424	8
4.68608	7
4.019712	6
4.022784	6
5.367808	8
2.685952	4
6.048	9
3.3625599999999998	5
2.692096	4
2.0206079999999997	3
1.348096	2
4.047359999999999	6
5.400576	8
8.107008	12
2.7043839999999997	4
4.059648	6
6.771199999999999	10
7.453951999999999	11
3.39072	5
4.071936	6
2.0375039999999998	3
2.71872	4
7.482112	11
6.80704	10
5.4497279999999995	8
2.726912	4
5.45792	8
2.7310079999999997	4
4.7828479999999995	7
4.102656	6
5.474304	8
4.1088	6
2.7412479999999997	4
4.800768	7
6.177023999999999	9
4.807936	7
7.56096	11
6.190848	9
5.507072	8
2.066688	3
4.825856	7
4.82944	7
6.213888	9
6.218496	9
5.531648	8
2.7678719999999997	4
1.38496	2
4.850944	7
2.774016	4
7.634176	11
5.556223999999999	8
6.950399999999999	10
4.173312	6
6.96064	10
2.786304	4
2.7883519999999997	4
2.0928	3
4.886784	7
5.588992	8
2.796544	4
8.395776	12
5.60128	8
4.904704	7
6.310656	9
3.50848	5
5.6176639999999995	8
4.91904	7
4.922624	7
6.333696	9
5.634048	8
2.819072	4
7.75808	11
0.705792	1
5.6504319999999995	8
2.827264	4
2.829312	4
5.662719999999999	8
6.3751679999999995	9
2.8354559999999998	4
4.965631999999999	7
9.938431999999999	14
4.2623999999999995	6
4.265472	6
6.402816	9
5.695488	8
4.274687999999999	6
5.703679999999999	8
7.848192	11
5.711872	8
3.5724799999999997	5
5.005056	7
5.7241599999999995	8
2.864128	4
2.149632	3
7.17056	10
2.870272	4
4.308479999999999	6
4.311552	6
5.033728	7
5.037312	7
5.761024	8
4.32384	6
3.6057599999999996	5
3.60832	5
3.61088	5
2.890752	4
5.062399999999999	7
2.894848	4
7.24224	10
4.348415999999999	6
5.801984	8
4.35456	6
2.9050879999999997	4
2.907136	4
5.091072	7
2.911232	4
5.82656	8
1.4576639999999998	2
2.917376	4
8.028416	11
4.382207999999999	6
5.11616	7
4.388351999999999	6
3.6595199999999997	5
6.591743999999999	9
3.66464	5
8.06784	11
4.403712	6
5.875712	8
5.144832	7
5.148416	7
2.944	4
5.155584	7
6.633216	9
5.162751999999999	7
4.428288	6
2.21568	3
2.956288	4
5.916672	8
3.7004799999999998	5
6.665471999999999	9
3.7056	5
5.191424	7
2.9685759999999997	4
4.4559359999999995	6
3.71584	5
9.66784	13
4.465152	6
4.468224	6
5.961728	8
2.982912	4
2.23872	3
4.480512	6
2.241792	3
6.729984	9
3.74144	5
5.2416	7
2.997248	4
2.249472	3
3.001344	4
4.505088	6
3.7567999999999997	5
5.263103999999999	7
4.514304	6
6.023168	8
3.013632	4
6.031359999999999	8
6.7898879999999995	9
4.5296639999999995	6
5.288192	7
4.535807999999999	6
6.051839999999999	8
9.083904	12
2.272512	3
5.306112	7
2.275584	3
3.7952	5
3.038208	4
7.600639999999999	10
2.2817279999999998	3
6.849792	9
5.3312	7
3.048448	4
7.626239999999999	10
7.63136	10
3.81824	5
5.34912	7
1.529344	2
6.8866559999999994	9
1.5313919999999999	2
4.60032	6
3.0689279999999997	4
2.303232	3
7.68256	10
4.612608	6
3.07712	4
3.84896	5
7.70304	10
3.083264	4
1.542656	2
3.08736	4
6.178815999999999	8
8.501503999999999	11
3.093504	4
7.73888	10
6.9696	9
2.3247359999999997	3
6.203392	8
5.431552	7
3.1057919999999997	4
10.10048	13
3.1098879999999998	4
3.88992	5
6.227968	8
3.1160319999999997	4
4.6771199999999995	6
1.560064	2
3.90272	5
3.124224	4
4.689407999999999	6
3.12832	4
4.695552	6
8.614144	11
3.91808	5
5.4888959999999996	7
5.49248	7
4.7109119999999995	6
3.92832	5
4.7170559999999995	6
5.506816	7
4.723199999999999	6
3.93856	5
4.729344	6
7.098624	9
7.103231999999999	9
6.31808	8
3.9513599999999998	5
5.535488	7
3.165184	4
4.7508479999999995	6
6.338559999999999	8
3.171328	4
2.380032	3
2.3815679999999997	3
7.94368	10
3.9743999999999997	5
2.386176	3
3.183616	4
1.592832	2
3.9846399999999997	5
5.5820799999999995	7
4.787712	6
4.7907839999999995	6
3.1959039999999996	4
5.596416	7
8.0	10
1.601024	2
4.00512	5
12.02304	15
4.812288	6
4.0127999999999995	5
4.818432	6
4.821504	6
4.02048	5
4.827648	6
4.0256	5
5.639424	7
6.449152	8
5.646592	7
5.650176	7
8.0768	10
6.465535999999999	8
1.617408	2
5.664511999999999	7
9.716736	12
2.43072	3
0.8107519999999999	1
5.6788479999999995	7
4.058879999999999	5
5.6860159999999995	7
4.064	5
3.2532479999999997	4
3.255296	4
5.700352	7
3.259392	4
3.26144	4
7.342848	9
8.980224	11
3.267584	4
4.08704	5
3.27168	4
4.09216	5
3.275776	4
2.458368	3
3.2798719999999997	4
4.102399999999999	5
0.8209919999999999	1
9.858048	12
2.466048	3
5.757696	7
1.64608	2
3.294208	4
3.2962559999999996	4
4.122879999999999	5
4.12544	5
3.3024	4
4.13056	5
2.479872	3
3.308544	4
4.13824	5
6.62528	8
3.314688	4
6.633471999999999	8
5.807872	7
8.30208	10
4.984319999999999	6
4.15616	5
1.6634879999999999	2
8.32256	10
3.331072	4
4.99968	6
5.002752	6
11.680256	14
2.504448	3
7.517951999999999	9
5.01504	6
1.672704	2
5.021184	6
3.349504	4
5.027328	6
10.0608	12
3.355648	4
2.518272	3
8.39936	10
5.042688	6
5.04576	6
3.365888	4
5.893888	7
2.527488	3
4.21504	5
3.3740799999999997	4
3.376128	4
4.22272	5
2.535168	3
4.22784	5
0.8460799999999999	1
5.079552	6
5.082624	6
3.3904639999999997	4
4.24064	5
7.637759999999999	9
3.3966079999999996	4
7.6469759999999996	9
4.2508799999999995	5
5.104127999999999	6
1.7024	2
8.51712	10
5.113344	6
5.116416	6
7.679232	9
5.12256	6
3.4170879999999997	4
5.9834879999999995	7
4.276479999999999	5
6.846464	8
5.99424	7
4.28416	5
7.716095999999999	9
10.294272	12
8.58368	10
3.43552	4
7.734528	9
8.59904	10
8.60416	10
6.026496	7
3.44576	4
2.5858559999999997	3
3.449856	4
4.31488	5
3.4539519999999997	4
4.319999999999999	5
6.916096	8
6.055168	7
3.462144	4
1.7320959999999999	2
3.46624	4
8.67072	10
4.3379199999999996	5
7.812863999999999	9
8.68608	10
6.0838399999999995	7
5.217792	6
9.571584	11
6.965248	8
6.9693439999999995	8
4.3584	5
6.977536	8
4.363519999999999	5
2.6196479999999998	3
5.242368	6
1.7484799999999998	2
5.248512	6
3.5010559999999997	4
3.503104	4
7.010304	8
7.8911999999999995	9
8.77312	10
3.5112959999999998	4
4.39168	5
3.515392	4
7.9142399999999995	9
1.759744	2
3.5215359999999998	4
7.928064	9
7.051264	8
2.6457599999999997	3
4.41216	5
7.063552	8
3.5338239999999996	4
3.535872	4
7.960319999999999	9
2.654976	3
8.855039999999999	10
5.316096	6
7.092224	8
6.20928	7
7.9879679999999995	9
6.216448	7
9.774336	11
6.223616	7
6.2272	7
7.120896	8
5.343744	6
7.129087999999999	8
9.808128	11
2.6764799999999997	3
3.5706879999999996	4
4.46592	5
12.511744	14
5.365247999999999	6
6.263039999999999	7
4.47616	5
9.853183999999999	11
6.273791999999999	7
5.380608	6
9.87008	11
5.3867519999999995	6
5.389824	6
3.595264	4
8.093952	9
5.399039999999999	6
6.302464	7
9.00864	10
5.408256	6
7.215103999999999	8
8.121599999999999	9
11.737855999999999	13
7.227392	8
7.231488	8
5.4266879999999995	6
7.23968	8
9.05472	10
7.247872	8
7.251968	8
9.977088	11
1.81504	2
9.988351999999999	11
5.451264	6
7.272448	8
7.2765439999999995	8
2.73024	3
8.195328	9
5.4666239999999995	6
8.204544	9
5.472767999999999	6
7.30112	8
7.305216	8
1.8273279999999998	2
6.399232	7
2.744064	3
10.0672	11
9.157119999999999	10
9.162239999999999	10
7.333888	8
13.758719999999999	15
6.42432	7
5.509632	6
3.6751359999999997	4
7.354368	8
6.438656	7
6.44224	7
8.287488	9
9.21344	10
8.296704	9
10.146048	11
7.383039999999999	8
6.463743999999999	7
7.391232	8
12.941823999999999	14
10.174208	11
7.403519999999999	8
7.407616	8
3.705856	4
7.415807999999999	8
6.4924159999999995	7
5.568	6
7.428096	8
10.219263999999999	11
9.295359999999999	10
7.440384	8
12.09728	13
8.379648	9
5.589504	6
6.524672	7
11.191296	12
3.73248	4
10.269952	11
0.934144	1
8.411904	9
10.286847999999999	11
8.42112	9
2.808576	3
4.68352	5
7.4977279999999995	8
4.6886399999999995	5
8.44416	9
6.571263999999999	7
6.574847999999999	7
10.337536	11
4.70144	5
8.4672	9
4.70656	5
7.534592	8
11.308031999999999	12
10.371328	11
8.49024	9
5.663232	6
8.499456	9
11.338752	12
9.45408	10
8.51328	9
9.464319999999999	10
2.840832	3
12.316927999999999	13
8.531711999999999	9
5.69088	6
7.591936	8
14.24256	15
7.600128	8
10.455808	11
2.8531199999999997	3
6.660864	7
6.664447999999999	7
4.76288	5
7.6247039999999995	8
9.536	10
4.77056	5
3.8184959999999997	4
10.506496	11
5.733887999999999	6
11.47392	12
7.653376	8
8.614656	9
11.492352	12
8.623872	9
9.5872	10
4.7961599999999995	5
9.597439999999999	10
6.721792	7
13.450752	14
6.72896	7
8.656127999999999	9
8.660736	9
6.739712	7
6.743296	7
5.78304	6
9.643519999999999	10
2.894592	3
10.619136	11
4.82944	5
6.764799999999999	7
6.768383999999999	7
5.804544	6
4.8396799999999995	5
3.873792	4
12.59648	13
3.877888	4
5.819903999999999	6
8.734464	9
13.594111999999999	14
9.7152	10
4.86016	5
5.835264	6
14.595839999999999	15
8.762112	9
8.76672	9
15.593471999999998	16
12.676352	13
7.804927999999999	8
9.76128	10
8.78976	9
6.840064	7
6.843648	7
4.89088	5
6.850816	7
8.8128	9
11.756544	12
5.8813439999999995	6
4.90368	5
8.831232	9
8.83584	9
7.858175999999999	8
5.896704	6
7.866368	8
4.91904	5
5.90592	6
4.92416	5
6.8974079999999995	7
10.844415999999999	11
8.877312	9
2.9606399999999997	3
9.87392	10
8.891136	9
10.872575999999999	11
7.911423999999999	8
2.96832	3
8.909568	9
4.952319999999999	5
6.936832	7
9.91488	10
6.944	7
5.9550719999999995	6
5.958144	6
8.941824	9
4.9702399999999995	5
7.95648	8
5.970432	6
3.9823359999999997	4
4.98048	5
2.989824	3
5.98272	6
7.981056	8
16.968448	17
11.983872	12
6.9941759999999995	7
10.99648	11
8.001536	8
15.01056	15
11.013376	11
11.019008	11
8.01792	8
5.0137599999999996	5
5.0163199999999994	5
11.041535999999999	11
4.017151999999999	4
10.048	10
4.021248	4
8.046592	8
7.044352	7
10.06848	10
8.05888	8
11.086592	11
13.108991999999999	13
14.124544	14
4.037631999999999	4
6.05952	6
6.0625919999999995	6
10.10944	10
7.080191999999999	7
8.095744	8
5.062399999999999	5
4.051968	4
6.081023999999999	6
9.126144	9
7.101696	7
6.09024	6
11.171071999999999	11
5.0803199999999995	5
4.066304	4
6.1025279999999995	6
7.1232	7
9.163008	9
8.148992	8
3.0574079999999997	3
9.176832	9
6.120959999999999	6
8.165376	8
9.190655999999999	9
6.130176	6
14.310912	14
5.1136	5
5.11616	5
4.094976	4
13.315328	13
6.148607999999999	6
6.15168	6
9.232128	9
10.26304	10
12.321792	12
9.245951999999999	9
5.1392	5
7.1984639999999995	7
5.14432	5
11.323136	11
10.298879999999999	10
6.1823999999999995	6
3.092736	3
7.219968	7
6.191616	6
6.194687999999999	6
5.1648	5
5.1673599999999995	5
5.169919999999999	5
2.0689919999999997	2
5.17504	5
5.1776	5
6.2161919999999995	6
6.219264	6
6.222335999999999	6
6.225408	6
7.266559999999999	7
6.231552	6
8.312832	8
4.1584639999999995	4
5.20064	5
4.16256	4
7.288063999999999	7
4.166656	4
3.126528	3
5.213439999999999	5
6.2592	6
3.1311359999999997	3
4.176896	4
9.402624	9
3.135744	3
6.27456	6
6.277632	6
8.374272	8
8.378368	8
4.191231999999999	4
5.2416	5
17.834495999999998	17
18.902016	18
9.460224	9
9.469439999999999	9
27.382783999999997	26
9.487872	9
15.828479999999999	15
21.12512	20
19.03104	18
16.932864	16
15.88992	15
10.60352	10
10.61376	10
13.8112	13
10.63424	10
14.902272	14
8.523776	8
10.664959999999999	10
7.472639999999999	7
9.616895999999999	9
7.486975999999999	7
11.776512	11
16.07424	15
11.79904	11
3.220992	3
9.672191999999999	9
21.514239999999997	20
12.920831999999999	12
18.32192	17
19.418112	18
17.276927999999998	16
11.889152	11
17.309696	16
12.99456	12
16.25856	15
8.679424	8
16.289279999999998	15
13.043712	12
7.616	7
13.068287999999999	12
11.990528	11
6.546431999999999	6
12.013055999999999	11
9.83808	9
13.129728	12
15.332351999999998	14
14.250496	13
7.680511999999999	7
14.27712	13
8.794112	8
8.802304	8
13.215743999999999	12
14.330368	13
7.72352	7
19.878912	18
13.264896	12
5.53216	5
17.719296	16
12.19328	11
8.876032	8
13.326336	12
14.450175999999999	13
5.56288	5
12.2496	11
8.916992	8
8.925184	8
16.75008	15
11.17696	10
14.54336	13
15.676416	14
11.20768	10
20.192256	18
7.859712	7
8.99072	8
10.123776	9
14.636543999999999	13
12.396032	11
19.174912	17
16.9344	15
13.559807999999999	12
11.31008	10
5.660159999999999	5
11.33056	10
11.3408	10
7.945728	7
13.633536	12
5.68576	5
10.243584	9
9.1136	8
9.121792	8
6.847487999999999	6
7.9959039999999995	7
10.289664	9
8.01024	7
16.034816	14
6.878208	6
9.179136	8
14.929407999999999	13
12.643839999999999	11
8.053248	7
10.363392	9
6.915071999999999	6
13.842431999999999	12
15.009279999999999	13
10.400255999999999	9
10.409472	9
6.945792	6
4.634624	4
6.95808	6
11.60704	10
9.293823999999999	8
8.139263999999999	7
12.801535999999999	11
11.648	10
8.160768	7
9.334783999999999	8
9.342976	8
10.520064	9
7.01952	6
22.247936	19
3.515904	3
7.037952	6
9.392128	8
4.7001599999999994	4
9.408512	8
7.0625279999999995	6
11.78112	10
8.253952	7
9.441279999999999	8
8.268288	7
9.457664	8
9.465855999999999	8
13.026816	11
7.11168	6
5.93152	5
11.87328	10
7.130112	6
10.704384	9
7.142399999999999	6
9.531392	8
7.154687999999999	6
9.547775999999999	8
9.555968	8
17.9328	15
9.572352	8
13.173248	11
2.3971839999999998	2
4.798464	4
8.40448	7
14.419967999999999	12
8.418816	7
14.444543999999999	12
8.433152	7
7.23456	6
10.861056	9
7.246848	6
4.835328	4
8.468992	7
1.21088	1
9.695231999999999	8
4.851712	4
4.855808	4
8.504832	7
8.512	7
6.08512	5
6.09024	5
12.190719999999999	10
6.10048	5
12.2112	10
9.777152	8
9.785344	8
9.793536	8
13.477376	11
13.48864	11
9.818112	8
7.369727999999999	6
11.063808	9
9.842687999999999	8
7.38816	6
9.859072	8
11.100672	9
3.703296	3
6.17728	5
3.70944	3
9.900032	8
16.100863999999998	13
4.958208	4
8.684032	7
8.6912	7
1.242624	1
7.461888	6
4.978688	4
9.965568	8
8.727039999999999	7
2.495488	2
2.4975359999999998	2
6.248959999999999	5
5.003264	4
8.76288	7
7.517183999999999	6
8.777216	7
5.019648	4
10.047488	8
2.5139199999999997	2
5.031936	4
6.295039999999999	5
5.040128	4
6.30528	5
3.78624	3
6.315519999999999	5
6.32064	5
6.32576	5
6.33088	5
2.536448	2
5.076992	4
7.621632	6
7.627776	6
5.08928	4
7.640064	6
7.646208	6
10.203135999999999	8
7.6584959999999995	6
5.10976	4
6.39232	5
10.235904	8
5.1220479999999995	4
5.126144	4
7.69536	6
2.5671679999999997	2
5.138432	4
3.856896	3
7.719936	6
10.30144	8
9.020928	7
7.7383679999999995	6
2.581504	2
10.334208	8
5.1712	4
16.819712	13
2.589696	2
6.47936	5
2.593792	2
7.78752	6
3.896832	3
5.199872	4
6.50496	5
6.510079999999999	5
3.9091199999999997	3
6.52032	5
9.135615999999999	7
5.224448	4
5.228543999999999	4
3.92448	3
2.618368	2
1.310208	1
3.933696	3
2.6245119999999997	2
3.93984	3
11.828736	9
9.207296	7
2.632704	2
2.6347519999999998	2
1.3184	1
5.277696	4
7.922688	6
6.60736	5
7.934976	6
2.64704	2
1.3255679999999999	1
7.9595519999999995	6
3.9828479999999997	3
5.31456	4
10.637312	8
6.65344	5
10.653696	8
7.996416	6
2.6675199999999997	2
5.339136	4
4.007423999999999	3
2.673664	2
4.013568	3
5.355519999999999	4
6.69952	5
9.386496	7
2.683904	2
4.028928	3
6.72	5
4.0350719999999995	3
4.038144	3
2.694144	2
2.696192	2
10.792959999999999	8
2.700288	2
2.7043839999999997	2
4.059648	3
10.833919999999999	8
5.421056	4
2.712576	2
5.429247999999999	4
1.35936	1
4.0811519999999994	3
5.445632	4
5.4497279999999995	4
8.180736	6
5.45792	4
5.462015999999999	4
6.83264	5
1.3675519999999999	1
4.105728	3
5.4784	4
5.482495999999999	4
12.344832	9
2.745344	2
1.373696	1
1.37472	1
4.127232	3
5.507072	4
2.755584	2
2.757632	2
6.8991999999999996	5
4.142592	3
6.90944	5
4.1487359999999995	3
5.535743999999999	4
4.1548799999999995	3
8.315904	6
2.774016	2
2.776064	2
2.7781119999999997	2
6.950399999999999	5
6.95552	5
2.784256	2
5.572608	4
4.182528	3
2.7904	2
5.584896	4
6.98624	5
9.787904	7
5.60128	4
7.00672	5
4.207104	3
4.210176	3
2.8088319999999998	2
5.62176	4
2.812928	2
2.8149759999999997	2
2.817024	2
5.638144	4
2.82112	2
8.469503999999999	6
4.237824	3
4.240896	3
7.07328	5
9.90976	7
1.416704	1
4.253184	3
2.837504	2
7.098879999999999	5
2.8415999999999997	2
5.687296	4
2.845696	2
2.847744	2
7.124479999999999	5
2.8518399999999997	2
1.427968	1
7.144959999999999	5
5.720064	4
5.7241599999999995	4
4.296192	3
2.8682239999999997	2
5.740544	4
4.308479999999999	3
2.874368	2
4.314624	3
2.8784639999999997	2
4.320768	3
4.32384	3
5.769216	4
8.659968	6
5.777407999999999	4
7.2268799999999995	5
4.3392	3
1.447424	1
1.448448	1
1.4494719999999999	1
7.252479999999999	5
1.45152	1
4.357632	3
5.814272	4
4.363776	3
8.733696	6
1.45664	1
1.4576639999999998	1
7.2934399999999995	5
4.382207999999999	3
5.84704	4
2.9255679999999997	2
5.855232	4
1.464832	1
4.397568	3
2.9358079999999998	2
5.879808	4
2.9419519999999997	2
1.472	1
1.473024	1
5.896192	4
4.425216	3
10.332671999999999	7
5.90848	4
1.478144	1
2.960384	2
2.9624319999999997	2
1.48224	1
2.966528	2
1.4842879999999998	1
2.9726719999999998	2
1.48736	1
7.44192	5
4.468224	3
2.980864	2
2.982912	2
4.47744	3
2.987008	2
4.483584	3
2.993152	2
2.9952	2
1.498624	1
4.498944	3
1.500672	1
6.006784	4
3.0054399999999997	2
3.007488	2
6.0190719999999995	4
3.011584	2
1.506816	1
3.0156799999999997	2
3.017728	2
4.5296639999999995	3
7.559679999999999	5
4.53888	3
3.030016	2
7.580159999999999	5
3.0361599999999997	2
3.038208	2
1.520128	1
3.0423039999999997	2
3.044352	2
4.569599999999999	3
1.524224	1
3.050496	2
4.578816	3
4.581888	3
4.58496	3
1.530368	1
1.5313919999999999	1
7.66208	5
6.13376	4
1.5344639999999998	1
6.141952	4
3.0730239999999998	2
1.537536	1
1.53856	1
4.618752	3
4.621824	3
3.083264	2
1.542656	1
1.5447039999999999	1
4.6371839999999995	3
3.093504	2
7.744	5
1.5498239999999999	1
4.655616	3
1.5528959999999998	1
1.55392	1
1.5549439999999999	1
1.555968	1
3.113984	2
1.5580159999999998	1
3.11808	2
3.120128	2
3.124224	2
3.1262719999999997	2
3.12832	2
4.695552	3
6.264831999999999	4
4.701696	3
10.977791999999999	7
6.27712	4
3.144704	2
4.720128	3
7.87712	5
3.1528959999999997	2
1.577472	1
4.735488	3
3.15904	2
3.165184	2
1.587712	1
1.588736	1
6.359039999999999	4
4.778496	3
1.593856	1
3.1897599999999997	2
3.191808	2
4.7907839999999995	3
6.391807999999999	4
6.395904	4
3.1999999999999997	2
1.601024	1
4.806144	3
1.6030719999999998	1
1.604096	1
1.6051199999999999	1
1.606144	1
3.214336	2
3.2163839999999997	2
1.609216	1
1.61024	1
1.611264	1
1.6133119999999999	1
3.23072	2
4.849152	3
4.852224	3
6.4737279999999995	4
1.619456	1
1.62048	1
4.8645119999999995	3
3.245056	2
1.6235519999999999	1
3.249152	2
3.2512	2
3.255296	2
3.257344	2
1.629696	1
1.632768	1
1.6348159999999998	1
3.2737279999999997	2
3.275776	2
3.2798719999999997	2
4.925952	3
1.643008	1
1.6450559999999999	1
1.647104	1
3.2962559999999996	2
1.649152	1
1.6501759999999999	1
3.3024	2
1.652224	1
1.6532479999999998	1
3.308544	2
1.6552959999999999	1
1.65632	1
4.975104	3
1.660416	1
4.984319999999999	3
1.662464	1
3.3269759999999997	2
1.664512	1
1.665536	1
1.667584	1
1.670656	1
3.345408	2
1.6737279999999999	1
1.674752	1
1.675776	1
6.711296	4
1.679872	1
1.682944	1
1.683968	1
1.686016	1
1.689088	1
3.3802239999999997	2
1.691136	1
5.07648	3
1.693184	1
3.388416	2
5.0856959999999996	3
1.696256	1
1.699328	1
3.4007039999999997	2
3.402752	2
1.7024	1
1.7034239999999998	1
3.408896	2
5.116416	3
1.706496	1
3.41504	2
1.709568	1
3.421184	2
3.423232	2
3.42528	2
1.7136639999999999	1
1.714688	1
3.4334719999999996	2
1.71776	1
3.439616	2
5.162496	3
1.7218559999999998	1
3.44576	2
3.4478079999999998	2
1.724928	1
3.451904	2
3.4539519999999997	2
1.730048	1
5.193216	3
3.4641919999999997	2
5.1993599999999995	3
3.468288	2
3.4703359999999996	2
3.47648	2
1.739264	1
5.223936	3
3.4846719999999998	2
1.74336	1
1.744384	1
1.7454079999999998	1
3.492864	2
1.747456	1
1.7484799999999998	1
5.248512	3
3.5010559999999997	2
3.503104	2
5.2608	3
1.7587199999999998	1
1.759744	1
1.7607679999999999	1
1.762816	1
1.7638399999999999	1
1.764864	1
3.531776	2
8.83968	5
1.769984	1
1.771008	1
3.5440639999999997	2
1.7740799999999999	1
1.775104	1
3.552256	2
1.7771519999999998	1
1.7792	1
5.340672	3
1.781248	1
1.783296	1
1.78432	1
1.7853439999999998	1
3.572736	2
1.788416	1
1.78944	1
1.7904639999999998	1
5.389824	3
1.797632	1
1.7986559999999998	1
1.79968	1
3.6014079999999997	2
5.411328	3
3.6096	2
1.8058239999999999	1
1.807872	1
1.8088959999999998	1
3.6218879999999998	2
1.811968	1
1.8140159999999999	1
1.816064	1
1.8170879999999998	1
1.8191359999999999	1
1.82016	1
1.8222079999999998	1
1.823232	1
1.82528	1
5.478911999999999	3
3.658752	2
3.6608	2
1.831424	1
1.8324479999999999	1
3.6710399999999996	2
3.673088	2
1.8406399999999998	1
3.683328	2
5.528064	3
1.843712	1
1.844736	1
1.8457599999999998	1
1.847808	1
3.6976639999999996	2
1.8508799999999999	1
1.851904	1
1.852928	1
1.8539519999999998	1
1.854976	1
3.714048	2
1.858048	1
1.860096	1
5.592575999999999	3
3.73248	2
1.868288	1
3.7386239999999997	2
1.87136	1
5.617152	3
5.620223999999999	3
1.875456	1
1.880576	1
1.8816	1
5.657088	3
1.88672	1
1.889792	1
3.7816319999999997	2
1.89184	1
1.8928639999999999	1
1.893888	1
1.894912	1
3.8021119999999997	2
3.80416	2
1.903104	1
1.9041279999999998	1
3.816448	2
3.820544	2
1.913344	1
1.915392	1
5.749248	3
5.755392	3
1.9194879999999999	1
1.921536	1
1.9225599999999998	1
1.923584	1
1.925632	1
5.78304	3
3.8615039999999996	2
3.8717439999999996	2
1.936896	1
1.9379199999999999	1
1.939968	1
1.942016	1
1.9430399999999999	1
1.945088	1
1.9461119999999998	1
5.8414079999999995	3
1.94816	1
1.9491839999999998	1
1.95328	1
3.9086079999999996	2
1.955328	1
1.957376	1
1.9594239999999998	1
1.960448	1
1.96352	1
1.966592	1
1.9676159999999998	1
1.9696639999999999	1
1.9747839999999999	1
3.95776	2
1.9809279999999998	1
1.981952	1
1.9829759999999998	1
1.984	1
1.985024	1
3.9720959999999996	2
1.9932159999999999	1
1.998336	1
1.9993599999999998	1
2.00448	1
4.017151999999999	2
2.0096	1
2.011648	1
2.0188159999999997	1
4.041728	2
2.02496	1
4.051968	2
2.033152	1
2.037248	1
2.0423679999999997	1
2.043392	1
2.0454399999999997	1
2.046464	1
2.048512	1
4.10112	2
2.051584	1
2.0556799999999997	1
6.170112	3
2.057728	1
2.061824	1
2.062848	1
4.133888	2
2.0689919999999997	1
2.07104	1
2.073088	1
4.176896	2
2.093568	1
4.19328	2
6.300672	3
2.1022719999999997	1
2.10432	1
2.108416	1
2.11456	1
4.233216	2
4.237312	2
2.120704	1
4.2496	2
4.253696	2
2.128896	1
4.27008	2
2.137088	1
2.141184	1
2.1493759999999997	1
4.302848	2
6.4604159999999995	3
4.339712	2
4.347904	2
4.356096	2
2.180096	1
2.184192	1
2.1862399999999997	1
4.384768	2
2.1964799999999998	1
2.198528	1
2.2026239999999997	1
2.20672	1
2.210816	1
2.214912	1
2.21696	1
4.450304	2
2.2272	1
2.229248	1
2.2333439999999998	1
2.23744	1
2.2394879999999997	1
2.245632	1
4.507648	2
2.2661119999999997	1
2.26816	1
2.270208	1
2.2763519999999997	1
2.284544	1
2.28864	1
2.292736	1
2.294784	1
2.2968319999999998	1
2.307072	1
4.622336	2
2.3132159999999997	1
2.31936	1
2.321408	1
2.325504	1
2.327552	1
4.663296	2
2.335744	1
2.348032	1
2.362368	1
2.388992	1
2.399232	1
2.4033279999999997	1
2.409472	1
2.41152	1
2.42176	1
2.425856	1
2.427904	1
2.444288	1
2.4606719999999997	1
2.5036799999999997	1
2.511872	1
2.5241599999999997	1
2.528256	1
2.5343999999999998	1
2.538496	1
2.5507839999999997	1
5.105664	2
2.556928	1
2.558976	1
2.5610239999999997	1
2.5671679999999997	1
2.5712639999999998	1
2.5876479999999997	1
2.593792	1
2.6040319999999997	1
2.612224	1
2.665472	1
2.6777599999999997	1
2.679808	1
2.681856	1
2.716672	1
2.72896	1
2.7412479999999997	1
2.743296	1
2.7678719999999997	1
2.78016	1
2.80064	1
2.812928	1
2.819072	1
2.827264	1
2.847744	1
2.8682239999999997	1
2.939904	1
2.970624	1
2.9952	1
3.007488	1
3.05664	1
3.060736	1
3.091456	1
3.1262719999999997	1
3.1528959999999997	1
3.177472	1
3.257344	1
3.2737279999999997	1
3.339264	1
3.392512	1
3.47648	1
3.56864	1
3.613696	1
3.625984	1
3.63008	1
3.658752	1
3.7447679999999997	1
3.816448	1
3.841024	1
3.853312	1
3.9761919999999997	1
3.990528	1
4.0847359999999995	1
4.103168	1
4.2659839999999996	1
4.331519999999999	1
4.6673919999999995	1
4.696064	1
4.724736	1
4.765696	1
4.769792	1
4.777984	1
4.810752	1
4.872192	1
4.892672	1
4.9213439999999995	1
4.962304	1
5.040128	1
5.15072	1
5.1712	1
5.179392	1
5.216256	1
5.2490239999999995	1
5.25312	1
5.281791999999999	1
5.363712	1
5.367808	1
5.408767999999999	1
5.425152	1
5.486592	1
5.5439359999999995	1
5.679104	1
5.781504	1
6.055936	1
6.105087999999999	1
6.109184	1
6.178815999999999	1
6.244352	1
6.391807999999999	1
6.633471999999999	1
6.653951999999999	1
6.8218879999999995	1
6.83008	1
7.0430719999999996	1
7.419904	1
7.510015999999999	1
7.596031999999999	1
7.600128	1
7.702528	1
7.727104	1
8.054784	1
8.2432	1
8.507392	1
8.556543999999999	1
8.703999999999999	1
9.03168	1
9.203712	1
9.981952	1
10.457087999999999	1
11.014144	1
11.407359999999999	1
20.60288	1
21.192704	1
22.667264	1
23.273471999999998	1
27.549695999999997	1
28.172287999999998	1
29.695999999999998	1
29.712384	1
61.358079999999994	2
31.17056	1
31.301631999999998	1
31.514623999999998	1
31.694847999999997	1
32.186368	1
46.77632	1
49.954816	1
55.394304	1
56.016895999999996	1
57.7536	1
58.08128	1
58.114048	1
58.179584	1
58.24512	1
58.310655999999994	1
58.769408	1
59.195392	1
59.228159999999995	1
59.555839999999996	1
59.752447999999994	1
59.817983999999996	1
59.850752	1
119.76704	2
60.080127999999995	1
180.731904	3
120.553472	2
60.37504	1
60.440576	1
60.506111999999995	1
60.604416	1
60.637184	1
60.669951999999995	1
60.70272	1
60.735488	1
121.798656	2
60.932095999999994	1
61.0304	1
244.252672	4
61.095935999999995	1
61.19424	1
183.68102399999998	3
122.51955199999999	2
61.292544	1
61.358079999999994	1
184.172544	3
122.84723199999999	2
61.489152	1
123.240448	2
61.685759999999995	1
185.155584	3
61.784063999999994	1
61.915136	1
61.947903999999994	1
61.980672	1
62.013439999999996	1
62.046208	1
62.275583999999995	1
124.74777599999999	2
62.50496	1
62.537727999999994	1
62.865407999999995	1
79.200256	1
86.605824	1
87.6544	1
87.916544	1
88.113152	1
90.669056	1
122.84723199999999	1
130.318336	1
0.46912	1
0.47603199999999996	1
0.480128	1
0.49036799999999997	1
0.49241599999999996	1
0.494208	1
0.496256	1
0.5021439999999999	1
0.50368	1
0.505728	1
0.507008	1
0.5072639999999999	1
0.5088	1
0.509312	1
0.511104	1
0.512128	1
0.512384	1
0.513408	1
0.5146879999999999	1
0.515712	1
0.5164799999999999	1
0.516736	1
0.51776	1
0.518784	1
0.521088	1
0.521344	1
0.523392	1
0.523648	1
0.524544	1
0.525056	1
0.5255679999999999	1
0.52608	1
1.5813119999999998	3
0.527616	1
1.0562559999999999	2
0.52864	1
1.058304	2
0.529664	1
0.530176	1
1.0613759999999999	2
0.5312	1
0.531712	1
1.065472	2
0.53376	1
0.534272	1
1.0695679999999999	2
0.535296	1
0.535808	1
0.53632	1
1.073664	2
0.5373439999999999	1
0.537856	1
0.538368	1
1.6166399999999999	3
3.2394239999999996	6
0.540928	1
1.0828799999999998	2
0.541952	1
3.254784	6
0.543488	1
2.1759999999999997	4
1.6335359999999999	3
0.545024	1
0.546048	1
1.0931199999999999	2
0.547072	1
0.548096	1
0.548608	1
0.549632	1
2.200576	4
0.5506559999999999	1
1.6535039999999999	3
0.55168	1
0.552192	1
1.1064319999999999	2
1.107456	2
1.10848	2
1.110528	2
1.6703999999999999	3
0.557312	1
1.115648	2
1.6750079999999998	3
2.235392	4
1.67808	3
1.1197439999999999	2
1.120768	2
1.121792	2
1.684224	3
1.12384	2
0.5624319999999999	1
2.251776	4
1.6903679999999999	3
0.563968	1
3.3868799999999997	6
1.1299839999999999	2
2.262016	4
5.094144	9
2.83264	5
4.53632	8
0.567552	1
2.8403199999999997	5
1.705728	3
1.1381759999999999	2
2.280448	4
1.141248	2
0.5716479999999999	1
2.8608	5
1.145344	2
3.439104	6
0.573696	1
3.445248	6
1.14944	2
1.150464	2
2.87872	5
1.152512	2
2.307072	4
1.7318399999999998	3
1.733376	3
3.469824	6
1.736448	3
2.8966399999999997	5
2.31936	4
2.321408	4
2.3234559999999997	4
1.744128	3
1.7456639999999999	3
1.165824	2
0.5834239999999999	1
0.583936	1
2.337792	4
1.75488	3
2.341888	4
1.757952	3
2.345984	4
1.761024	3
1.1750399999999999	2
2.352128	4
2.94272	5
2.356224	4
1.7687039999999998	3
1.7702399999999998	3
3.543552	6
4.728832	8
2.3664639999999997	4
2.368512	4
1.77792	3
2.96576	5
4.749312	8
4.753407999999999	8
4.162815999999999	7
4.166399999999999	7
1.191424	2
3.5773439999999996	6
1.790208	3
3.583488	6
3.58656	6
4.187904	7
5.389056	9
2.3971839999999998	4
1.799424	3
1.20064	2
1.8024959999999999	3
3.00672	5
2.407424	4
3.01184	5
3.61728	6
3.620352	6
4.227328	7
3.02208	5
0.604928	1
4.84352	8
3.02976	5
4.245248	7
3.6418559999999998	6
3.0374399999999997	5
3.04	5
1.2170239999999999	2
1.8270719999999998	3
4.266751999999999	7
3.05024	5
2.44224	4
3.666432	6
3.669504	6
3.0604799999999996	5
2.4504319999999997	4
2.45248	4
1.8408959999999999	3
1.8424319999999998	3
4.302592	7
3.07584	5
1.84704	3
5.5457279999999995	9
2.4668159999999997	4
1.234432	2
2.4709119999999998	4
3.70944	6
3.712512	6
4.954111999999999	8
3.7186559999999997	6
1.8608639999999999	3
1.8623999999999998	3
0.621312	1
5.596416	9
1.244672	2
6.851328	11
4.98688	8
2.495488	4
3.12192	5
6.248959999999999	10
5.003264	8
2.5036799999999997	4
3.13216	5
0.626944	1
6.902016	11
4.395776	7
5.65632	9
1.886976	3
3.777024	6
5.670144	9
3.783168	6
2.5241599999999997	4
1.894656	3
1.8961919999999999	3
3.7954559999999997	6
5.697792	9
1.9007999999999998	3
5.072896	8
3.807744	6
3.810816	6
4.449536	7
6.9977599999999995	11
6.36672	10
1.911552	3
7.652352	12
6.382079999999999	10
6.3872	10
1.9176959999999998	3
3.19872	5
4.4817919999999996	7
5.126144	8
5.13024	8
1.925376	3
7.707648	12
3.856896	6
1.286656	2
3.2192	5
4.510464	7
5.158912	8
5.163008	8
2.583552	4
3.8783999999999996	6
2.5876479999999997	4
0.647424	1
5.183488	8
4.539136	7
5.19168	8
7.793664	12
3.24992	5
4.553472	7
4.557056	7
2.60608	4
5.216256	8
5.220352	8
3.2652799999999997	5
2.6142719999999997	4
4.5785599999999995	7
6.54592	10
3.930624	6
3.933696	6
3.936768	6
4.59648	7
2.628608	4
3.9459839999999997	6
3.9490559999999997	6
5.2695039999999995	8
3.9551999999999996	6
4.617984	7
8.582912	13
5.946624	9
6.61248	10
3.97056	6
3.973632	6
5.965056	9
2.653184	4
4.646656	7
3.9859199999999997	6
3.32416	5
3.32672	5
4.660991999999999	7
3.998208	6
8.66944	13
3.33696	5
3.33952	5
4.010496	6
7.358207999999999	11
2.6777599999999997	4
5.359616	8
6.0341759999999995	9
2.683904	4
3.35744	5
3.36	5
4.0350719999999995	6
5.384192	8
0.673536	1
7.414528	11
5.3964799999999995	8
4.050432	6
2.026752	3
4.732672	7
0.676608	1
0.6771199999999999	1
5.421056	8
6.78144	10
2.035968	3
4.0750079999999995	6
4.75776	7
3.40096	5
3.40352	5
2.0436479999999997	3
3.4086399999999997	5
2.72896	4
5.462015999999999	8
4.099584	6
2.7351039999999998	4
2.737152	4
5.4784	8
5.482495999999999	8
4.800768	7
5.490688	8
5.494784	8
6.18624	9
2.7514879999999997	4
2.753536	4
4.133376	6
7.583488	11
8.27904	12
5.5234559999999995	8
6.218496	9
2.765824	4
4.151808	6
6.23232	9
4.850944	7
1.387008	2
3.47008	5
4.861695999999999	7
9.03552	13
4.868863999999999	7
3.48032	5
3.4828799999999998	5
2.7883519999999997	4
3.488	5
4.1886719999999995	6
11.177984	16
4.194815999999999	6
7.696128	11
4.20096	6
2.102016	3
5.609471999999999	8
3.50848	5
4.915456	7
4.21632	6
1.406464	2
6.333696	9
4.225536	6
4.2286079999999995	6
4.23168	6
2.1173759999999997	3
4.237824	6
4.947712	7
4.243968	6
4.24704	6
5.666816	8
4.253184	6
2.837504	4
3.5494399999999997	5
2.8415999999999997	4
4.265472	6
2.845696	4
3.5596799999999997	5
6.412032	9
3.5648	5
7.13472	10
4.283904	6
2.143488	3
6.435072	9
5.00864	7
5.012224	7
2.866176	4
5.736447999999999	8
3.58784	5
4.308479999999999	6
3.5929599999999997	5
6.4719359999999995	9
5.756927999999999	8
5.040896	7
4.32384	6
2.884608	4
4.329984	6
6.499584	9
5.781504	8
5.7856	8
5.065983999999999	7
7.24224	10
4.348415999999999	6
2.900992	4
8.70912	12
3.63136	5
5.814272	8
5.8183679999999995	8
6.550272	9
2.18496	3
2.9153279999999997	4
9.481472	13
5.108992	7
2.921472	4
2.92352	4
6.582528	9
5.855232	8
5.126912	7
2.9317119999999997	4
4.40064	6
3.6697599999999997	5
4.406784	6
4.4098559999999996	6
4.412928	6
8.096	11
4.419072	6
6.633216	9
4.425216	6
6.6424319999999994	9
3.6927999999999996	5
8.129792	11
7.39584	10
3.7004799999999998	5
2.221824	3
5.92896	8
6.674688	9
5.195008	7
2.2279679999999997	3
2.229504	3
5.20576	7
2.976768	4
5.957631999999999	8
2.980864	4
4.474368	6
5.22368	7
8.214272	11
4.483584	6
3.73888	5
0.748288	1
4.4928	6
4.495871999999999	6
5.9985919999999995	8
6.753024	9
3.75424	5
2.25408	3
3.007488	4
2.257152	3
6.776064	9
3.7670399999999997	5
6.785279999999999	9
5.2810239999999995	7
3.019776	4
4.532736	6
2.2679039999999997	3
4.53888	6
1.513984	2
6.060032	8
5.306112	7
5.309696	7
7.5904	10
4.557312	6
3.8003199999999997	5
2.2817279999999998	3
4.566528	6
4.569599999999999	6
5.334784	7
4.575743999999999	6
6.105087999999999	8
2.290944	3
2.29248	3
5.352704	7
4.591104	6
3.0627839999999997	4
3.83104	5
6.13376	8
4.6033919999999995	6
3.070976	4
6.1460479999999995	8
6.918912	9
5.3849599999999995	7
5.388544	7
4.621824	6
7.7081599999999995	10
6.941952	9
4.63104	6
1.5447039999999999	2
5.410048	7
3.093504	4
3.095552	4
10.0672	13
1.5498239999999999	2
5.427968	7
4.655616	6
6.988032	9
5.43872	7
4.664832	6
3.88992	5
4.670976	6
4.674048	6
4.6771199999999995	6
3.9001599999999996	5
5.463807999999999	7
5.467391999999999	7
7.0341119999999995	9
7.03872	9
3.130368	4
7.83104	10
3.134464	4
7.057151999999999	9
7.8464	10
1.570304	2
7.070976	9
6.289408	8
4.720128	6
3.936	5
6.301696	8
3.1528959999999997	4
5.521152	7
3.156992	4
7.8976	10
3.161088	4
3.1631359999999997	4
4.747776	6
4.7508479999999995	6
5.54624	7
3.171328	4
3.1733759999999998	4
7.144704	9
9.532416	12
6.359039999999999	8
5.567743999999999	7
3.183616	4
5.574911999999999	7
3.9846399999999997	5
7.176959999999999	9
3.191808	4
6.387712	8
3.9948799999999998	5
1.598976	2
5.6	7
5.603584	7
4.00512	5
2.404608	3
4.812288	6
3.2102399999999998	4
9.636864	12
1.607168	2
9.649151999999999	12
6.436864	8
5.63584	7
8.05632	10
3.224576	4
4.839936	6
4.035839999999999	5
6.46144	8
4.849152	6
6.469632	8
3.2368639999999997	4
4.858368	6
3.24096	4
0.8107519999999999	1
6.490112	8
5.6824319999999995	7
3.249152	4
3.2512	4
5.693184	7
2.441472	3
4.07168	5
4.889088	6
4.89216	6
2.447616	3
6.531072	8
3.267584	4
5.721856	7
6.54336	8
2.4552959999999997	3
6.551552	8
8.19456	10
4.0998399999999995	5
3.28192	4
3.2839679999999998	4
2.464512	3
4.932096	6
7.4027519999999996	9
2.4691199999999998	3
4.941312	6
5.768447999999999	7
4.122879999999999	5
3.3003519999999997	4
6.6048	8
4.13056	5
7.439616	9
1.654272	2
3.3105919999999998	4
2.48448	3
6.629376	8
8.291839999999999	10
4.14848	5
4.981248	6
8.3072	10
6.649856	8
1.6634879999999999	2
2.496768	3
8.327679999999999	10
6.666239999999999	8
4.16896	5
6.6744319999999995	8
5.008896	6
2.5059839999999998	3
5.85088	7
4.18176	5
3.3474559999999998	4
3.349504	4
8.378879999999999	10
3.3535999999999997	4
2.516736	3
5.875967999999999	7
3.359744	4
4.20224	5
9.25056	11
6.731776	8
6.735872	8
3.3699839999999996	4
5.901056	7
3.3740799999999997	4
9.284352	11
5.911808	7
8.45056	10
3.382272	4
4.2303999999999995	5
6.772736	8
3.388416	4
6.780927999999999	8
4.24064	5
5.0918399999999995	6
5.944064	7
5.947648	7
5.951232	7
5.104127999999999	6
4.256	5
5.110272	6
5.965567999999999	7
6.8218879999999995	8
5.972735999999999	7
6.83008	8
5.1256319999999995	6
3.419136	4
2.5658879999999997	3
5.134848	6
5.99424	7
5.140992	6
3.429376	4
8.57856	10
1.7167359999999998	2
8.588799999999999	10
2.578176	3
8.59904	10
5.162496	6
1.7218559999999998	2
5.16864	6
6.033664	7
8.62464	10
8.62976	10
5.180928	6
2.592	3
3.458048	4
2.595072	3
0.865536	1
8.66048	10
3.46624	4
7.803648	9
7.808256	9
12.153343999999999	14
6.080255999999999	7
5.21472	6
4.34816	5
6.961151999999999	8
6.094592	7
9.582848	11
7.84512	9
7.849728	9
6.981631999999999	8
5.2392959999999995	6
5.242368	6
1.7484799999999998	2
5.248512	6
7.0021119999999994	8
11.385088	13
3.505152	4
8.767999999999999	10
6.141184	7
5.266944	6
7.905024	9
7.909631999999999	9
4.3968	5
5.2792319999999995	6
7.0430719999999996	8
3.523584	4
6.169855999999999	7
3.5276799999999997	4
5.294592	6
10.595328	12
5.300736	6
3.535872	4
4.4224	5
7.079936	8
3.542016	4
5.316096	6
10.638335999999999	12
2.66112	3
6.212864	7
4.44032	5
5.331456	6
5.334528	6
8.0064	9
4.450559999999999	5
7.124992	8
8.020223999999999	9
4.45824	5
6.24512	7
4.46336	5
7.145472	8
7.1495679999999995	8
7.153664	8
4.473599999999999	5
8.057088	9
8.95744	10
4.48128	5
7.174144	8
7.17824	8
4.48896	5
5.389824	6
7.190528	8
8.99328	10
5.399039999999999	6
4.50176	5
10.810367999999999	12
9.915136	11
5.411328	6
4.512	5
4.5145599999999995	5
4.517119999999999	5
4.51968	5
8.140032	9
2.71488	3
6.338304	7
10.871808	12
1.812992	2
6.349056	7
6.35264	7
7.264256	8
6.359808	7
3.636224	4
11.824384	13
3.64032	4
6.374143999999999	7
5.4666239999999995	6
10.027776	11
6.3848959999999995	7
10.95168	12
6.3920639999999995	7
8.222976	9
9.14176	10
5.488128	6
6.4064	7
5.494272	6
8.246016	9
9.16736	10
3.668992	4
4.5888	5
3.673088	4
8.269055999999999	9
4.59648	5
5.518847999999999	6
6.44224	7
6.445824	7
3.6853759999999998	4
3.687424	4
11.068416	12
8.30592	9
3.693568	4
8.315135999999999	9
4.6220799999999995	5
6.474495999999999	7
3.7017599999999997	4
6.481663999999999	7
12.970495999999999	14
5.561856	6
4.63744	5
8.352	9
3.714048	4
2.7870719999999998	3
4.647679999999999	5
5.5802879999999995	6
10.23616	11
11.172863999999999	12
12.110591999999999	13
10.253055999999999	11
5.595648	6
4.6655999999999995	5
9.336319999999999	10
6.539008	7
5.607936	6
8.416511999999999	9
6.54976	7
10.298112	11
6.556928	7
7.4977279999999995	8
4.6886399999999995	5
8.44416	9
10.326272	11
8.453376	9
7.518208	8
6.582015999999999	7
14.112	15
5.647872	6
2.825472	3
5.6540159999999995	6
8.485631999999999	9
8.49024	9
4.71936	5
3.777536	4
2.834688	3
8.508671999999999	9
3.78368	4
5.678592	6
6.628608	7
2.842368	3
4.73984	5
5.69088	6
4.74496	5
8.545536	9
2.8500479999999997	3
9.505279999999999	10
7.60832	8
6.660864	7
1.9041279999999998	2
4.76288	5
2.859264	3
4.768	5
3.816448	4
6.682367999999999	7
1.910272	2
7.6451839999999995	8
8.60544	9
14.35008	15
5.743104	6
8.619264	9
4.79104	5
5.75232	6
6.714624	7
5.758464	6
10.562816	11
4.80384	5
1.9225599999999998	2
6.732544	7
4.81152	5
5.776896	6
15.413248	16
2.89152	3
8.679167999999999	9
7.7189119999999996	8
12.549888	13
4.82944	5
8.6976	9
6.768383999999999	7
5.804544	6
10.647295999999999	11
6.779135999999999	7
6.782719999999999	7
4.84736	5
5.819903999999999	6
6.7934719999999995	7
7.768064	8
8.74368	9
9.72032	10
4.8627199999999995	5
6.811392	7
9.73568	10
5.84448	6
5.847551999999999	6
6.825728	7
8.780543999999999	9
6.832896	7
5.85984	6
15.634431999999999	16
5.865984	6
3.9127039999999997	4
4.89344	5
6.8544	7
9.79712	10
7.841792	8
13.730303999999999	14
10.793728	11
3.92704	4
11.787263999999999	12
3.931136	4
5.899776	6
5.902848	6
1.96864	2
9.84832	10
9.853439999999999	10
5.9151359999999995	6
6.904576	7
8.88192	9
5.924352	6
6.915328	7
4.94208	5
7.911423999999999	8
7.91552	8
8.909568	9
7.923711999999999	8
5.945856	6
7.931903999999999	8
4.96	5
5.9550719999999995	6
6.951168	7
5.961215999999999	6
7.9523839999999995	8
4.972799999999999	5
8.955648	9
5.973504	6
5.976576	6
4.98304	5
5.98272	6
10.973951999999999	11
6.987007999999999	7
6.9905919999999995	7
9.991679999999999	10
8.997119999999999	9
8.001536	8
9.006336	9
12.014591999999999	12
10.01728	10
8.01792	8
8.022015999999999	8
9.029376	9
6.022656	6
10.04288	10
11.0528	11
9.047808	9
8.046592	8
13.082367999999999	13
7.047936	7
9.066239999999999	9
10.078719999999999	10
9.075455999999999	9
7.062272	7
10.09408	10
6.05952	6
13.135615999999999	13
6.065664	6
10.114559999999999	10
11.131648	11
6.074879999999999	6
5.06496	5
12.162047999999999	12
12.168192	12
7.101696	7
6.09024	6
4.062208	4
9.144575999999999	9
9.149184	9
12.205055999999999	12
7.1232	7
1.018112	1
7.130368	7
8.153088	8
8.157183999999999	8
8.16128	8
8.165376	8
1.0211839999999999	1
12.260352	12
3.066624	3
2.0454399999999997	2
5.11616	5
12.284927999999999	12
3.072768	3
9.222911999999999	9
14.353919999999999	14
7.180543999999999	7
8.210431999999999	8
3.080448	3
3.081984	3
6.16704	6
8.226816	8
5.14432	5
8.235007999999999	8
5.149439999999999	5
6.1823999999999995	6
7.216384	7
5.15712	5
8.255488	8
8.259584	8
8.263679999999999	8
8.267776	8
7.237888	7
6.206976	6
9.315071999999999	9
13.46176	13
7.252224	7
5.18272	5
8.296448	8
8.300544	8
11.41888	11
6.231552	6
4.156416	4
10.39616	10
9.361151999999999	9
10.4064	10
5.20576	5
9.374976	9
5.2108799999999995	5
9.384191999999999	9
4.1728	4
9.393407999999999	9
9.398016	9
3.1342079999999997	3
6.271488	6
11.503359999999999	11
5.23136	5
4.187136	4
6.283776	6
8.382463999999999	8
18.883584	18
15.751679999999999	15
13.664767999999999	13
14.730239999999998	14
13.691391999999999	13
11.596288	11
10.55232	10
22.181376	21
8.45824	8
5.291519999999999	5
19.067904	18
18.025983999999998	17
9.552384	9
12.7488	12
14.887936	14
12.773375999999999	12
11.720191999999999	11
10.664959999999999	10
13.877759999999999	13
13.891072	13
13.904383999999999	13
5.3529599999999995	5
17.145856	16
12.87168	12
21.47328	20
13.970944	13
12.908544	12
17.227776	16
7.54432	7
18.339328	17
11.877887999999999	11
10.80832	10
8.654848	8
11.911679999999999	11
11.922944	11
9.764351999999999	9
10.85952	10
14.130688	13
22.848	21
10.89024	10
15.260672	14
9.819647999999999	9
6.552575999999999	6
14.21056	13
8.753152	8
10.95168	10
9.865727999999999	9
10.972159999999999	10
7.687679999999999	7
12.091904	11
7.7020159999999995	7
5.5065599999999995	5
9.921024	9
8.82688	8
15.461376	14
12.159488	11
13.277184	12
12.182015999999999	11
15.51872	14
11.09504	10
11.105279999999999	10
16.67328	15
12.238336	11
10.0224	9
18.948608	17
12.272127999999999	11
15.633408	14
14.530047999999999	13
17.89952	16
7.838208	7
8.966144	8
7.852544	7
13.473792	12
11.238399999999999	10
10.123776	9
5.62944	5
7.888383999999999	7
12.407295999999999	11
14.67648	13
7.909888	7
20.358144	18
2.264064	2
9.064447999999999	8
13.60896	12
12.486144	11
5.6806399999999995	5
13.645824	12
9.105407999999999	8
9.1136	8
10.262016	9
9.129984	8
9.138176	8
12.576255999999999	11
12.58752	11
10.308095999999999	9
11.46368	10
11.47392	10
6.890496	6
11.494399999999999	10
13.805568	12
10.363392	9
3.4575359999999997	3
5.7676799999999995	5
9.23648	8
5.77792	5
3.469824	3
6.945792	6
10.427904	9
13.91616	12
5.80352	5
17.425919999999998	15
11.627519999999999	10
8.146431999999999	7
8.153599999999999	7
10.492416	9
8.167936	7
9.342976	8
8.182272	7
4.679679999999999	4
11.709439999999999	10
5.85984	5
10.556928	9
8.218112	7
12.92544	11
8.232448	7
7.0625279999999995	6
12.959232	11
12.970495999999999	11
8.26112	7
8.268288	7
8.275456	7
8.282624	7
10.658304	9
14.22336	12
10.676736	9
3.561984	3
7.130112	6
7.1362559999999995	6
9.5232	8
2.382848	2
4.769792	4
13.128191999999999	11
4.777984	4
8.36864	7
11.96544	10
7.185408	6
9.588735999999999	8
3.598848	3
10.80576	9
7.2099839999999995	6
8.418816	7
7.222271999999999	6
6.02368	5
9.64608	8
10.861056	9
4.831232	4
2.417664	2
7.259136	6
9.68704	8
7.271424	6
2.425856	2
7.2837119999999995	6
12.149759999999999	10
4.864	4
14.604287999999999	12
7.308287999999999	6
6.0953599999999994	5
6.10048	5
6.1056	5
9.777152	8
9.785344	8
14.690304	12
9.801727999999999	8
7.3574399999999995	6
11.045376	9
3.6848639999999997	3
8.605184	7
7.382015999999999	6
3.69408	3
8.626688	7
4.933631999999999	4
7.406592	6
7.412736	6
8.65536	7
4.950016	4
9.908223999999999	8
6.19776	5
2.481152	2
4.9664	4
9.940992	8
3.730944	3
3.734016	3
6.228479999999999	5
7.48032	6
3.743232	3
6.24384	5
9.998336	8
7.504896	6
8.76288	7
10.022912	8
10.031104	8
3.7647359999999996	3
12.55936	10
6.2848	5
5.031936	4
8.813056	7
10.080256	8
2.522112	2
8.83456	7
5.052416	4
12.64128	10
10.121215999999999	8
5.064704	4
6.335999999999999	5
6.34112	5
7.615488	6
7.621632	6
10.170368	8
5.08928	4
11.460096	9
11.469311999999999	9
6.3769599999999995	5
3.8292479999999998	3
7.6646399999999995	6
5.113856	4
3.8384639999999997	3
7.683071999999999	6
6.40768	5
3.84768	3
8.985088	7
7.707648	6
3.856896	3
7.719936	6
5.15072	4
5.154815999999999	4
9.028096	7
2.581504	2
7.750655999999999	6
9.0496	7
2.5876479999999997	2
5.179392	4
7.775232	6
5.187584	4
6.489599999999999	5
5.1957759999999995	4
2.599936	2
7.805952	6
7.8120959999999995	6
5.21216	4
6.52032	5
6.52544	5
6.5305599999999995	5
5.228543999999999	4
6.5408	5
1.309184	1
9.171456	7
3.933696	3
5.2490239999999995	4
3.93984	3
3.9429119999999998	3
11.837952	9
3.9490559999999997	3
3.9521279999999996	3
6.592	5
7.916544	6
2.6408959999999997	2
5.285888	4
9.257472	7
5.29408	4
5.298176	4
3.976704	3
2.653184	2
5.310464	4
9.30048	7
11.966975999999999	9
5.3227519999999995	4
3.995136	3
6.663679999999999	5
4.0012799999999995	3
2.669568	2
5.3432319999999995	4
4.010496	3
9.364991999999999	7
5.355519999999999	4
5.359616	4
9.386496	7
6.709759999999999	5
6.71488	5
2.6879999999999997	2
5.380096	4
2.692096	2
4.0412159999999995	3
9.436672	7
4.047359999999999	3
4.050432	3
2.702336	2
6.76096	5
4.059648	3
6.771199999999999	5
8.131584	6
6.78144	5
2.7146239999999997	2
4.0750079999999995	3
4.0811519999999994	3
1.361408	1
8.174591999999999	6
8.180736	6
5.45792	4
2.7310079999999997	2
4.099584	3
1.3675519999999999	1
5.474304	4
8.223744	6
8.229887999999999	6
5.490688	4
6.86848	5
2.74944	2
9.630208	7
2.753536	2
1.377792	1
2.757632	2
2.75968	2
2.7617279999999997	2
1.381888	1
4.1487359999999995	3
4.151808	3
8.309759999999999	6
4.157952	3
5.548032	4
2.776064	2
8.334336	6
2.78016	2
8.346624	6
1.392128	1
4.179456	3
4.182528	3
4.1856	3
8.377343999999999	6
2.794496	2
1.398272	1
4.197888	3
2.80064	2
5.605376	4
7.011839999999999	5
4.210176	3
5.6176639999999995	4
7.0272	5
4.219392	3
1.4074879999999999	1
8.451072	6
2.819072	2
2.82112	2
4.234751999999999	3
5.6504319999999995	4
5.654528	4
5.658624	4
5.662719999999999	4
4.250112	3
4.253184	3
9.931263999999999	7
5.679104	4
7.104	5
7.11424	5
1.423872	1
4.274687999999999	3
4.27776	3
2.853888	2
5.711872	4
1.428992	1
4.290048	3
2.8620799999999997	2
5.728256	4
11.464704	8
4.3023359999999995	3
7.17568	5
1.4361599999999999	1
5.748736	4
4.314624	3
5.756927999999999	4
1.440256	1
7.2063999999999995	5
5.773312	4
4.333056	3
2.890752	2
5.7856	4
2.894848	2
8.690688	6
2.8989439999999997	2
5.801984	4
1.4525439999999998	1
1.453568	1
5.8183679999999995	4
4.36992	3
2.9153279999999997	2
5.834752	4
5.838848	4
4.382207999999999	3
5.84704	4
1.4627839999999999	1
5.855232	4
4.394496	3
5.863423999999999	4
5.86752	4
4.406784	3
7.34976	5
1.4709759999999998	1
2.944	2
2.946048	2
2.948096	2
2.950144	2
1.4760959999999999	1
2.95424	2
4.434432	3
1.479168	1
4.440576	3
1.4812159999999999	1
4.44672	3
8.899583999999999	6
4.4559359999999995	3
2.9726719999999998	2
4.462079999999999	3
1.488384	1
5.961728	4
1.491456	1
1.49248	1
2.987008	2
2.9890559999999997	2
2.991104	2
8.979455999999999	6
4.4928	3
2.997248	2
2.9992959999999997	2
7.50336	5
6.006784	4
3.007488	2
1.5047679999999999	1
6.023168	4
6.027264	4
10.554879999999999	7
9.053184	6
3.019776	2
9.071615999999999	6
4.53888	3
7.56992	5
9.090048	6
3.0320639999999996	2
3.034112	2
1.5180799999999999	1
3.038208	2
3.040256	2
4.5634559999999995	3
4.566528	3
4.569599999999999	3
1.524224	1
9.151487999999999	6
4.578816	3
1.527296	1
1.52832	1
1.5313919999999999	1
1.532416	1
4.60032	3
4.6033919999999995	3
4.609535999999999	3
3.075072	2
1.53856	1
3.0791679999999997	2
1.540608	1
4.624896	3
1.542656	1
3.08736	2
3.0894079999999997	2
4.6371839999999995	3
3.093504	2
3.0976	2
1.5498239999999999	1
4.652544	3
7.75936	5
1.5528959999999998	1
3.10784	2
7.77984	5
3.113984	2
1.5580159999999998	1
4.6771199999999995	3
4.680192	3
4.683263999999999	3
1.562112	1
6.252543999999999	4
4.69248	3
6.260736	4
6.264831999999999	4
3.134464	2
7.8464	5
4.7109119999999995	3
1.572352	1
6.2935039999999995	4
1.5744	1
3.150848	2
3.154944	2
7.89248	5
1.57952	1
3.161088	2
1.5815679999999999	1
4.747776	3
7.91808	5
1.5846399999999998	1
1.585664	1
1.5866879999999999	1
1.587712	1
1.588736	1
6.359039999999999	4
1.590784	1
6.367232	4
1.592832	1
1.593856	1
4.78464	3
3.191808	2
1.596928	1
4.796927999999999	3
6.3999999999999995	4
4.803071999999999	3
1.6030719999999998	1
1.604096	1
1.6051199999999999	1
3.212288	2
3.214336	2
3.2163839999999997	2
3.218432	2
1.61024	1
1.611264	1
4.836863999999999	3
1.6133119999999999	1
3.23072	2
3.234816	2
4.855296	3
3.24096	2
1.6215039999999998	1
3.245056	2
8.117759999999999	5
6.498304	4
3.2532479999999997	2
6.510592	4
1.628672	1
6.518784	4
4.89216	3
1.6317439999999999	1
1.632768	1
6.535168	4
8.17408	5
3.27168	2
1.6368639999999999	1
3.277824	2
1.6399359999999998	1
1.644032	1
1.6450559999999999	1
3.29216	2
3.294208	2
8.240639999999999	5
1.649152	1
6.6007039999999995	4
1.652224	1
3.3064959999999997	2
4.962816	3
1.6552959999999999	1
4.96896	3
1.657344	1
6.637568	4
1.660416	1
4.984319999999999	3
1.6634879999999999	1
4.993536	3
3.331072	2
3.3331199999999996	2
1.667584	1
5.005824	3
1.669632	1
1.6716799999999998	1
5.0181119999999995	3
3.3474559999999998	2
3.349504	2
5.027328	3
1.6767999999999998	1
3.355648	2
8.39424	5
3.361792	2
3.365888	2
5.0519039999999995	3
3.3699839999999996	2
3.372032	2
3.3740799999999997	2
5.064191999999999	3
5.067264	3
1.6901119999999998	1
3.382272	2
1.6921599999999999	1
3.386368	2
1.694208	1
3.3904639999999997	2
3.392512	2
3.39456	2
1.6983039999999998	1
3.398656	2
1.7003519999999999	1
1.701376	1
5.1072	3
3.4068479999999997	2
1.704448	1
1.7054719999999999	1
1.706496	1
3.41504	2
1.7085439999999998	1
3.419136	2
1.710592	1
3.423232	2
3.42528	2
5.140992	3
5.144064	3
3.43552	2
1.7187839999999999	1
1.720832	1
5.1655679999999995	3
8.6144	5
1.7239039999999999	1
1.724928	1
1.725952	1
3.4539519999999997	2
3.456	2
3.458048	2
3.460096	2
3.4641919999999997	2
6.936576	4
1.7351679999999998	1
5.208576	3
1.73824	1
1.739264	1
3.4805759999999997	2
3.482624	2
1.7423359999999999	1
5.233152	3
6.981631999999999	4
5.2392959999999995	3
1.747456	1
3.499008	2
1.751552	1
1.752576	1
1.754624	1
3.5112959999999998	2
8.78336	5
3.515392	2
3.5174399999999997	2
1.7607679999999999	1
5.285375999999999	3
3.525632	2
5.291519999999999	3
1.764864	1
1.765888	1
1.7669119999999998	1
1.767936	1
1.769984	1
1.771008	1
3.5440639999999997	2
3.546112	2
1.7740799999999999	1
1.775104	1
3.552256	2
5.331456	3
3.556352	2
3.5584	2
3.56864	2
3.5706879999999996	2
3.572736	2
1.7873919999999999	1
1.7904639999999998	1
1.7925119999999999	1
3.587072	2
1.79456	1
7.186432	4
1.797632	1
1.7986559999999998	1
3.59936	2
1.8007039999999999	1
1.801728	1
1.8037759999999998	1
3.6096	2
1.807872	1
5.4266879999999995	3
1.80992	1
1.8109439999999999	1
1.812992	1
1.8140159999999999	1
3.632128	2
1.8170879999999998	1
1.818112	1
1.8191359999999999	1
1.82016	1
3.6444159999999997	2
3.65056	2
1.826304	1
1.8273279999999998	1
3.6608	2
1.831424	1
3.6648959999999997	2
3.666944	2
5.5065599999999995	3
3.673088	2
1.8375679999999999	1
1.838592	1
3.6812799999999997	2
1.8426879999999999	1
1.844736	1
1.846784	1
5.543424	3
5.546495999999999	3
3.7017599999999997	2
7.419904	4
3.714048	2
3.716096	2
1.8590719999999998	1
3.7222399999999998	2
3.7283839999999997	2
1.865216	1
1.8672639999999998	1
1.868288	1
1.8693119999999999	1
3.74272	2
1.8723839999999998	1
3.746816	2
1.8744319999999999	1
1.87648	1
1.8775039999999998	1
1.878528	1
1.879552	1
1.8816	1
3.7713919999999996	2
5.660159999999999	3
1.8908159999999998	1
1.89184	1
3.7857279999999998	2
1.893888	1
1.8959359999999998	1
1.89696	1
1.897984	1
3.7980159999999996	2
1.9041279999999998	1
1.905152	1
1.9061759999999999	1
1.9072	1
1.9092479999999998	1
1.910272	1
1.9112959999999999	1
1.91232	1
1.913344	1
7.661568	4
1.9174399999999998	1
5.755392	3
1.9194879999999999	1
5.770752	3
1.925632	1
1.9276799999999998	1
3.857408	2
3.867648	2
1.934848	1
3.8717439999999996	2
3.877888	2
3.879936	2
1.947136	1
1.94816	1
1.9491839999999998	1
1.9512319999999999	1
1.952256	1
3.90656	2
7.817215999999999	4
1.955328	1
1.957376	1
1.9594239999999998	1
7.841792	4
1.9614719999999999	1
3.924992	2
1.965568	1
3.9393279999999997	2
1.97376	1
1.97888	1
3.9598079999999998	2
1.9809279999999998	1
1.981952	1
1.9829759999999998	1
1.985024	1
1.987072	1
1.9880959999999999	1
5.976576	3
1.9932159999999999	1
1.99424	1
3.9925759999999997	2
3.994624	2
1.998336	1
2.000384	1
2.0024319999999998	1
2.003456	1
2.0055039999999997	1
2.0085759999999997	1
2.0157439999999998	1
6.050304	3
2.017792	1
2.0188159999999997	1
4.03968	2
2.020864	1
2.021888	1
2.025984	1
2.027008	1
2.0290559999999997	1
2.048512	1
2.049536	1
2.05056	1
2.054656	1
2.0556799999999997	1
2.057728	1
2.0587519999999997	1
4.119552	2
4.1216	2
2.062848	1
2.063872	1
2.0659199999999998	1
2.0689919999999997	1
2.070016	1
2.07616	1
2.078208	1
2.08128	1
2.087424	1
2.0894719999999998	1
2.09152	1
2.093568	1
2.094592	1
2.0956159999999997	1
6.2899199999999995	3
2.098176	1
2.100224	1
2.1022719999999997	1
2.10432	1
2.116608	1
2.118656	1
2.1227519999999998	1
2.128896	1
4.274176	2
4.282368	2
2.143232	1
2.1493759999999997	1
2.151424	1
2.1596159999999998	1
2.161664	1
2.169856	1
2.1759999999999997	1
4.356096	2
2.182144	1
2.184192	1
2.194432	1
4.3929599999999995	2
2.198528	1
4.425727999999999	2
2.221056	1
2.225152	1
2.229248	1
4.462592	2
4.4666879999999995	2
2.235392	1
2.24768	1
2.2497279999999997	1
2.251776	1
2.255872	1
2.2599679999999998	1
2.26816	1
2.272256	1
2.2784	1
2.282496	1
4.569088	2
2.2865919999999997	1
2.28864	1
2.3029759999999997	1
2.305024	1
2.307072	1
4.61824	2
4.626431999999999	2
2.3234559999999997	1
2.3398399999999997	1
4.691968	2
2.368512	1
2.37056	1
2.372608	1
2.3767039999999997	1
4.765696	2
2.3869439999999997	1
2.388992	1
2.39104	1
2.3971839999999998	1
2.40128	1
2.432	1
2.4340479999999998	1
2.436096	1
2.44224	1
2.448384	1
2.458624	1
2.4606719999999997	1
2.4709119999999998	1
2.47296	1
2.4770559999999997	1
2.481152	1
4.970496	2
2.4872959999999997	1
2.49344	1
2.501632	1
2.505728	1
2.509824	1
5.023744	2
2.518016	1
2.528256	1
2.5303039999999997	1
2.536448	1
5.08928	2
2.548736	1
2.552832	1
2.579456	1
2.581504	1
2.5856	1
5.1957759999999995	2
2.610176	1
2.618368	1
2.642944	1
2.6613759999999997	1
2.6675199999999997	1
5.355519999999999	2
2.692096	1
2.7084799999999998	1
5.425152	2
2.726912	1
2.7351039999999998	1
2.753536	1
5.511168	2
2.774016	1
2.782208	1
2.8313599999999997	1
2.849792	1
2.855936	1
2.857984	1
2.8784639999999997	1
2.880512	1
2.894848	1
5.810175999999999	2
2.907136	1
2.921472	1
2.9358079999999998	1
2.937856	1
2.982912	1
5.982208	2
3.007488	1
3.0730239999999998	1
3.1999999999999997	1
3.2532479999999997	1
3.257344	1
3.3331199999999996	1
3.357696	1
3.3638399999999997	1
3.382272	1
3.388416	1
3.419136	1
3.4908159999999997	1
3.5215359999999998	1
3.560448	1
3.562496	1
3.56864	1
3.5911679999999997	1
3.59936	1
3.63008	1
3.636224	1
3.658752	1
3.7181439999999997	1
3.820544	1
3.843072	1
3.8655999999999997	1
3.8717439999999996	1
3.90656	1
4.103168	1
4.20864	1
4.31104	1
4.315136	1
4.343808	1
4.351999999999999	1
4.360192	1
4.388864	1
4.47488	1
4.524032	1
4.544512	1
4.564992	1
4.622336	1
4.724736	1
9.588735999999999	2
4.978688	1
5.011456	1
5.060607999999999	1
5.187584	1
5.203968	1
5.285888	1
5.29408	1
5.425152	1
5.45792	1
5.466112	1
5.5234559999999995	1
5.527552	1
5.679104	1
5.793792	1
5.838848	1
6.15424	1
6.191104	1
6.338559999999999	1
6.3999999999999995	1
6.432767999999999	1
6.449152	1
6.653951999999999	1
6.699008	1
6.731776	1
6.764544	1
6.805504	1
6.825984	1
6.9488639999999995	1
6.981631999999999	1
7.014399999999999	1
7.059456	1
7.1700479999999995	1
7.399424	1
7.5714559999999995	1
7.9196159999999995	1
8.400896	1
8.474624	1
8.753152	1
9.007104	1
9.097216	1
9.416704	1
9.801727999999999	1
10.407936	1
11.767807999999999	1
11.784192	1
12.251135999999999	1
14.626816	1
15.273983999999999	1
19.554304	1
26.828799999999998	1
28.79488	1
30.056448	1
30.875647999999998	1
32.186368	1
32.64512	1
32.923648	1
43.466752	1
46.579712	1
53.100544	1
55.492608	1
56.311808	1
56.442879999999995	1
56.508416	1
57.26208	1
58.40896	1
58.834944	1
58.933248	1
59.195392	1
59.228159999999995	1
59.523072	1
59.588608	1
60.014592	1
60.243967999999995	1
60.276736	1
60.37504	1
60.407807999999996	1
60.440576	1
60.506111999999995	1
242.548736	4
182.00985599999998	3
182.10816	3
60.768255999999994	1
121.602048	2
182.501376	3
182.59967999999998	3
60.899328	1
182.796288	3
60.964864	1
61.063168	1
122.257408	2
244.64588799999999	4
122.38848	2
61.227008	1
61.259775999999995	1
245.43231999999998	4
122.781696	2
61.423615999999996	1
61.456384	1
61.489152	1
61.554688	1
123.240448	2
61.685759999999995	1
61.718528	1
123.69919999999999	2
61.882368	1
185.745408	3
62.013439999999996	1
124.157952	2
124.289024	2
62.210048	1
62.50496	1
62.767103999999996	1
62.799872	1
62.865407999999995	1
63.094784	1
63.291391999999995	1
63.520768	1
90.669056	1
106.98751999999999	1
111.116288	1
111.837184	1
118.915072	1
120.4224	1
121.14329599999999	1
0.46656	1
0.47808	1
0.48396799999999995	1
0.48729599999999995	1
0.48908799999999997	1
0.492672	1
0.49497599999999997	1
0.496256	1
0.49702399999999997	1
0.49779199999999996	1
0.500352	1
0.5006079999999999	1
0.5013759999999999	1
0.501632	1
0.503424	1
0.50496	1
0.507008	1
0.5072639999999999	1
0.507776	1
0.51008	1
0.5113599999999999	1
0.511872	1
0.51264	1
1.026816	2
0.515456	1
0.516224	1
1.037056	2
0.51904	1
1.045248	2
1.0462719999999999	2
1.046784	2
0.525056	1
0.526592	1
0.527104	1
0.527616	1
0.5281279999999999	1
0.52864	1
1.060352	2
0.5312	1
1.064448	2
1.5982079999999999	3
0.534272	1
0.5347839999999999	1
0.535808	1
1.07264	2
0.5373439999999999	1
2.6892799999999997	5
1.076736	2
0.53888	1
1.6181759999999998	3
1.0798079999999999	2
1.080832	2
1.62432	3
1.625856	3
1.627392	3
1.086976	2
0.544512	1
2.180096	4
1.091072	2
1.092096	2
2.1862399999999997	4
1.096192	2
1.097216	2
1.0982399999999999	2
0.549632	1
1.650432	3
0.5506559999999999	1
1.102336	2
0.55168	1
0.552192	1
1.659648	3
4.9835519999999995	9
1.66272	3
1.109504	2
1.665792	3
0.5557759999999999	1
1.112576	2
2.2272	4
1.114624	2
2.231296	4
1.6750079999999998	3
1.117696	2
0.55936	1
0.5598719999999999	1
1.682688	3
0.561408	1
0.56192	1
1.1248639999999999	2
1.6888319999999999	3
1.6903679999999999	3
3.3838079999999997	6
2.25792	4
1.6949759999999998	3
2.262016	4
0.566016	1
2.83264	5
2.26816	4
0.567552	1
1.136128	2
2.84288	5
3.414528	6
5.126399999999999	9
1.7118719999999998	3
0.571136	1
3.429888	6
0.57216	1
0.572672	1
2.292736	4
1.147392	2
0.5742079999999999	1
3.44832	6
3.451392	6
0.5757439999999999	1
1.7287679999999999	3
1.7303039999999998	3
3.4636799999999996	6
1.733376	3
1.1566079999999999	2
0.578816	1
2.8966399999999997	5
2.8992	5
0.580352	1
4.066047999999999	7
1.162752	2
5.236992	9
0.5824	1
3.4974719999999997	6
2.9171199999999997	5
1.7518079999999998	3
1.168896	2
1.1699199999999998	2
1.170944	2
1.757952	3
1.172992	2
2.93504	5
4.11264	7
1.7640959999999999	3
3.5312639999999997	6
5.89056	10
1.179136	2
1.1801599999999999	2
2.95296	5
1.773312	3
2.95808	5
4.737024	8
0.59264	1
1.186304	2
1.187328	2
5.9417599999999995	10
1.189376	2
2.3808	4
2.382848	4
1.192448	2
2.9836799999999997	5
1.791744	3
4.78208	8
4.187904	7
3.592704	6
2.3971839999999998	4
1.199616	2
3.0016	5
2.4033279999999997	4
3.00672	5
4.212992	7
2.409472	4
3.61728	6
2.4135679999999997	4
2.415616	4
4.230912	7
1.209856	2
3.0271999999999997	5
4.8476159999999995	8
2.425856	4
3.03488	5
2.429952	4
3.04	5
4.8680959999999995	8
4.263167999999999	7
2.438144	4
3.660288	6
4.2739199999999995	7
4.2775039999999995	7
3.0579199999999997	5
2.448384	4
4.900863999999999	8
1.8393599999999999	3
4.295424	7
4.913152	8
4.302592	7
2.4606719999999997	4
4.92544	8
3.697152	6
6.16704	10
0.617216	1
4.9418239999999996	8
1.23648	2
6.18752	10
4.334848	7
3.7186559999999997	6
5.582592	9
4.3456	7
3.10656	5
1.2436479999999999	2
3.734016	6
5.605632	9
1.87008	3
4.367103999999999	7
5.619456	9
3.1244799999999997	5
4.3778559999999995	7
2.5036799999999997	4
3.7585919999999997	6
5.015552	8
5.019648	8
1.883904	3
4.39936	7
7.547904	12
6.924544	11
4.410112	7
1.891584	3
3.78624	6
3.789312	6
5.688575999999999	9
6.32576	10
6.33088	10
2.5343999999999998	4
3.17056	5
5.076992	8
5.7162239999999995	9
3.813888	6
1.90848	3
1.273344	2
5.734655999999999	9
3.1884799999999998	5
9.57312	15
2.55488	4
5.113856	8
3.8384639999999997	6
2.5610239999999997	4
4.485376	7
6.4128	10
1.2835839999999998	2
3.2115199999999997	5
3.21408	5
5.7899519999999995	9
5.79456	9
4.510464	7
6.44864	10
5.163008	8
6.45888	10
3.8783999999999996	6
3.881472	6
3.23712	5
2.591744	4
4.539136	7
5.19168	8
4.546304	7
7.149824	11
4.553472	7
3.2550399999999997	5
5.21216	8
5.216256	8
3.26272	5
2.612224	4
3.921408	6
5.8867199999999995	9
4.5821439999999996	7
4.585728	7
2.622464	4
5.2490239999999995	8
5.25312	8
6.57152	10
5.261311999999999	8
4.607232	7
7.904255999999999	12
7.2512	11
3.2985599999999997	5
8.582912	13
5.946624	9
4.628736	7
3.3087999999999997	5
2.649088	4
4.639488	7
4.643072	7
5.974272	9
7.307519999999999	11
6.64832	10
1.9960319999999998	3
3.995136	6
5.330944	8
4.668159999999999	7
6.006527999999999	9
4.007423999999999	6
5.347328	8
6.020352	9
3.3472	5
7.369472	11
12.738816	19
6.709759999999999	10
3.35744	5
2.016	3
4.707584	7
6.0572159999999995	9
5.388288	8
4.718336	7
6.07104	9
4.050432	6
3.37792	5
6.76096	10
6.089472	9
6.09408	9
11.519744	17
8.815871999999999	13
4.750592	7
5.433344	8
6.796799999999999	10
3.40096	5
9.529855999999999	14
4.768511999999999	7
5.453824	8
7.504639999999999	11
2.7310079999999997	4
7.515904	11
6.837759999999999	10
5.474304	8
4.1088	6
2.055936	3
3.4291199999999997	5
4.118016	6
1.373696	2
5.49888	8
6.190848	9
8.260608	12
4.822272	7
4.136448	6
8.96896	13
3.4521599999999997	5
2.763776	4
4.840192	7
6.91968	10
2.76992	4
5.5439359999999995	8
6.241536	9
6.246144	9
11.112447999999999	16
8.34048	12
3.47776	5
4.176384	6
6.9657599999999995	10
6.970879999999999	10
6.2783999999999995	9
3.49056	5
1.397248	2
3.4956799999999997	5
3.49824	5
3.5008	5
2.802688	4
4.207104	6
2.105088	3
4.213248	6
3.5136	5
2.812928	4
2.8149759999999997	4
7.746816	11
4.2286079999999995	6
4.93696	7
6.3521279999999996	9
3.53152	5
3.53408	5
6.365952	9
3.5391999999999997	5
4.250112	6
4.253184	6
5.675008	8
6.388992	9
4.2623999999999995	6
3.55456	5
4.9799679999999995	7
5.695488	8
6.412032	9
5.703679999999999	8
7.848192	11
7.1398399999999995	10
0.714496	1
4.290048	6
7.8707199999999995	11
6.444287999999999	9
7.165439999999999	10
2.8682239999999997	4
3.58784	5
3.5904	5
2.874368	4
3.59552	5
5.756927999999999	8
6.481152	9
3.6031999999999997	5
11.538432	16
5.773312	8
4.333056	6
4.3361279999999995	6
4.3392	6
3.61856	5
5.069567999999999	7
3.62368	5
6.527232	9
5.80608	8
5.0839039999999995	7
2.907136	4
4.363776	6
2.911232	4
4.36992	6
3.64416	5
10.940159999999999	15
5.838848	8
6.573312	9
2.92352	4
2.1941759999999997	3
5.855232	8
8.788992	12
2.9317119999999997	4
5.86752	8
2.9358079999999998	4
5.141248	7
8.084736	11
4.412928	6
2.2079999999999997	3
6.628608	9
5.159168	7
2.950144	4
6.6424319999999994	9
2.21568	3
5.173503999999999	7
3.69792	5
4.440576	6
7.406079999999999	10
4.44672	6
5.191424	7
7.42144	10
4.4559359999999995	6
1.4863359999999999	2
2.97472	4
3.72096	5
2.9788159999999997	4
8.197376	11
6.711551999999999	9
7.4624	10
6.720768	9
6.725376	9
2.991104	4
8.231168	11
4.4928	6
2.2479359999999997	3
5.9985919999999995	8
6.002688	8
3.75424	5
6.010879999999999	8
6.7668479999999995	9
6.771456	9
3.76448	5
6.027264	8
4.5235199999999995	6
3.77216	5
7.54944	10
2.266368	3
6.047744	8
2.26944	3
2.270976	3
2.272512	3
3.7900799999999997	5
5.309696	7
10.62656	14
6.835967999999999	9
3.8003199999999997	5
3.80288	5
3.044352	4
4.569599999999999	6
1.524224	2
4.575743999999999	6
6.105087999999999	8
7.63648	10
5.34912	7
3.8233599999999996	5
5.356288	7
1.5313919999999999	2
3.064832	4
4.60032	6
3.0689279999999997	4
3.070976	4
1.5365119999999999	2
3.075072	4
3.8464	5
6.158335999999999	8
2.310912	3
6.9373439999999995	9
4.627968	6
6.94656	9
5.406464	7
4.6371839999999995	6
3.8668799999999997	5
5.417216	7
3.0976	4
3.87456	5
3.8771199999999997	5
3.103744	4
4.658688	6
6.21568	8
3.1098879999999998	4
7.001856	9
0.778496	1
7.0110719999999995	9
2.3385599999999998	3
5.460224	7
5.463807999999999	7
7.029503999999999	9
1.5631359999999999	2
3.9103999999999997	5
6.260736	8
4.698624	6
4.701696	6
6.2730239999999995	8
4.70784	6
3.140608	4
6.285311999999999	8
7.075584	9
5.506816	7
5.5104	7
3.150848	4
2.364672	3
4.732416	6
5.524736	7
7.1078399999999995	9
3.9513599999999998	5
4.744704	6
5.539072	7
7.126271999999999	9
7.130879999999999	9
7.135488	9
3.1733759999999998	4
4.763135999999999	6
4.766208	6
3.9743999999999997	5
3.181568	4
2.387712	3
6.371328	8
3.9846399999999997	5
2.39232	3
6.383616	8
4.7907839999999995	6
2.396928	3
1.598976	2
3.1999999999999997	4
5.603584	7
2.403072	3
0.8015359999999999	1
6.416384	8
5.61792	7
8.03072	10
5.625088	7
5.628672	7
3.218432	4
4.0256	5
2.416896	3
4.03072	5
4.0332799999999995	5
4.035839999999999	5
3.23072	4
6.465535999999999	8
4.04352	5
8.901375999999999	11
6.477824	8
5.671679999999999	7
6.486015999999999	8
5.6788479999999995	7
3.2471039999999998	4
4.06144	5
4.064	5
5.693184	7
2.441472	3
4.886016	6
8.14848	10
4.0767999999999995	5
3.2634879999999997	4
4.08192	5
6.535168	8
4.9044479999999995	6
5.72544	7
5.729024	7
3.275776	4
4.09728	5
4.0998399999999995	5
7.38432	9
5.746944	7
4.929024	6
7.398143999999999	9
4.935168	6
3.29216	4
5.764863999999999	7
7.416576	9
3.298304	4
5.775615999999999	7
2.4768	3
4.13056	5
9.919488	12
5.7899519999999995	7
9.931776	12
2.48448	3
2.486016	3
4.975104	6
4.14848	5
1.660416	2
5.81504	7
5.818624	7
5.822208	7
5.825792	7
3.331072	4
9.16608	11
4.16896	5
7.508736	9
4.17408	5
2.5059839999999998	3
9.194239999999999	11
5.854464	7
5.021184	6
4.1868799999999995	5
0.837888	1
1.6767999999999998	2
3.355648	4
5.036544	6
4.19968	5
4.20224	5
4.2048	5
6.731776	8
4.209919999999999	5
2.527488	3
3.372032	4
5.90464	7
5.908224	7
5.911808	7
1.6901119999999998	2
3.382272	4
2.53824	3
6.772736	8
3.388416	4
4.23808	5
4.24064	5
4.2432	5
5.094912	6
3.398656	4
5.951232	7
1.701376	2
4.256	5
7.665407999999999	9
5.965567999999999	7
5.969151999999999	7
0.853248	1
6.83008	8
4.27136	5
3.419136	4
1.710592	2
7.702272	9
7.70688	9
5.997824	7
4.28672	5
10.294272	12
6.008576	7
5.15328	6
6.015744	7
5.159424	6
6.883328	8
0.8609279999999999	1
1.72288	2
9.481472	11
3.449856	4
4.31488	5
6.907903999999999	8
7.776	9
2.593536	3
6.055168	7
8.65536	10
1.7320959999999999	2
6.065919999999999	7
6.069503999999999	7
8.675839999999999	10
5.208576	6
5.211647999999999	6
4.3456	5
2.608896	3
9.571584	11
6.965248	8
6.098176	7
5.23008	6
4.3609599999999995	5
4.363519999999999	5
4.36608	5
6.116096	7
4.3712	5
9.622271999999999	11
9.627904	11
7.881983999999999	9
3.505152	4
3.5071999999999997	4
6.141184	7
6.144768	7
10.540032	12
6.151936	7
7.034879999999999	8
6.159104	7
7.0430719999999996	8
7.928064	9
5.288448	6
5.291519999999999	6
5.294592	6
6.180607999999999	7
10.601472	12
4.41984	5
9.72928	11
3.539968	4
7.084032	8
4.43008	5
8.86528	10
9.757439999999999	11
4.43776	5
3.552256	4
1.7771519999999998	2
5.334528	6
1.7792	2
6.230784	7
4.45312	5
4.45568	5
5.349888	6
7.13728	8
4.46336	5
7.145472	8
8.93696	10
9.836288	11
7.15776	8
7.161855999999999	8
2.687232	3
4.48128	5
1.793536	2
8.9728	10
7.182335999999999	8
1.796608	2
8.988159999999999	10
7.194623999999999	8
7.19872	8
4.50176	5
9.909504	11
3.605504	4
9.01888	10
6.3168	7
8.126208	9
4.517119999999999	5
7.231488	8
7.235583999999999	8
5.42976	6
3.6218879999999998	4
7.247872	8
7.251968	8
9.977088	11
5.44512	6
9.08032	10
14.536703999999999	16
9.999616	11
10.005248	11
5.46048	6
9.10592	10
11.844351999999999	13
10.027776	11
3.6485119999999998	4
13.689599999999999	15
5.478911999999999	6
7.309311999999999	8
6.399232	7
3.658752	4
5.4912	6
4.5785599999999995	5
3.6648959999999997	4
4.58368	5
6.420736	7
6.42432	7
7.346176	8
6.431488	7
8.273664	9
3.679232	4
6.44224	7
9.208319999999999	10
11.056128	12
5.531136	6
9.22368	10
7.383039999999999	8
16.621056	18
8.315135999999999	9
5.546495999999999	6
10.174208	11
7.403519999999999	8
2.777856	3
7.411712	8
7.415807999999999	8
8.347392	9
5.568	6
5.571072	6
2.7870719999999998	3
6.506752	7
13.950719999999999	15
4.6528	5
9.31072	10
11.179008	12
7.456767999999999	8
9.32608	10
13.06368	14
7.469055999999999	8
11.209728	12
4.67328	5
9.35168	10
7.48544	8
10.298112	11
7.493632	8
5.623296	6
5.626367999999999	6
11.25888	12
8.448768	9
9.39264	10
7.518208	8
5.641728	6
12.2304	13
9.41312	10
5.650944	6
7.538688	8
5.657088	6
11.320319999999999	12
6.607104	7
9.44384	10
8.504064	9
8.508671999999999	9
9.4592	10
4.7321599999999995	5
7.575552	8
9.47456	10
12.323584	13
7.58784	8
7.591936	8
7.596031999999999	8
5.700095999999999	6
3.8021119999999997	4
4.755199999999999	5
10.467072	11
1.9041279999999998	2
8.573184	9
5.718528	6
12.396799999999999	13
3.816448	4
8.591616	9
6.6859519999999995	7
8.600832	9
8.60544	9
6.6967039999999995	7
10.529024	11
10.534656	11
7.665664	8
6.71104	7
8.633087999999999	9
5.758464	6
11.523071999999999	12
10.568448	11
5.7676799999999995	6
5.770752	6
6.736128	7
9.62816	10
4.81664	5
9.638399999999999	10
6.750464	7
9.64864	10
5.792256	6
6.761216	7
1.9327999999999999	2
4.83456	5
3.869696	4
9.679359999999999	10
3.873792	4
10.65856	11
7.755776	8
6.7898879999999995	7
4.85248	5
7.768064	8
5.82912	6
6.804224	7
6.807808	7
5.838336	6
8.762112	9
6.81856	7
11.695103999999999	12
9.75104	10
5.853695999999999	6
8.785152	9
8.78976	9
4.885759999999999	5
4.88832	5
10.759936	11
14.68032	15
6.8544	7
5.878272	6
6.861568	7
14.711039999999999	15
5.887487999999999	6
6.872319999999999	7
4.91136	5
6.879487999999999	7
5.899776	6
6.8866559999999994	7
10.82752	11
7.878655999999999	8
6.8974079999999995	7
10.844415999999999	11
7.890943999999999	8
4.9344	5
5.924352	6
5.927423999999999	6
2.965248	3
9.88928	10
6.92608	7
4.9497599999999995	5
9.904639999999999	10
8.918783999999999	9
4.95744	5
7.936	8
5.9550719999999995	6
6.951168	7
5.961215999999999	6
7.9523839999999995	8
2.9836799999999997	3
6.965503999999999	7
6.969087999999999	7
5.976576	6
6.976255999999999	7
7.97696	8
10.973951999999999	11
6.987007999999999	7
6.9905919999999995	7
9.991679999999999	10
8.997119999999999	9
5.00096	5
7.004928	7
4.0048639999999995	4
3.005184	3
13.029119999999999	13
8.022015999999999	8
8.026112	8
6.022656	6
10.04288	10
5.024	5
11.058432	11
5.02912	5
7.044352	7
6.041087999999999	6
5.0367999999999995	5
7.055104	7
8.067072	8
7.062272	7
6.056448	6
9.08928	9
9.093888	9
9.098495999999999	9
10.114559999999999	10
9.107712	9
9.11232	9
5.06496	5
7.0945279999999995	7
7.0981119999999995	7
3.043584	3
7.10528	7
13.202176	13
5.0803199999999995	5
5.082879999999999	5
5.08544	5
5.088	5
8.144896	8
3.055872	3
11.210496	11
7.137536	7
5.1008	5
5.1033599999999995	5
6.127104	6
3.065088	3
4.088832	4
9.20448	9
3.069696	3
6.1424639999999995	6
7.169791999999999	7
4.099072	4
6.15168	6
7.180543999999999	7
7.184127999999999	7
7.187711999999999	7
6.163968	6
5.1392	5
6.170112	6
7.202048	7
12.352511999999999	12
10.298879999999999	10
11.334399999999999	11
9.278208	9
6.188543999999999	6
4.127744	4
9.292031999999999	9
5.1648	5
11.368191999999999	11
8.271872	8
3.103488	3
4.140032	4
4.14208	4
6.2161919999999995	6
9.328896	9
8.296448	8
7.262976	7
8.30464	8
9.347328	9
10.39104	10
8.316927999999999	8
5.20064	5
7.284479999999999	7
9.370368	9
7.2916479999999995	7
2.084352	2
6.2561279999999995	6
5.216	5
6.262271999999999	6
9.398016	9
6.268415999999999	6
8.361984	8
5.2288	5
4.1850879999999995	4
8.374272	8
10.472959999999999	10
5.23904	5
5.2416	5
19.932672	19
19.952128	19
10.51136	10
16.83456	16
12.638207999999999	12
10.54208	10
14.773247999999999	14
12.675072	12
12.68736	12
12.699648	12
14.830592	14
11.663872	11
10.61376	10
12.7488	12
9.570815999999999	9
12.773375999999999	12
12.785663999999999	12
17.063935999999998	16
17.08032	16
12.822528	12
10.69568	10
19.270656	18
13.931007999999999	13
12.87168	12
12.883968	12
8.597503999999999	8
11.832832	11
10.76736	10
10.7776	10
10.78784	10
10.798079999999999	10
8.646656	8
19.473408	18
8.663039999999999	8
13.006848	12
14.104064	13
11.945471999999999	11
16.30464	15
19.584	18
6.5341439999999995	6
14.170624	13
9.819647999999999	9
14.197248	13
17.489919999999998	16
12.035584	11
7.666175999999999	7
7.673343999999999	7
16.45824	15
5.4912	5
9.893376	9
4.401152	4
13.215743999999999	12
15.432704	14
7.72352	7
5.52192	5
9.948672	9
4.425727999999999	4
13.289472	12
9.97632	9
7.766527999999999	7
16.65792	15
10.003968	9
16.68864	15
3.3407999999999998	3
8.916992	8
7.809536	7
8.933375999999999	8
8.941568	8
14.54336	13
10.077696	9
11.20768	10
12.339711999999999	11
10.105343999999999	9
7.866879999999999	7
7.874047999999999	7
14.636543999999999	13
10.142208	9
9.023488	8
3.3868799999999997	3
11.29984	10
5.65504	5
10.188288	9
9.064447999999999	8
10.206719999999999	9
9.080832	8
5.6806399999999995	5
6.822912	6
10.243584	9
12.5312	11
10.262016	9
6.847487999999999	6
12.564992	11
20.579328	18
13.73184	12
10.308095999999999	9
10.317312	9
14.916096	13
3.445248	3
10.34496	9
8.053248	7
8.060416	7
10.372608	9
5.7676799999999995	5
5.7728	5
16.178176	14
6.939648	6
4.630528	4
11.586559999999999	10
9.27744	8
9.285632	8
5.80864	5
10.464768	9
4.655104	4
16.307199999999998	14
3.4974719999999997	3
9.334783999999999	8
2.335744	2
9.351168	8
8.18944	7
5.8547199999999995	5
10.547711999999999	9
8.210944	7
9.392128	8
14.10048	12
12.936703999999999	11
10.593791999999999	9
8.246784	7
8.253952	7
3.5404799999999996	3
11.81184	10
20.097535999999998	17
11.83232	10
3.552768	3
7.11168	6
4.745216	4
4.749312	4
7.130112	6
15.461888	13
7.142399999999999	6
8.339967999999999	7
7.154687999999999	6
15.515136	13
11.94496	10
9.56416	8
7.179264	6
10.778112	9
13.184512	11
7.197696	6
6.0032	5
10.814976	9
9.621504	8
9.629696	8
19.275776	16
8.44032	7
9.654271999999999	8
6.03904	5
7.252992	6
8.468992	7
9.68704	8
9.695231999999999	8
3.638784	3
9.711616	8
3.6449279999999997	3
6.08	5
12.17024	10
10.962432	9
10.971648	9
7.320576	6
9.76896	8
8.555007999999999	7
11.008512	9
6.120959999999999	5
12.25216	10
7.3574399999999995	6
11.045376	9
6.141439999999999	5
6.14656	5
7.382015999999999	6
9.85088	8
7.394304	6
6.16704	5
8.641024	7
7.412736	6
6.1823999999999995	5
7.425024	6
6.19264	5
8.676864	7
6.2028799999999995	5
8.6912	7
1.242624	1
12.43648	10
13.691391999999999	11
4.982784	4
7.48032	6
2.495488	2
6.24384	5
3.749376	3
12.50816	10
5.007359999999999	4
6.26432	5
8.777216	7
5.019648	4
5.023744	4
2.5139199999999997	2
12.579839999999999	10
5.036032	4
3.780096	3
12.61056	10
5.0483199999999995	4
8.841728	7
11.377151999999999	9
5.060607999999999	4
8.863232	7
3.8015999999999996	3
8.877568	7
7.615488	6
6.35136	5
6.3564799999999995	5
8.90624	7
5.093376	4
6.37184	5
5.101567999999999	4
5.105664	4
3.8323199999999997	3
5.113856	4
7.676927999999999	6
6.402559999999999	5
1.281536	1
8.97792	7
15.403008	12
3.853824	3
12.85632	10
19.29984	15
2.57536	2
7.7322239999999995	6
3.8691839999999997	3
9.035264	7
5.167104	4
6.4639999999999995	5
5.1752959999999995	4
6.47424	5
6.47936	5
7.781376	6
6.489599999999999	5
3.896832	3
6.49984	5
6.50496	5
10.416127999999999	8
6.5152	5
2.608128	2
5.220352	4
3.918336	3
3.921408	3
7.84896	6
3.927552	3
7.861248	6
3.933696	3
5.2490239999999995	4
3.93984	3
5.257216	4
7.891967999999999	6
5.265408	4
7.904255999999999	6
10.5472	8
2.638848	2
5.281791999999999	4
11.893248	9
5.289984	4
2.64704	2
2.649088	2
6.62784	5
5.306368	4
5.310464	4
2.65728	2
7.977983999999999	6
5.3227519999999995	4
6.65856	5
5.330944	4
9.336319999999999	7
6.67392	5
4.007423999999999	3
9.357823999999999	7
2.675712	2
4.01664	3
6.69952	5
9.386496	7
1.341952	1
1.342976	1
10.751999999999999	8
5.380096	4
4.038144	3
2.694144	2
4.044288	3
5.3964799999999995	4
6.750719999999999	5
5.404672	4
5.408767999999999	4
10.825728	8
9.47968	7
2.710528	2
2.712576	2
5.429247999999999	4
4.0750079999999995	3
5.43744	4
10.883072	8
4.084224	3
5.4497279999999995	4
5.453824	4
4.09344	3
4.096512	3
8.199168	6
6.837759999999999	5
6.84288	5
1.3696	1
6.85312	5
6.8582399999999994	5
2.745344	2
5.494784	4
1.37472	1
1.3757439999999999	1
1.376768	1
4.136448	3
11.03872	8
5.5234559999999995	4
2.763776	2
5.531648	4
6.91968	5
1.38496	1
4.161023999999999	3
6.94016	5
9.723391999999999	7
4.17024	3
2.782208	2
6.9657599999999995	5
2.7883519999999997	2
4.1856	3
1.396224	1
2.794496	2
8.389631999999999	6
2.7985919999999997	2
7.0016	5
5.605376	4
2.8047359999999997	2
4.210176	3
5.6176639999999995	4
5.62176	4
2.812928	2
5.629951999999999	4
5.634048	4
2.819072	2
8.46336	6
5.646336	4
1.4126079999999999	1
5.654528	4
1.414656	1
4.24704	3
1.416704	1
5.6709119999999995	4
1.418752	1
1.419776	1
2.8415999999999997	2
2.843648	2
4.2685439999999994	3
9.967103999999999	7
4.274687999999999	3
4.27776	3
9.995776	7
1.428992	1
1.430016	1
2.8620799999999997	2
4.296192	3
4.3023359999999995	3
4.305408	3
2.8723199999999998	2
2.876416	2
5.756927999999999	4
2.880512	2
5.76512	4
4.326912	3
10.103296	7
2.8887039999999997	2
7.2268799999999995	5
2.8928	2
4.3422719999999995	3
1.448448	1
4.348415999999999	3
4.351488	3
1.45152	1
2.907136	2
4.363776	3
4.366848	3
7.2832	5
2.9153279999999997	2
8.752127999999999	6
2.919424	2
2.921472	2
1.46176	1
1.4627839999999999	1
1.463808	1
4.394496	3
4.397568	3
5.86752	4
1.4679039999999999	1
2.937856	2
1.469952	1
4.412928	3
5.888	4
5.900288	4
4.428288	3
2.95424	2
1.478144	1
2.958336	2
1.480192	1
2.9624319999999997	2
4.44672	3
5.933056	4
4.452864	3
4.4559359999999995	3
2.9726719999999998	2
4.462079999999999	3
2.976768	2
1.4894079999999998	1
7.452159999999999	5
1.491456	1
1.49248	1
5.974016	4
5.982208	4
1.496576	1
4.4928	3
1.4996479999999999	1
1.500672	1
1.5027199999999998	1
1.503744	1
4.514304	3
1.505792	1
1.506816	1
1.5078399999999998	1
4.5296639999999995	3
3.021824	2
3.0259199999999997	2
1.513984	1
4.545024	3
3.034112	2
3.0361599999999997	2
1.519104	1
4.560384	3
4.5634559999999995	3
1.522176	1
1.5231999999999999	1
4.572672	3
1.5262719999999999	1
3.054592	2
3.05664	2
1.529344	1
3.060736	2
4.594176	3
1.532416	1
4.60032	3
3.070976	2
4.612608	3
3.07712	2
4.618752	3
3.083264	2
1.542656	1
1.54368	1
4.634112	3
4.6371839999999995	3
7.733759999999999	5
3.095552	2
3.0976	2
1.5498239999999999	1
1.550848	1
1.551872	1
1.55392	1
9.329664	6
6.223872	4
1.556992	1
3.120128	2
3.124224	2
3.1262719999999997	2
4.69248	3
4.695552	3
1.5662079999999998	1
4.701696	3
1.5682559999999999	1
1.56928	1
3.140608	2
1.5713279999999998	1
4.720128	3
4.723199999999999	3
3.154944	2
1.578496	1
4.73856	3
1.580544	1
1.5815679999999999	1
3.165184	2
3.167232	2
6.338559999999999	4
1.5866879999999999	1
4.763135999999999	3
1.588736	1
7.948799999999999	5
4.772352	3
4.775424	3
1.592832	1
3.1897599999999997	2
4.7907839999999995	3
3.1959039999999996	2
1.598976	1
4.8	3
1.601024	1
4.806144	3
1.6030719999999998	1
1.6051199999999999	1
3.212288	2
1.607168	1
3.2163839999999997	2
1.609216	1
6.44096	4
1.611264	1
1.612288	1
1.6133119999999999	1
3.228672	2
6.46144	4
3.2327679999999996	2
4.852224	3
3.238912	2
1.6215039999999998	1
3.2471039999999998	2
1.624576	1
4.876799999999999	3
3.2532479999999997	2
3.255296	2
1.629696	1
1.63072	1
4.901376	3
4.9044479999999995	3
3.27168	2
6.551552	4
1.6399359999999998	1
3.28192	2
3.2839679999999998	2
3.286016	2
1.644032	1
4.935168	3
1.647104	1
1.649152	1
4.950527999999999	3
3.3024	2
3.304448	2
6.6211839999999995	4
3.31264	2
1.657344	1
6.633471999999999	4
1.659392	1
4.984319999999999	3
3.324928	2
4.993536	3
6.666239999999999	4
1.667584	1
6.6744319999999995	4
3.339264	2
1.670656	1
1.672704	1
3.3474559999999998	2
1.674752	1
8.378879999999999	5
3.3535999999999997	2
3.357696	2
3.359744	2
1.680896	1
3.365888	2
1.683968	1
3.3699839999999996	2
3.372032	2
1.6870399999999999	1
1.688064	1
3.378176	2
1.691136	1
1.6921599999999999	1
3.3904639999999997	2
5.088768	3
1.69728	1
1.6983039999999998	1
3.398656	2
1.7003519999999999	1
8.506879999999999	5
1.7024	1
3.4068479999999997	2
3.408896	2
1.706496	1
1.7085439999999998	1
5.128704	3
5.1317759999999994	3
3.423232	2
1.7167359999999998	1
1.7187839999999999	1
1.724928	1
1.725952	1
1.7269759999999998	1
1.728	1
1.731072	1
3.4641919999999997	2
3.468288	2
5.2055039999999995	3
1.739264	1
5.220864	3
5.227008	3
3.48672	2
1.744384	1
1.7454079999999998	1
1.746432	1
1.747456	1
5.245439999999999	3
1.749504	1
1.7505279999999999	1
1.751552	1
3.505152	2
1.7535999999999998	1
1.756672	1
3.515392	2
1.761792	1
5.288448	3
3.529728	2
3.531776	2
1.7669119999999998	1
1.767936	1
3.546112	2
1.7740799999999999	1
3.550208	2
5.328384	3
1.778176	1
3.5584	2
5.340672	3
1.781248	1
3.566592	2
1.7853439999999998	1
1.78944	1
3.5809279999999997	2
7.1700479999999995	4
3.595264	2
5.395968	3
1.8037759999999998	1
3.6096	2
1.8058239999999999	1
1.807872	1
1.8088959999999998	1
3.61984	2
3.6218879999999998	2
7.247872	4
3.625984	2
3.632128	2
5.451264	3
3.636224	2
3.64032	2
1.821184	1
1.8222079999999998	1
1.823232	1
1.82528	1
1.829376	1
1.8304	1
5.494272	3
1.8324479999999999	1
1.834496	1
1.836544	1
1.838592	1
1.839616	1
5.524992	3
1.8426879999999999	1
3.6915199999999997	2
7.387136	4
1.8488319999999998	1
1.849856	1
3.7017599999999997	2
1.851904	1
3.705856	2
1.8539519999999998	1
5.564928	3
3.7181439999999997	2
1.8611199999999999	1
5.586431999999999	3
1.8641919999999998	1
1.865216	1
1.86624	1
1.8672639999999998	1
1.8693119999999999	1
1.870336	1
1.87136	1
1.8744319999999999	1
1.87648	1
1.8775039999999998	1
1.8826239999999999	1
3.7754879999999997	2
1.8908159999999998	1
5.678592	3
1.8959359999999998	1
5.6939519999999995	3
3.800064	2
3.8021119999999997	2
1.90208	1
1.903104	1
1.9041279999999998	1
1.9061759999999999	1
3.820544	2
3.82464	2
1.9143679999999998	1
3.832832	2
1.918464	1
1.9194879999999999	1
1.9225599999999998	1
3.853312	2
1.9276799999999998	1
3.8615039999999996	2
3.863552	2
1.934848	1
1.9358719999999998	1
1.936896	1
1.9379199999999999	1
1.938944	1
1.9409919999999998	1
1.94816	1
1.9491839999999998	1
1.9512319999999999	1
1.9543039999999998	1
1.9614719999999999	1
3.9352319999999996	2
1.9696639999999999	1
1.976832	1
1.97888	1
1.9799039999999999	1
1.981952	1
1.9860479999999998	1
1.987072	1
3.984384	2
1.9962879999999998	1
1.997312	1
6.007295999999999	3
4.0192	2
2.011648	1
2.012672	1
2.01472	1
4.0314879999999995	2
2.017792	1
2.01984	1
4.043776	2
2.025984	1
2.028032	1
2.03008	1
2.038272	1
4.088832	2
2.046464	1
4.103168	2
2.059776	1
4.125696	2
2.063872	1
2.064896	1
2.07104	1
6.219264	3
2.085376	1
4.1850879999999995	2
2.093568	1
2.106368	1
2.11456	1
6.349824	3
2.120704	1
2.126848	1
4.257792	2
2.143232	1
2.147328	1
2.151424	1
2.153472	1
2.157568	1
4.323328	2
2.169856	1
2.173952	1
2.1759999999999997	1
4.364288	2
2.184192	1
2.1862399999999997	1
2.188288	1
4.380672	2
4.405247999999999	2
2.208768	1
2.210816	1
2.2128639999999997	1
4.438016	2
4.442112	2
2.225152	1
2.2272	1
4.462592	2
2.23744	1
2.243584	1
4.4994559999999995	2
2.272256	1
4.552703999999999	2
4.5731839999999995	2
2.28864	1
2.292736	1
2.300928	1
4.61824	2
2.315264	1
2.317312	1
2.3234559999999997	1
2.3398399999999997	1
2.343936	1
2.3603199999999998	1
2.364416	1
2.378752	1
2.3869439999999997	1
2.39104	1
4.7943679999999995	2
2.399232	1
2.4033279999999997	1
2.419712	1
2.4238079999999997	1
4.859904	2
2.4401919999999997	1
2.44224	1
2.444288	1
2.458624	1
2.4606719999999997	1
2.464768	1
2.481152	1
2.491392	1
2.501632	1
2.509824	1
2.511872	1
2.518016	1
2.5241599999999997	1
2.526208	1
5.076992	2
2.54464	1
5.105664	2
2.57536	1
2.581504	1
2.591744	1
2.618368	1
2.620416	1
2.622464	1
2.669568	1
2.681856	1
2.685952	1
2.690048	1
2.6982399999999997	1
2.710528	1
2.7146239999999997	1
2.716672	1
2.720768	1
2.726912	1
2.7351039999999998	1
5.527552	2
2.765824	1
2.776064	1
2.81088	1
2.812928	1
2.8415999999999997	1
2.864128	1
2.900992	1
2.907136	1
3.013632	1
3.017728	1
3.023872	1
3.05664	1
3.070976	1
3.1160319999999997	1
6.31808	2
6.338559999999999	2
3.175424	1
3.204096	1
3.2061439999999997	1
3.275776	1
3.288064	1
3.331072	1
3.3699839999999996	1
3.3740799999999997	1
3.386368	1
3.408896	1
3.5174399999999997	1
3.552256	1
3.5645439999999997	1
3.5747839999999997	1
7.309311999999999	2
3.6608	1
3.7181439999999997	1
3.724288	1
3.757056	1
3.761152	1
3.8594559999999998	1
3.8983679999999996	1
4.064255999999999	1
4.282368	1
4.442112	1
4.524032	1
4.5731839999999995	1
4.585472	1
4.601856	1
4.63872	1
4.732927999999999	1
4.872192	1
10.088448	2
5.097472	1
5.224448	1
5.257216	1
5.318656	1
5.482495999999999	1
5.7446399999999995	1
5.748736	1
5.7856	1
5.863423999999999	1
5.953536	1
6.268928	1
6.2730239999999995	1
6.3999999999999995	1
6.44096	1
6.641664	1
6.883328	1
6.97344	1
7.051264	1
7.596031999999999	1
7.739392	1
7.886848	1
8.046592	1
8.054784	1
8.312832	1
8.663039999999999	1
8.703999999999999	1
9.162752	1
10.571776	1
10.850304	1
11.046911999999999	1
12.824575999999999	1
13.25056	1
13.717504	1
14.159872	1
15.978496	1
18.47296	1
18.522112	1
19.259392	1
22.126592	1
22.421504	1
22.667264	1
25.321472	1
25.354239999999997	1
25.501696	1
26.09152	1
26.730496	1
27.172863999999997	1
28.221439999999998	1
29.450239999999997	1
30.334975999999997	1
30.744576	1
30.810112	1
30.924799999999998	1
30.957568	1
31.039488	1
31.105024	1
31.236096	1
35.143679999999996	1
45.989888	1
50.184191999999996	1
50.348031999999996	1
50.446335999999995	1
51.494912	1
52.215807999999996	1
52.871168	1
54.444032	1
56.999936	1
57.065472	1
57.458687999999995	1
58.802175999999996	1
59.129856	1
59.195392	1
59.228159999999995	1
59.326463999999994	1
119.30828799999999	2
59.71968	1
59.850752	1
60.112896	1
121.07776	2
60.571647999999996	1
121.274368	2
60.70272	1
60.768255999999994	1
182.40307199999998	3
121.66758399999999	2
60.899328	1
182.894592	3
121.99526399999999	2
122.0608	2
183.189504	3
61.095935999999995	1
183.48441599999998	3
305.9712	5
122.454016	2
61.259775999999995	1
122.585088	2
122.781696	2
61.423615999999996	1
61.489152	1
61.587455999999996	1
61.685759999999995	1
123.56812799999999	2
62.013439999999996	1
62.046208	1
62.275583999999995	1
63.127551999999994	1
63.422464	1
64.110592	1
64.241664	1
64.831488	1
64.92979199999999	1
65.323008	1
65.388544	1
65.519616	1
65.585152	1
65.650688	1
65.716224	1
71.46700799999999	1
120.68454399999999	1
121.14329599999999	1
