0.854784	2
0.453248	1
0.45887999999999995	1
0.459136	1
0.460928	1
0.46784	1
0.470144	1
0.470912	1
0.471168	1
0.47193599999999997	1
0.47270399999999996	1
0.47321599999999997	1
0.4768	1
0.47731199999999996	1
0.47782399999999997	1
0.9587199999999999	2
0.479616	1
0.480384	1
0.48115199999999997	1
0.481408	1
0.482176	1
0.48268799999999995	1
0.482944	1
0.48704	1
0.48729599999999995	1
0.9771519999999999	2
0.9781759999999999	2
0.489344	1
0.490112	1
0.98176	2
0.49113599999999996	1
0.491648	1
0.49216	1
0.49241599999999996	1
0.492672	1
0.49344	1
0.494208	1
0.49446399999999996	1
0.49472	1
0.9904639999999999	2
0.49574399999999996	1
0.496	1
1.985024	4
0.49651199999999995	1
0.993536	2
0.995072	2
0.49779199999999996	1
1.992192	4
0.49830399999999997	1
0.499328	1
0.499584	1
1.501056	3
0.500864	1
1.00224	2
1.003264	2
0.5021439999999999	1
1.005312	2
0.503168	1
0.5039359999999999	1
0.504192	1
0.5047039999999999	1
0.50496	1
0.505216	1
0.505728	1
0.50624	1
1.012992	2
0.506752	1
0.5072639999999999	1
0.50752	1
0.507776	1
0.5080319999999999	1
0.508288	1
0.508544	1
1.018112	2
0.509312	1
0.509568	1
0.5098239999999999	1
1.5302399999999998	3
1.020672	2
1.0211839999999999	2
1.532544	3
0.511104	1
0.5113599999999999	1
1.534848	3
0.511872	1
0.512128	1
0.51264	1
1.025792	2
0.5131519999999999	1
2.053632	4
0.513664	1
1.0278399999999999	2
1.028352	2
0.514432	1
1.0293759999999998	2
1.544832	3
1.0304	2
2.061824	4
1.5471359999999998	3
1.550976	3
0.517504	1
0.51776	1
1.5555839999999999	3
0.518784	1
0.51904	1
1.038592	2
1.04064	2
2.0823039999999997	4
1.5624959999999999	3
2.084352	4
0.521344	1
1.0432	2
1.043712	2
0.5223679999999999	1
1.567872	3
0.52288	1
0.5231359999999999	1
1.570176	3
0.523648	1
1.571712	3
2.6227199999999997	5
3.150336	6
2.62784	5
2.10432	4
2.106368	4
2.63552	5
1.055232	2
2.1125119999999997	4
3.7004799999999998	7
2.6457599999999997	5
2.118656	4
0.530176	1
4.2455039999999995	8
3.1872	6
3.1902719999999998	6
3.1933439999999997	6
2.66368	5
1.0664959999999999	2
3.7363199999999996	7
1.602816	3
2.1391359999999997	4
4.817664	9
2.67904	5
3.21792	6
3.220992	6
2.1493759999999997	4
1.075712	2
2.69184	5
2.15552	4
3.775744	7
5.938943999999999	11
1.621248	3
5.950208	11
2.7072	5
3.251712	6
3.254784	6
2.71488	5
1.086976	2
3.808	7
4.356096	8
3.815168	7
1.091072	2
2.184192	4
6.01216	11
4.376576	8
3.8330879999999996	7
4.9328639999999995	9
6.034688	11
3.8438399999999997	7
1.648896	3
2.75072	5
2.2026239999999997	4
4.960512	9
2.20672	4
3.3131519999999997	6
6.079744	11
3.319296	6
1.661184	3
3.87968	7
2.77376	5
1.665792	3
5.55776	10
3.8940159999999997	7
2.2272	4
3.3438719999999997	6
5.57824	10
5.58336	10
10.059263999999999	18
2.23744	4
5.038848	9
2.241536	4
5.048064	9
1.122816	2
3.37152	6
2.81216	5
4.503552	8
3.9441919999999997	7
5.639679999999999	10
7.33824	13
9.604864	17
3.393024	6
3.396096	6
5.098752	9
5.6704	10
5.67552	10
3.976448	7
4.548608	8
4.552703999999999	8
3.4175999999999997	6
3.4206719999999997	6
7.418112	13
5.140224	9
4.001536	7
5.7216	10
6.872064	12
4.585472	8
4.589568	8
7.464703999999999	13
6.3219199999999995	11
7.478015999999999	13
12.090624	21
5.76256	10
9.228288	16
8.6592	15
8.666879999999999	15
8.67456	15
4.630528	8
8.110592	14
5.7984	10
5.80352	10
6.389504	11
6.395136	11
6.400767999999999	11
6.9887999999999995	12
6.412032	11
4.6673919999999995	8
7.591168	13
7.013376	12
4.679679999999999	8
5.8547199999999995	10
6.445824	11
4.691968	8
4.109056	7
9.98784	17
5.292288	9
7.0625279999999995	12
8.246784	14
5.306112	9
8.26112	14
6.496512	11
9.457664	16
4.141312	7
2.368512	4
8.29696	14
8.89728	15
7.123968	12
8.318463999999999	14
7.730944	13
4.7616	8
7.744256	13
8.347135999999999	14
5.967359999999999	10
6.569728	11
10.75968	18
10.768896	18
11.975679999999999	20
7.7908479999999996	13
9.596928	16
8.40448	14
8.411648	14
12.628224	21
7.222271999999999	12
6.02368	10
11.45472	19
3.620352	6
4.831232	8
4.230912	7
10.283776	17
2.42176	4
8.483328	14
9.703424	16
8.497664	14
9.11232	15
6.688	11
7.302143999999999	12
7.917312	13
7.314432	12
6.10048	10
6.1056	10
9.777152	16
5.504256	9
6.7330559999999995	11
4.900863999999999	8
5.518079999999999	9
7.977215999999999	13
6.141439999999999	10
8.605184	14
4.9213439999999995	8
7.38816	12
8.010496	13
7.400448	12
10.492671999999999	17
6.795007999999999	11
9.2736	15
12.37504	20
8.050431999999999	13
7.4373119999999995	12
8.063744	13
6.828799999999999	11
8.077055999999999	13
11.192832	18
9.957376	16
11.834112	19
6.85696	11
9.35808	15
5.619456	9
8.123648	13
5.003264	8
9.3888	15
6.890752	11
9.40416	15
8.156927999999999	13
10.675455999999999	17
9.4272	15
8.176896	13
9.44256	15
9.450239999999999	15
13.871616	22
10.096639999999999	16
7.578624	12
7.5847679999999995	12
8.223488	13
8.230144	13
6.9696	11
10.779904	17
10.153984	16
9.52704	15
13.348607999999999	21
6.9977599999999995	11
10.186752	16
8.283392	13
6.3769599999999995	10
10.211328	16
13.41312	21
8.310016	13
15.353855999999999	24
13.445376	21
10.893056	17
8.97792	14
9.62688	15
8.992256	14
5.785343999999999	9
12.86656	20
10.30144	16
7.087872	11
5.803776	9
11.616767999999999	18
9.042432	14
10.9888	17
9.056768	14
7.121664	11
8.423168	13
11.023615999999999	17
7.13856	11
8.443135999999999	13
6.49984	10
8.456448	13
3.9060479999999997	6
6.5152	10
7.824383999999999	12
5.872896	9
11.101951999999999	17
8.496383999999999	13
9.157119999999999	14
10.473472	16
6.5510399999999995	10
4.589312	7
12.466432	19
8.53632	13
6.57152	10
5.918976	9
9.214464	14
6.58688	10
5.2736	8
5.937408	9
8.582912	13
5.946624	9
5.289984	8
7.94112	12
4.635904	7
9.94176	15
9.286144	14
8.629503999999999	13
9.9648	15
5.318656	8
4.657408	7
8.656127999999999	13
9.995519999999999	15
9.336319999999999	14
6.67392	10
12.022272	18
8.689408	13
10.702848	16
6.02496	9
12.059135999999999	18
4.693248	7
10.064639999999999	15
5.371904	8
6.72	10
5.380096	8
9.422336	14
10.10304	15
5.392384	8
7.42016	11
4.725504	7
9.458176	14
8.789247999999999	13
8.119296	12
8.12544	12
12.197376	18
8.815871999999999	13
7.465216	11
10.18752	15
4.07808	6
10.883072	16
8.168448	12
6.1309439999999995	9
4.7720959999999994	7
2.04672	3
7.510272	11
4.7828479999999995	7
4.786432	7
3.42144	5
6.848	10
7.538431999999999	11
8.229887999999999	12
8.236032	12
8.242175999999999	12
6.18624	9
6.190848	9
6.883839999999999	10
4.822272	7
11.719935999999999	17
8.96896	13
4.142592	6
6.218496	9
4.840192	7
8.303616	12
6.23232	9
4.850944	7
6.241536	9
8.328192	12
9.028864	13
9.730559999999999	14
4.868863999999999	7
6.264576	9
6.9657599999999995	10
9.062144	13
2.7904	4
6.283008	9
5.588992	8
9.787904	14
6.99648	10
4.20096	6
8.408064	12
4.908288	7
7.718655999999999	11
4.213248	6
3.5136	5
9.142016	13
4.2224639999999996	6
6.338304	9
6.342912	9
6.347519999999999	9
7.057919999999999	10
4.237824	6
2.827264	4
10.609919999999999	15
5.662719999999999	8
7.08352	10
2.126592	3
4.965631999999999	7
7.808768	11
2.8415999999999997	4
7.820031999999999	11
5.691392	8
7.831296	11
7.8369279999999995	11
5.703679999999999	8
7.13472	10
5.711872	8
5.001472	7
7.865088	11
5.7241599999999995	8
5.012224	7
5.015808	7
5.736447999999999	8
7.17568	10
4.308479999999999	6
2.874368	4
3.59552	5
2.8784639999999997	4
6.481152	9
7.92704	11
2.884608	4
4.329984	6
3.61088	5
2.890752	4
7.9552	11
5.789696	8
5.793792	8
2.8989439999999997	4
4.351488	6
7.2576	10
5.0839039999999995	7
3.63392	5
5.091072	7
3.63904	5
5.82656	8
2.9153279999999997	4
2.917376	4
2.189568	3
4.382207999999999	6
5.84704	8
2.1941759999999997	3
1.463808	2
2.929664	4
3.66464	5
5.86752	8
2.9358079999999998	4
4.406784	6
2.939904	4
4.412928	6
2.2079999999999997	3
5.155584	7
2.2110719999999997	3
5.900288	8
5.166335999999999	7
3.6927999999999996	5
5.173503999999999	7
5.1770879999999995	7
6.660864	9
5.1842559999999995	7
2.22336	3
3.70816	5
1.4842879999999998	2
5.198592	7
1.4863359999999999	2
0.74368	1
2.976768	4
5.212928	7
5.216512	7
2.237184	3
4.47744	6
3.7337599999999997	5
3.7363199999999996	5
3.73888	5
6.734592	9
5.2416	7
4.495871999999999	6
5.248768	7
5.252352	7
1.501696	2
3.0054399999999997	4
5.263103999999999	7
4.514304	6
6.776064	9
5.273855999999999	7
1.5078399999999998	2
6.035456	8
5.2846079999999995	7
4.532736	6
8.315648	11
1.5129599999999999	2
2.270976	3
6.060032	8
3.0320639999999996	4
8.343808	11
4.55424	6
2.278656	3
3.040256	4
3.80288	5
3.80544	5
6.0927999999999995	8
2.286336	3
3.050496	4
3.81568	5
6.109184	8
6.87744	9
2.294016	3
4.591104	6
1.5313919999999999	2
3.83104	5
3.06688	4
7.67232	10
2.303232	3
1.5365119999999999	2
1.537536	2
4.61568	6
3.84896	5
3.081216	4
0.770816	1
2.313984	3
3.08736	4
4.634112	6
1.545728	2
4.640256	6
6.191104	8
4.6464	6
4.649471999999999	6
3.101696	4
3.87968	5
6.211583999999999	8
3.8848	5
3.8873599999999997	5
5.445888	7
6.227968	8
2.337024	3
1.55904	2
0.780032	1
3.90272	5
3.90528	5
3.9078399999999998	5
3.12832	4
4.695552	6
3.91552	5
1.567232	2
2.352384	3
6.27712	8
3.92576	5
5.499648	7
1.572352	2
7.866879999999999	10
4.723199999999999	6
0.787712	1
5.517568	7
3.154944	4
6.313984	8
3.15904	4
4.741632	6
6.3262719999999995	8
2.373888	3
5.542656	7
6.338559999999999	8
5.549824	7
5.553408	7
3.96928	5
5.560576	7
3.9743999999999997	5
6.363136	8
5.571327999999999	7
7.167744	9
3.9846399999999997	5
7.176959999999999	9
4.787712	6
7.98464	10
7.190784	9
8.794368	11
5.6	7
6.404096	8
6.408192	8
4.809216	6
3.208192	4
2.40768	3
4.01536	5
3.214336	4
4.8245759999999995	6
4.827648	6
5.63584	7
4.833792	6
5.643008	7
8.066559999999999	10
2.421504	3
4.0384	5
4.04096	5
3.234816	4
4.855296	6
4.858368	6
4.0512	5
4.05376	5
7.301375999999999	9
4.870655999999999	6
1.624576	2
8.128	10
4.879872	6
4.882944	6
3.257344	4
8.14848	10
4.89216	6
4.895232	6
7.347455999999999	9
8.985856	11
4.9044479999999995	6
3.27168	4
5.729024	7
6.551552	8
9.014016	11
3.2798719999999997	4
4.102399999999999	5
9.030911999999999	11
4.10752	5
5.754112	7
2.467584	3
3.29216	4
4.11776	5
6.592511999999999	8
4.122879999999999	5
9.075968	11
9.0816	11
1.652224	2
4.959744	6
2.481408	3
7.4488319999999995	9
2.48448	3
5.800704	7
4.975104	6
5.807872	7
3.320832	4
7.47648	9
2.493696	3
1.6634879999999999	2
4.993536	6
5.829376	7
6.666239999999999	8
8.33792	10
7.508736	9
1.669632	2
7.517951999999999	9
5.85088	7
2.5090559999999997	3
2.510592	3
0.837376	1
9.216768	11
7.545599999999999	9
8.38912	10
10.073088	12
8.39936	10
7.564032	9
10.93248	13
6.731776	8
10.103807999999999	12
5.054976	6
6.744064	8
5.90464	7
4.22016	5
4.22272	5
6.760447999999999	8
2.536704	3
5.07648	6
5.079552	6
3.388416	4
5.0856959999999996	6
9.329407999999999	11
11.03232	13
5.944064	7
6.797312	8
3.4007039999999997	4
5.954816	7
4.256	5
5.110272	6
4.26112	5
5.116416	6
6.825984	8
5.12256	6
9.396992	11
5.9834879999999995	7
6.842368	8
5.9906559999999995	7
7.70688	9
5.140992	6
8.57344	10
8.57856	10
6.008576	7
6.87104	8
5.156352	6
9.458943999999999	11
5.162496	6
12.91392	15
12.06016	14
4.30976	5
12.93696	15
5.177855999999999	6
6.044416	7
7.776	9
2.593536	3
12.97536	15
4.32768	5
5.196288	6
6.93248	8
6.069503999999999	7
5.2055039999999995	6
3.472384	4
7.8174719999999995	9
8.6912	10
7.826688	9
6.0910079999999995	7
8.70656	10
13.06752	15
7.84512	9
7.849728	9
8.727039999999999	10
3.492864	4
8.73728	10
6.993919999999999	8
4.37376	5
7.0021119999999994	8
11.385088	13
10.515456	12
7.8911999999999995	9
9.650432	11
6.144768	7
8.78336	10
10.546175999999999	12
8.7936	10
10.558463999999999	12
7.0430719999999996	8
10.570751999999999	12
7.932671999999999	9
7.055359999999999	8
7.941888	9
7.063552	8
5.300736	6
8.83968	10
7.960319999999999	9
9.734912	11
8.855039999999999	10
6.202112	7
13.29792	15
10.64448	12
9.763072	11
10.656768	12
6.220032	7
6.223616	7
5.3376	6
9.791231999999999	11
4.45312	5
9.802496	11
6.241536	7
10.705919999999999	12
4.46336	5
10.718207999999999	12
9.830656	11
8.047872	9
7.15776	8
11.638016	13
9.853183999999999	11
4.48128	5
8.070912	9
4.4864	5
12.569087999999999	14
8.983039999999999	10
9.886975999999999	11
8.093952	9
12.59776	14
10.804224	12
17.116416	19
12.619264	14
5.411328	6
11.7312	13
14.446591999999999	16
12.647936	14
10.847232	12
9.948928	11
7.23968	8
12.676608	14
2.717952	3
5.438975999999999	6
13.60512	15
12.70528	14
11.804416	13
12.719616	14
7.272448	8
9.09568	10
15.471359999999999	17
13.65888	15
8.199936	9
11.851008	13
10.945535999999999	12
5.47584	6
5.478911999999999	6
10.050303999999999	11
10.055935999999999	11
8.232192	9
9.152	10
10.988544	12
10.078464	11
8.250624	9
11.924223999999999	13
5.5065599999999995	6
8.264448	9
9.18784	10
12.870144	14
11.957504	13
8.28288	9
8.287488	9
9.21344	10
11.062272	12
16.602624	18
7.383039999999999	8
11.080703999999999	12
9.23904	10
9.244159999999999	10
9.249279999999999	10
6.478079999999999	7
7.407616	8
7.411712	8
9.26976	10
8.347392	9
14.847999999999999	16
5.571072	6
10.219263999999999	11
8.365824	9
10.230528	11
14.888959999999999	16
12.103936	13
11.179008	12
12.117248	13
4.66304	5
10.26432	11
7.469055999999999	8
13.078016	14
11.215872	12
7.481344	8
14.0352	15
9.36192	10
9.36704	10
4.68608	5
7.501824	8
8.44416	9
7.510015999999999	8
6.574847999999999	7
7.518208	8
11.283456	12
9.408	10
12.237055999999999	13
7.534592	8
11.308031999999999	12
9.42848	10
10.37696	11
10.382591999999999	11
9.44384	10
10.393856	11
11.344896	12
9.4592	10
8.517888	9
7.575552	8
9.47456	10
8.531711999999999	9
10.43328	11
9.48992	10
12.343551999999999	13
11.400191999999999	12
9.505279999999999	10
4.755199999999999	5
14.27328	15
5.712384	6
8.573184	9
8.577791999999999	9
10.4896	11
12.403456	13
7.636991999999999	8
7.641088	8
13.379071999999999	14
6.6931199999999995	7
8.610047999999999	9
7.657471999999999	8
6.703872	7
6.707456	7
7.669759999999999	8
2.877696	3
13.436416	14
10.562816	11
10.568448	11
9.6128	10
6.732544	7
10.585344	11
9.62816	10
10.596608	11
9.638399999999999	10
4.821759999999999	5
11.578368	12
7.723007999999999	8
16.420096	17
6.764799999999999	7
2.9007359999999998	3
4.83712	5
8.711424	9
8.716032	9
7.7516799999999995	8
8.725247999999999	9
2.9099519999999997	3
8.734464	9
5.826048	6
9.7152	10
6.804224	7
11.670528	12
9.730559999999999	10
6.814976	7
5.84448	6
7.796735999999999	8
6.825728	7
2.9268479999999997	3
9.76128	10
11.71968	12
11.725824	12
3.910656	4
6.847232	7
1.957376	2
7.8336	8
8.817408	9
5.8813439999999995	6
4.90368	5
0.981248	1
14.7264	15
7.858175999999999	8
13.758975999999999	14
6.883071999999999	7
8.854272	9
6.8902399999999995	7
7.878655999999999	8
6.8974079999999995	7
2.9575679999999998	3
6.904576	7
6.90816	7
5.924352	6
4.93952	5
5.930496	6
7.911423999999999	8
4.9472	5
7.9196159999999995	8
3.9618559999999996	4
5.945856	6
6.940416	7
3.968	4
4.96256	5
7.944191999999999	8
5.961215999999999	6
9.940479999999999	10
7.95648	8
3.980288	4
2.986752	3
9.96096	10
6.976255999999999	7
5.98272	6
6.983423999999999	7
5.9888639999999995	6
6.9905919999999995	7
7.993344	8
6.9977599999999995	7
1.000192	1
6.004224	6
5.00608	5
7.012096	7
7.01568	7
5.0137599999999996	5
6.019584	6
7.026432	7
7.030016	7
2.0096	2
4.021248	4
7.040768	7
10.06336	10
7.047936	7
8.05888	8
12.094464	12
5.04192	5
3.026688	3
5.04704	5
10.0992	10
5.05216	5
3.032832	3
5.0572799999999996	5
8.095744	8
6.074879999999999	6
5.06496	5
3.0405119999999997	3
9.126144	9
4.0581119999999995	4
7.10528	7
10.15552	10
6.096384	6
4.066304	4
5.08544	5
2.0352	2
7.126784	7
5.09312	5
5.09568	5
7.137536	7
11.22176	11
10.206719999999999	10
8.169471999999999	8
3.065088	3
6.133248	6
2.0454399999999997	2
4.092928	4
6.1424639999999995	6
9.218304	9
7.173375999999999	7
10.252799999999999	10
3.0773759999999997	3
4.1052159999999995	4
3.080448	3
7.1912959999999995	7
4.1113599999999995	4
9.255168	9
7.202048	7
10.293759999999999	10
3.089664	3
3.0911999999999997	3
1.030912	1
2.062848	2
8.255488	8
6.194687999999999	6
4.1318399999999995	4
3.100416	3
2.067968	2
4.137983999999999	4
7.245056	7
2.07104	2
5.18016	5
3.109632	3
4.148224	4
5.18784	5
8.30464	8
3.115776	3
3.1173119999999996	3
4.1584639999999995	4
4.160512	4
5.2032	5
4.164607999999999	4
6.2499839999999995	6
4.168704	4
4.170752	4
4.1728	4
3.1311359999999997	3
4.176896	4
4.1789439999999995	4
5.22624	5
5.2288	5
3.138816	3
4.187136	4
3.141888	3
4.191231999999999	4
8.38656	8
7.343616	7
5.25056	5
16.818175999999998	16
8.41728	8
4.212736	4
8.433664	8
10.55232	10
11.618815999999999	11
2.11456	2
12.699648	12
5.29664	5
6.362112	6
7.429632	7
9.5616	9
5.31712	5
7.451136	7
8.523776	8
8.531967999999999	8
7.472639999999999	7
9.616895999999999	9
6.417408	6
1.070592	1
5.35808	5
11.79904	11
7.515648	7
6.448128	6
10.757119999999999	10
3.2302079999999997	3
5.3888	5
4.315136	4
8.638463999999999	8
9.727488	9
11.900416	11
2.1657599999999997	2
6.503424	6
14.104064	13
7.6016639999999995	7
4.347904	4
3.264	3
4.356096	4
7.630336	7
8.728576	8
5.46048	5
6.55872	6
12.035584	11
7.666175999999999	7
8.769536	8
3.291648	3
7.687679999999999	7
6.595584	6
9.902592	9
9.911807999999999	9
9.921024	9
5.5168	5
9.939456	9
5.5270399999999995	5
9.957887999999999	9
6.644736	6
2.21696	2
6.657024	6
5.552639999999999	5
7.780863999999999	7
5.56288	5
5.568	5
8.916992	8
8.925184	8
8.933375999999999	8
2.235392	2
6.71232	6
4.478975999999999	4
3.362304	3
2.243584	2
3.368448	3
3.37152	3
1.1248639999999999	1
5.62944	5
3.3807359999999997	3
7.8955519999999995	7
6.773759999999999	6
3.3899519999999996	3
3.393024	3
3.396096	3
3.399168	3
1.13408	1
9.080832	8
3.408384	3
5.68576	5
5.69088	5
4.5568	4
4.560896	4
6.847487999999999	6
7.9959039999999995	7
6.859776	6
4.57728	4
2.290688	2
1.146368	1
8.031744	7
5.74208	5
1.14944	1
6.902784	6
5.75744	5
5.76256	5
1.153536	1
5.7728	5
3.466752	3
2.3132159999999997	2
4.630528	4
2.317312	2
5.7984	5
1.160704	1
3.485184	3
3.488256	3
4.655104	4
3.4943999999999997	3
2.331648	2
5.834239999999999	5
3.506688	3
2.3398399999999997	2
4.683776	4
3.515904	3
7.037952	6
4.696064	4
2.3500799999999997	2
1.176064	1
1.177088	1
1.178112	1
5.89568	5
2.3603199999999998	2
5.90592	5
4.728832	4
1.1832319999999998	1
2.368512	2
1.18528	1
1.187328	1
3.565056	3
2.378752	2
3.5711999999999997	3
4.765696	4
2.384896	2
3.580416	3
4.777984	4
3.58656	3
1.196544	1
1.197568	1
2.3971839999999998	2
1.199616	1
1.20064	1
2.405376	2
1.204736	1
4.82304	4
2.4135679999999997	2
2.415616	2
6.04416	5
2.42176	2
3.635712	3
3.638784	3
2.427904	2
2.429952	2
1.216	1
2.4340479999999998	2
1.218048	1
2.438144	2
1.2200959999999998	1
1.22112	1
3.666432	3
1.223168	1
2.45248	2
1.227264	1
1.228288	1
4.917248	4
1.2303359999999999	1
1.23136	1
2.464768	2
2.4668159999999997	2
1.2354559999999999	1
1.23648	1
1.237504	1
1.239552	1
2.481152	2
4.970496	4
4.9745919999999995	4
3.734016	3
1.245696	1
2.495488	2
2.4975359999999998	2
2.499584	2
1.250816	1
2.5036799999999997	2
1.253888	1
3.77088	3
1.257984	1
3.777024	3
2.520064	2
1.2620799999999999	1
3.8046719999999996	3
1.2702719999999998	1
1.271296	1
5.08928	4
3.826176	3
1.2805119999999999	1
3.844608	3
1.2835839999999998	1
1.284608	1
1.286656	1
3.8661119999999998	3
3.8722559999999997	3
1.295872	1
2.593792	2
1.2989439999999999	1
3.899904	3
1.3020159999999998	1
1.30304	1
2.608128	2
1.306112	1
1.3071359999999999	1
1.30816	1
2.622464	2
1.31328	1
1.314304	1
2.6306559999999997	2
2.632704	2
1.3173759999999999	1
1.3184	1
2.642944	2
1.322496	1
1.32352	1
1.324544	1
1.327616	1
1.329664	1
1.3337599999999998	1
1.334784	1
2.673664	2
2.675712	2
5.363712	4
1.341952	1
2.6879999999999997	2
1.347072	1
2.696192	2
1.3491199999999999	1
1.3521919999999998	1
2.706432	2
1.3542399999999999	1
2.712576	2
2.716672	2
1.35936	1
1.360384	1
1.3624319999999999	1
2.726912	2
2.7310079999999997	2
1.368576	1
1.3706239999999998	1
2.74944	2
1.3757439999999999	1
1.37984	1
2.765824	2
1.3839359999999998	1
1.393152	1
2.7904	2
1.397248	1
4.194815999999999	3
2.80064	2
2.8047359999999997	2
1.40544	1
1.409536	1
1.41056	1
1.411584	1
1.416704	1
2.837504	2
1.421824	1
1.423872	1
1.4310399999999999	1
2.874368	2
2.880512	2
1.4464	1
1.448448	1
1.4525439999999998	1
1.464832	1
1.46688	1
1.474048	1
1.475072	1
1.478144	1
1.480192	1
1.4812159999999999	1
1.48224	1
1.483264	1
1.485312	1
1.48736	1
1.491456	1
1.493504	1
1.496576	1
1.4996479999999999	1
1.500672	1
1.513984	1
1.5231999999999999	1
1.524224	1
1.52832	1
1.529344	1
3.095552	2
1.5498239999999999	1
1.560064	1
1.562112	1
1.5631359999999999	1
1.56416	1
1.5713279999999998	1
1.572352	1
1.587712	1
1.588736	1
1.5948799999999999	1
1.6051199999999999	1
1.6163839999999998	1
1.6184319999999999	1
1.624576	1
1.6348159999999998	1
1.63584	1
1.657344	1
1.660416	1
1.6665599999999998	1
1.672704	1
1.699328	1
1.7239039999999999	1
1.73312	1
1.746432	1
1.757696	1
1.797632	1
1.8088959999999998	1
1.81504	1
1.8744319999999999	1
1.9010559999999999	1
1.916416	1
1.9614719999999999	1
2.0055039999999997	1
2.013696	1
2.051584	1
2.0689919999999997	1
2.10432	1
2.106368	1
2.116608	1
2.141184	1
2.163712	1
2.182144	1
2.1964799999999998	1
2.274304	1
2.378752	1
2.39104	1
2.4770559999999997	1
2.481152	1
2.5036799999999997	1
2.5139199999999997	1
2.520064	1
2.5610239999999997	1
2.591744	1
2.62656	1
2.663424	1
2.7781119999999997	1
2.819072	1
2.855936	1
2.976768	1
3.0320639999999996	1
3.101696	1
3.214336	1
3.224576	1
3.32288	1
3.402752	1
3.412992	1
3.5973119999999996	1
3.6075519999999996	1
3.6116479999999997	1
3.6648959999999997	1
3.683328	1
3.750912	1
3.767296	1
3.8225919999999998	1
3.836928	1
3.8819839999999997	1
3.9168	1
4.00896	1
4.0581119999999995	1
4.06016	1
4.3192319999999995	1
4.368384	1
4.384768	1
4.438016	1
4.601856	1
4.634624	1
4.790272	1
4.9213439999999995	1
4.9745919999999995	1
5.023744	1
5.126144	1
5.277696	1
5.535743999999999	1
5.814272	1
5.875712	1
6.064127999999999	1
6.0723199999999995	1
6.150144	1
6.424576	1
6.490112	1
6.498304	1
6.797312	1
7.8254079999999995	1
7.9523839999999995	1
8.466432	1
12.496896	1
14.053376	1
16.084992	1
16.77312	1
18.751488	1
19.832832	1
20.176896	1
25.894911999999998	1
28.434431999999997	1
28.450816	1
28.54912	1
29.253632	1
29.745151999999997	1
30.498815999999998	1
30.646272	1
30.695424	1
61.489152	2
30.826496	1
30.957568	1
31.514623999999998	1
31.58016	1
53.16608	1
55.918592	1
58.507264	1
58.736639999999994	1
117.93203199999999	2
59.785216	1
60.112896	1
60.243967999999995	1
60.407807999999996	1
60.440576	1
120.946688	2
121.274368	2
121.470976	2
182.40307199999998	3
60.86656	1
182.697984	3
60.932095999999994	1
60.964864	1
61.063168	1
61.19424	1
61.292544	1
61.325312	1
61.390848	1
63.946752	1
0.43302399999999996	1
0.433536	1
0.44428799999999996	1
0.44556799999999996	1
0.45248	1
0.45939199999999997	1
0.461184	1
0.46271999999999996	1
0.465024	1
0.46656	1
0.467072	1
0.46860799999999997	1
0.469888	1
0.944896	2
0.47296	1
0.47321599999999997	1
0.473472	1
1.428096	3
0.4768	1
0.477056	1
0.47731199999999996	1
0.47808	1
0.478336	1
0.47859199999999996	1
0.47935999999999995	1
0.480128	1
0.480384	1
0.48115199999999997	1
0.482176	1
0.48268799999999995	1
0.48319999999999996	1
0.483712	1
0.484224	1
0.484736	1
0.484992	1
0.48524799999999996	1
0.486016	1
0.972544	2
0.973568	2
0.975104	2
0.9756159999999999	2
0.488064	1
0.48857599999999995	1
0.48908799999999997	1
0.489344	1
0.4896	1
0.9797119999999999	2
0.981248	2
0.98176	2
0.491648	1
0.49190399999999995	1
0.49216	1
0.985856	2
0.49318399999999996	1
0.98688	2
0.49369599999999997	1
0.494208	1
0.49446399999999996	1
0.98944	2
0.49497599999999997	1
0.9904639999999999	2
0.495488	1
0.9914879999999999	2
0.496	1
1.4887679999999999	3
0.9940479999999999	2
0.49779199999999996	1
0.498048	1
0.49856	1
1.000704	2
1.001728	2
0.50112	1
1.0027519999999999	2
0.501632	1
0.501888	1
0.5021439999999999	1
0.503168	1
1.006848	2
0.5039359999999999	1
0.504192	1
1.008896	2
0.5047039999999999	1
1.00992	2
0.505216	1
0.505472	1
0.505984	1
0.50624	1
0.506496	1
0.507008	1
2.03008	4
1.015552	2
1.524096	3
0.508288	1
1.0176	2
0.509312	1
1.019136	2
1.0196479999999999	2
1.531008	3
1.0211839999999999	2
0.511104	1
0.511616	1
1.023744	2
0.512128	1
0.512384	1
0.512896	1
0.5131519999999999	1
0.513408	1
1.0278399999999999	2
1.028352	2
1.028864	2
0.5146879999999999	1
1.029888	2
1.0304	2
0.515456	1
0.515712	1
1.5486719999999998	3
1.0329599999999999	2
1.033472	2
0.5172479999999999	1
1.552512	3
1.03552	2
1.036032	2
1.036544	2
0.518528	1
0.518784	1
2.07616	4
1.038592	2
0.5198079999999999	1
1.0411519999999999	2
2.083328	4
2.084352	4
1.042688	2
0.522112	1
1.5671039999999998	3
0.522624	1
1.56864	3
1.0462719999999999	2
1.046784	2
0.523648	1
0.52416	1
2.6227199999999997	5
2.62528	5
2.62784	5
1.5782399999999999	3
3.6861439999999996	7
2.63552	5
4.220928	8
2.1125119999999997	4
1.05728	2
4.233216	8
1.588992	3
2.120704	4
2.1227519999999998	4
2.1248	4
2.126848	4
1.5966719999999999	3
1.065472	2
2.6662399999999997	5
1.60128	3
1.602816	3
2.1391359999999997	4
3.211776	6
0.535808	1
3.21792	6
4.294656	8
1.612032	3
5.916416	11
2.69184	5
2.6944	5
2.69696	5
4.8591359999999995	9
1.621248	3
2.70464	5
4.87296	9
1.083904	2
2.169856	4
4.343808	8
3.260928	6
5.4399999999999995	10
3.2670719999999998	6
3.815168	7
6.000896	11
4.368384	8
4.3724799999999995	8
4.376576	8
3.285504	6
6.577152	12
4.388864	8
4.3929599999999995	8
1.648896	3
6.601728	12
3.3039359999999998	6
8.26752	15
1.6550399999999998	3
3.865344	7
6.632448	12
3.872512	7
5.53728	10
4.98816	9
3.328512	6
4.442112	8
6.113536	11
3.337728	6
2.784	5
3.3438719999999997	6
4.462592	8
5.58336	10
3.353088	6
6.152959999999999	11
0.5598719999999999	1
5.60384	10
2.243584	4
5.6140799999999995	10
3.9334399999999996	7
4.4994559999999995	8
3.9406079999999997	7
4.507648	8
6.203647999999999	11
6.773759999999999	12
3.954944	7
4.524032	8
2.264064	4
6.231808	11
7.371519999999999	13
3.405312	6
8.520959999999999	15
7.391488	13
5.121792	9
3.4175999999999997	6
5.131008	9
5.135616	9
5.140224	9
5.71648	10
6.29376	11
4.008704	7
6.878208	12
7.458048	13
9.761536	17
4.59776	8
6.327552	11
5.75744	10
6.338816	11
6.921215999999999	12
6.350079999999999	11
6.933504	12
6.939648	12
5.7881599999999995	10
6.951936	12
6.37824	11
6.964224	12
6.970368	12
6.976512	12
3.4913279999999998	6
8.153599999999999	14
4.080384	7
7.001087999999999	12
4.087552	7
5.260032	9
6.434559999999999	11
6.440192	11
5.85984	10
6.451455999999999	11
6.457088	11
7.05024	12
7.644416	13
5.88544	10
4.712448	8
8.84352	15
6.49088	11
8.268288	14
5.91104	10
6.507776	11
8.289792	14
11.8528	20
4.152064	7
7.717632	13
7.130112	12
6.541568	11
5.952	10
6.5528319999999995	11
7.154687999999999	12
5.967359999999999	10
7.166976	12
5.37984	9
7.777536	13
4.790272	8
6.592256	11
4.798464	8
7.8041599999999995	13
7.2099839999999995	12
4.810752	8
9.02784	15
3.01184	5
10.24896	17
5.430528	9
7.850752	13
4.835328	8
5.444351999999999	9
5.44896	9
7.877376	13
6.671104	11
4.855808	8
4.252416	7
6.688	11
7.9106559999999995	13
5.481216	9
9.752576	16
6.10048	10
7.32672	12
6.721792	11
9.17376	15
4.896768	8
6.738688	11
6.74432	11
7.3635839999999995	12
9.826304	16
6.761216	11
9.22752	15
8.00384	13
8.010496	13
6.7837439999999996	11
8.641024	14
12.972287999999999	21
10.51008	17
6.806272	11
8.669696	14
3.09888	5
7.443455999999999	12
5.5872	9
6.21312	10
8.083712	13
8.090368	13
9.965568	16
11.84384	19
7.486464	12
8.116992	13
5.624064	9
5.628672	9
10.014719999999999	16
11.902208	19
11.284991999999999	18
7.529471999999999	12
8.791552	14
7.54176	12
7.547904	12
8.813056	14
10.710272	17
10.718976	17
9.4656	15
11.367936	18
8.216832	13
8.223488	13
4.431616	7
10.137599999999999	16
11.414016	18
6.34624	10
8.891904	14
3.1782399999999997	5
6.9977599999999995	11
10.186752	16
8.283392	13
8.290047999999999	13
7.6584959999999995	12
8.30336	13
7.670783999999999	12
6.39744	10
10.884352	17
7.689216	12
9.6192	15
8.343296	13
5.138432	8
7.070976	11
5.7899519999999995	9
9.01376	14
7.7322239999999995	12
5.803776	9
8.389888	13
8.396544	13
9.0496	14
10.350591999999999	16
9.711359999999999	15
6.47936	10
4.539136	7
9.734399999999999	15
10.391551999999999	16
7.149824	11
6.50496	10
6.510079999999999	10
12.378879999999999	19
13.692672	21
7.1779839999999995	11
7.836672	12
5.882111999999999	9
5.8867199999999995	9
8.509696	13
5.895936	9
9.83424	15
9.84192	15
5.9097599999999995	9
5.914368	9
7.234304	11
8.556288	13
7.245568	11
8.5696	13
9.235968	14
3.961344	6
7.268096	11
7.273727999999999	11
2.64704	4
5.9604479999999995	9
4.639488	7
13.26592	20
4.646656	7
12.622079999999999	19
5.9834879999999995	9
5.3227519999999995	8
4.660991999999999	7
7.330048	11
8.66944	13
8.676096	13
7.346944	11
6.684159999999999	10
8.027136	12
4.01664	6
6.69952	10
6.7046399999999995	10
3.3548799999999996	5
4.028928	6
5.3759999999999994	8
6.7251199999999995	10
9.422336	14
10.776576	16
4.718336	7
8.76928	13
6.750719999999999	10
7.431424	11
6.76096	10
6.76608	10
11.51104	17
6.098688	9
6.78144	10
3.39328	5
5.433344	8
9.51552	14
4.761343999999999	7
11.571968	17
6.8121599999999995	10
8.862464	13
6.14016	9
6.144768	9
7.515904	11
8.205312	12
7.527168	11
5.4784	8
7.538431999999999	11
8.915712	13
12.354047999999999	18
6.86848	10
6.8736	10
6.8787199999999995	10
8.260608	12
4.133376	6
9.651712	14
4.82944	7
6.904319999999999	10
11.055104	16
8.988928	13
3.45984	5
7.61728	11
4.850944	7
5.548032	8
3.47008	5
6.9452799999999995	10
11.12064	16
8.346624	12
8.352768	12
12.538368	18
4.182528	6
8.3712	12
6.98112	10
13.273855999999999	19
7.6904959999999996	11
5.5971839999999995	8
4.90112	7
5.605376	8
4.207104	6
6.315264	9
5.6176639999999995	8
9.13536	13
5.625856	8
6.333696	9
7.04256	10
7.04768	10
6.347519999999999	9
8.469503999999999	12
5.6504319999999995	8
5.654528	8
6.365952	9
2.8313599999999997	4
5.666816	8
6.379776	9
7.09376	10
9.228544	13
6.393599999999999	9
4.9763839999999995	7
3.55712	5
4.9835519999999995	7
4.274687999999999	6
3.5648	5
4.280832	6
4.997888	7
2.857984	4
5.005056	7
5.00864	7
5.012224	7
3.5827199999999997	5
5.736447999999999	8
5.022976	7
7.898879999999999	11
5.030144	7
3.59552	5
2.158848	3
5.040896	7
9.368319999999999	13
7.211519999999999	10
6.494975999999999	9
4.333056	6
5.058816	7
4.3392	6
2.894848	4
5.793792	8
5.073151999999999	7
6.527232	9
3.6288	5
6.536448	9
7.994624	11
7.272959999999999	10
3.63904	5
7.2832	10
8.017152	11
5.105408	7
3.6492799999999996	5
5.112576	7
7.3088	10
5.8511359999999994	8
4.391424	6
6.591743999999999	9
5.863423999999999	8
5.86752	8
5.137664	7
5.141248	7
4.4098559999999996	6
5.883903999999999	8
6.624	9
7.365119999999999	10
8.844287999999999	12
2.950144	4
5.166335999999999	7
6.64704	9
2.217216	3
5.1770879999999995	7
5.920768	8
3.7030399999999997	5
5.18784	7
5.933056	8
5.195008	7
5.198592	7
4.459008	6
7.4368	10
6.697728	9
6.702336	9
4.471296	6
3.72864	5
2.98496	4
2.987008	4
2.9890559999999997	4
5.982208	8
5.238016	7
5.2416	7
3.7465599999999997	5
3.74912	5
2.251008	3
1.501696	2
7.513599999999999	10
3.007488	4
3.0095359999999998	4
6.776064	9
5.273855999999999	7
3.7695999999999996	5
4.526592	6
4.5296639999999995	6
3.021824	4
5.291776	7
2.26944	3
3.78496	5
2.272512	3
3.7900799999999997	5
6.068224	8
3.7952	5
5.316864	7
3.8003199999999997	5
7.60576	10
6.849792	9
2.2847999999999997	3
4.572672	6
8.388864	11
7.63136	10
4.581888	6
6.11328	8
7.646719999999999	10
6.8866559999999994	9
6.891264	9
7.66208	10
6.90048	9
6.137855999999999	8
6.909695999999999	9
7.68256	10
6.150144	8
7.6928	10
5.388544	7
6.932735999999999	9
9.249792	12
6.170624	8
7.7184	10
3.0894079999999997	4
2.3185919999999998	3
6.9603839999999995	9
2.3216639999999997	3
3.872	5
4.649471999999999	6
3.8771199999999997	5
3.103744	4
3.88224	5
6.21568	8
3.8873599999999997	5
3.88992	5
5.449472	7
3.89504	5
7.7951999999999995	10
7.020288	9
4.683263999999999	6
4.686336	6
4.689407999999999	6
4.69248	6
1.565184	2
1.5662079999999998	2
3.91808	5
3.1365119999999997	4
3.13856	4
3.92576	5
3.1426559999999997	4
3.144704	4
3.9334399999999996	5
3.936	5
7.089408	9
3.1528959999999997	4
2.366208	3
7.103231999999999	9
4.73856	6
5.531904	7
5.535488	7
1.582592	2
5.542656	7
7.9232	10
6.342656	8
3.96672	5
4.763135999999999	6
3.177472	4
3.9743999999999997	5
4.772352	6
3.183616	4
3.185664	4
4.781568	6
3.9871999999999996	5
5.5856639999999995	7
6.387712	8
1.5979519999999998	2
2.3984639999999997	3
3.1999999999999997	4
4.00256	5
4.00512	5
4.00768	5
4.01024	5
4.81536	6
4.818432	6
4.01792	5
3.2163839999999997	4
10.459904	13
3.22048	4
4.02816	5
0.806144	1
3.2266239999999997	4
2.421504	3
7.26912	9
4.849152	6
3.234816	4
6.4737279999999995	8
2.429184	3
5.671679999999999	7
4.05376	5
7.301375999999999	9
2.4353279999999997	3
3.249152	4
6.5024	8
2.439936	3
5.696768	7
3.257344	4
7.333632	9
1.63072	2
4.079359999999999	5
4.8983039999999995	6
4.08448	5
1.6348159999999998	2
7.36128	9
4.09216	5
3.275776	4
6.555648	8
6.559743999999999	8
5.74336	7
9.030911999999999	11
5.750528	7
2.466048	3
5.757696	7
4.1152	5
6.588416	8
6.592511999999999	8
2.473728	3
4.12544	5
5.7791999999999994	7
1.652224	2
8.26624	10
6.617088	8
4.965888	6
5.79712	7
9.115392	11
4.975104	6
3.318784	4
9.132287999999999	11
2.4921599999999997	3
7.481088	9
4.990463999999999	6
5.825792	7
9.160447999999999	11
5.83296	7
6.670336	8
7.508736	9
3.339264	4
6.682624	8
4.1792	5
4.18176	5
2.510592	3
6.699008	8
4.189439999999999	5
6.707199999999999	8
5.033472	6
9.233664	11
5.039616	6
6.723584	8
5.8867199999999995	7
9.256192	11
5.0519039999999995	6
6.739967999999999	8
6.744064	8
2.53056	3
4.22016	5
7.600896	9
4.22528	5
2.536704	3
5.92256	7
6.772736	8
9.318144	11
6.780927999999999	8
6.785024	8
2.5459199999999997	3
5.094912	6
4.24832	5
8.501759999999999	10
8.506879999999999	10
11.0656	13
5.961984	7
4.26112	5
8.52736	10
3.412992	4
7.68384	9
9.396992	11
11.112192	13
7.697664	9
3.423232	4
5.137919999999999	6
9.425151999999999	11
5.144064	6
4.28928	5
9.442048	11
5.15328	6
6.8751359999999995	8
9.458943999999999	11
5.162496	6
3.4437119999999997	4
5.16864	6
4.30976	5
3.449856	4
10.355711999999999	12
6.907903999999999	8
6.912	8
4.32256	5
6.055168	7
3.462144	4
3.4641919999999997	4
6.93248	8
6.069503999999999	7
7.808256	9
6.944768	8
4.34304	5
6.95296	8
6.957056	8
7.831296	9
5.223936	6
6.9693439999999995	8
3.48672	4
5.233152	6
1.7454079999999998	2
6.985728	8
10.484736	12
5.245439999999999	6
6.123264	7
9.627904	11
15.763967999999998	18
5.257728	6
7.8911999999999995	9
14.036992	16
7.900416	9
9.661696	11
9.667328	11
7.034879999999999	8
5.2792319999999995	6
9.684224	11
5.285375999999999	6
7.051264	8
5.291519999999999	6
8.82432	10
7.946496	9
7.951104	9
9.723647999999999	11
3.5379199999999997	4
9.734912	11
10.626047999999999	12
10.632192	12
7.978752	9
6.20928	7
4.43776	5
12.432896	14
4.44288	5
13.336319999999999	15
10.6752	12
8.901119999999999	10
8.90624	10
9.802496	11
9.808128	11
8.02944	9
8.034048	9
5.359103999999999	6
8.93696	10
10.730495999999999	12
9.84192	11
8.057088	9
8.95744	10
8.066303999999999	9
5.380608	6
13.4592	15
5.3867519999999995	6
8.983039999999999	10
14.381056	16
6.295296	7
4.4992	5
9.903872	11
10.810367999999999	12
11.717888	13
10.822656	12
5.4144	6
7.2232959999999995	8
9.034239999999999	10
9.943296	11
7.235583999999999	8
7.23968	8
5.432831999999999	6
4.52992	5
9.971456	11
14.512127999999999	16
11.79776	13
12.712448	14
6.359808	7
11.817727999999999	13
9.09568	10
10.01088	11
11.837696	13
5.4666239999999995	6
11.851008	13
11.857664	13
9.1264	10
6.3920639999999995	7
4.56832	5
8.227584	9
8.232192	9
9.152	10
2.747136	3
11.910912	13
8.250624	9
10.089728	11
11.93088	13
7.346176	8
7.3502719999999995	8
8.273664	9
8.278272	9
10.12352	11
11.970816	13
17.505536	19
12.905984	14
11.068416	12
9.2288	10
4.61696	5
9.23904	10
9.244159999999999	10
11.099136	12
14.807039999999999	16
15.741183999999999	17
12.044032	13
11.123712	12
13.91232	15
11.136	12
10.213631999999999	11
9.290239999999999	10
7.436287999999999	8
5.5802879999999995	6
7.4444799999999995	8
12.103936	13
7.452672	8
13.98144	15
9.32608	10
6.53184	7
5.601792	6
6.539008	7
9.34656	10
16.833023999999998	18
5.6140799999999995	6
14.979071999999999	16
11.240447999999999	12
2.811648	3
9.377279999999999	10
13.135359999999999	14
9.38752	10
13.149695999999999	14
9.39776	10
15.044608	16
4.704	5
7.530495999999999	8
7.534592	8
13.192703999999999	14
10.371328	11
5.660159999999999	6
5.663232	6
6.610688	7
6.614272	7
11.344896	12
6.62144	7
10.410751999999999	11
9.469439999999999	10
8.527104	9
7.583743999999999	8
9.4848	10
11.387903999999999	12
14.24256	15
6.650112	7
11.406336	12
11.412479999999999	12
11.418624	12
7.616511999999999	8
9.52576	10
6.671615999999999	7
7.6288	8
5.724672	6
9.54624	10
10.506496	11
10.512127999999999	11
9.5616	10
7.653376	8
15.314943999999999	16
8.619264	9
9.58208	10
6.71104	7
5.755392	6
14.39616	15
8.642304	9
7.686144	8
12.49664	13
8.656127999999999	9
9.62304	10
8.665344	9
4.81664	5
9.638399999999999	10
6.750464	7
4.82432	5
6.757632	7
11.590656	12
8.6976	9
8.702207999999999	9
11.609088	12
9.679359999999999	10
9.684479999999999	10
10.65856	11
10.664192	11
5.819903999999999	6
11.645952	12
10.681087999999999	11
6.80064	7
5.832192	6
8.752896	9
3.8922239999999997	4
2.9207039999999997	3
5.84448	6
8.771328	9
11.701248	12
11.707391999999999	12
6.832896	7
5.85984	6
9.771519999999999	10
10.754304	11
12.716287999999999	13
11.744256	12
4.896	5
3.9188479999999997	4
4.90112	5
8.826623999999999	9
8.831232	9
7.85408	8
3.9290879999999997	4
7.862272	8
7.866368	8
4.91904	5
10.82752	11
2.954496	3
4.9267199999999995	5
3.943424	4
5.918208	6
5.921279999999999	6
8.886528	9
5.927423999999999	6
6.918912	7
6.922496	7
10.88384	11
5.939712	6
1.9809279999999998	2
5.945856	6
6.940416	7
5.952	6
8.932608	9
7.944191999999999	8
7.948288	8
0.9940479999999999	1
6.96192	7
7.960576	8
5.973504	6
10.957056	11
6.976255999999999	7
4.9856	5
8.978688	9
6.987007999999999	7
7.989248	8
7.993344	8
6.9977599999999995	7
2.000384	2
6.004224	6
5.00608	5
7.012096	7
5.0112	5
4.0110079999999995	4
4.013056	4
4.015104	4
7.030016	7
5.024	5
4.021248	4
7.040768	7
4.025344	4
5.03424	5
7.05152	7
4.0314879999999995	4
9.075455999999999	9
7.062272	7
6.056448	6
4.03968	4
9.093888	9
7.076607999999999	7
9.103104	9
9.107712	9
5.062399999999999	5
5.06496	5
9.121535999999999	9
6.084096	6
6.087168	6
4.06016	4
6.093312	6
7.112448	7
6.099456	6
7.119616	7
3.0528	3
5.09056	5
6.111744	6
5.09568	5
9.176832	9
7.14112	7
5.1033599999999995	5
4.0847359999999995	4
3.065088	3
6.133248	6
5.1136	5
9.209088	9
5.11872	5
8.194048	8
5.1238399999999995	5
6.15168	6
7.180543999999999	7
2.0526079999999998	2
7.187711999999999	7
5.13664	5
7.1948799999999995	7
6.170112	6
6.173184	6
4.117503999999999	4
4.119552	4
7.2128	7
6.185472	6
4.125696	4
4.127744	4
4.129792	4
8.263679999999999	8
5.1673599999999995	5
5.169919999999999	5
6.206976	6
6.210048	6
6.21312	6
5.18016	5
7.255808	7
5.18528	5
4.150272	4
5.1903999999999995	5
5.192959999999999	5
4.156416	4
7.277311999999999	7
2.080256	2
1.04064	1
2.0823039999999997	2
3.1249919999999998	3
4.168704	4
4.170752	4
10.432	10
6.262271999999999	6
7.309568	7
4.1789439999999995	4
5.22624	5
6.27456	6
5.23136	5
3.140352	3
1.047296	1
4.191231999999999	4
6.2899199999999995	6
6.294528	6
10.50112	10
7.357952	7
7.365119999999999	7
6.319103999999999	6
9.487872	9
3.165696	3
4.2250239999999994	4
10.572799999999999	10
9.524735999999999	9
7.415296	7
11.663872	11
10.61376	10
7.4368	7
8.507392	8
6.3866879999999995	6
7.458304	7
12.797951999999999	12
11.74272	11
5.34272	5
6.417408	6
7.4941439999999995	7
10.71616	10
6.43584	6
3.220992	3
10.746879999999999	10
6.454272	6
9.690624	9
15.08864	14
5.39392	5
9.718271999999999	9
4.323328	4
10.81856	10
2.1657599999999997	2
8.671232	8
5.42464	5
8.687616	8
7.608832	7
6.528	6
8.712192	8
8.720384	8
6.546431999999999	6
3.2762879999999996	3
2.1862399999999997	2
5.47072	5
6.571008	6
6.577152	6
5.486079999999999	5
5.4912	5
5.49632	5
9.902592	9
8.810495999999999	8
9.921024	9
3.3100799999999997	3
7.730688	7
4.421632	4
6.638592	6
3.322368	3
11.0848	10
8.876032	8
7.773695999999999	7
7.780863999999999	7
8.900608	8
7.7951999999999995	7
6.6877439999999995	6
3.3469439999999997	3
3.3500159999999997	3
6.706176	6
4.47488	4
6.718464	6
7.845376	7
4.487168	4
7.859712	7
8.99072	8
6.749184	6
7.881215999999999	7
14.649856	13
4.511744	4
5.6448	5
9.039871999999999	8
10.179072	9
2.264064	2
2.2661119999999997	2
5.6704	5
6.810624	6
3.408384	3
2.274304	2
3.414528	3
5.696	5
6.841343999999999	6
7.988735999999999	7
4.569088	4
2.2865919999999997	2
2.28864	2
8.017408	7
3.439104	3
2.294784	2
5.74208	5
2.29888	2
5.75232	5
2.3029759999999997	2
4.610048	4
1.153536	1
3.4636799999999996	3
5.77792	5
4.626431999999999	4
2.315264	2
2.317312	2
2.31936	2
6.964224	6
3.485184	3
5.813759999999999	5
4.655104	4
1.1648	1
4.663296	4
4.6673919999999995	4
3.5036159999999996	3
2.337792	2
2.3398399999999997	2
1.170944	1
2.343936	2
2.348032	2
4.7001599999999994	4
3.5281919999999998	3
1.177088	1
4.712448	4
5.89568	5
3.5404799999999996	3
2.362368	2
5.91104	5
7.099392	6
3.552768	3
2.37056	2
4.745216	4
4.753407999999999	4
2.378752	2
2.3808	2
3.5742719999999997	3
3.5773439999999996	3
1.1934719999999999	1
3.583488	3
2.39104	2
1.196544	1
2.395136	2
1.1985919999999999	1
3.598848	3
2.40128	2
1.2016639999999998	1
3.6080639999999997	3
4.814848	4
3.6142079999999996	3
4.82304	4
4.827135999999999	4
2.415616	2
3.626496	3
1.21088	1
1.212928	1
1.213952	1
2.436096	2
3.657216	3
1.2200959999999998	1
4.88448	4
4.888576	4
3.669504	3
1.224192	1
1.2252159999999999	1
3.6787199999999998	3
3.6817919999999997	3
1.229312	1
2.4606719999999997	2
3.69408	3
2.464768	2
4.933631999999999	4
1.234432	1
2.4709119999999998	2
1.237504	1
1.2385279999999999	1
2.479104	2
1.240576	1
6.207999999999999	5
1.2436479999999999	1
2.489344	2
1.245696	1
2.495488	2
2.4975359999999998	2
2.501632	2
3.7555199999999997	3
5.011456	4
1.253888	1
1.254912	1
3.773952	3
2.518016	2
2.520064	2
1.261056	1
3.78624	3
6.315519999999999	5
1.264128	1
1.2651519999999998	1
1.266176	1
2.5343999999999998	2
2.536448	2
2.538496	2
2.542592	2
1.27232	1
1.273344	1
1.274368	1
2.5507839999999997	2
2.552832	2
1.27744	1
2.556928	2
2.5610239999999997	2
1.28256	1
1.2835839999999998	1
1.28768	1
1.2887039999999998	1
1.291776	1
3.884544	3
1.29792	1
1.2989439999999999	1
1.300992	1
6.510079999999999	5
2.60608	2
2.608128	2
3.9152639999999996	3
1.309184	1
1.310208	1
1.311232	1
1.3153279999999998	1
3.9521279999999996	3
1.3184	1
1.3204479999999998	1
1.32864	1
2.6613759999999997	2
1.331712	1
1.332736	1
1.3337599999999998	1
2.675712	2
1.3388799999999998	1
2.683904	2
1.3439999999999999	1
1.346048	1
1.347072	1
1.348096	1
5.3964799999999995	4
1.350144	1
1.356288	1
2.716672	2
1.363456	1
1.368576	1
2.7392	2
1.3706239999999998	1
1.3757439999999999	1
1.376768	1
1.377792	1
1.3808639999999999	1
1.382912	1
2.7678719999999997	2
1.38496	1
2.774016	2
1.3890559999999998	1
1.393152	1
1.396224	1
1.40032	1
2.806784	2
1.4074879999999999	1
1.408512	1
1.41056	1
1.411584	1
1.4207999999999998	1
1.427968	1
1.437184	1
1.438208	1
1.440256	1
1.44128	1
1.447424	1
1.450496	1
1.4545919999999999	1
1.45664	1
1.459712	1
1.460736	1
1.46176	1
1.468928	1
1.469952	1
1.472	1
2.95424	2
1.493504	1
1.5027199999999998	1
1.503744	1
1.505792	1
1.5078399999999998	1
1.5129599999999999	1
1.520128	1
1.535488	1
1.5395839999999998	1
1.540608	1
1.547776	1
1.5498239999999999	1
1.555968	1
1.556992	1
1.5631359999999999	1
1.56416	1
1.572352	1
1.5764479999999998	1
1.580544	1
1.587712	1
1.590784	1
1.5948799999999999	1
1.602048	1
1.6051199999999999	1
1.611264	1
1.6215039999999998	1
1.6368639999999999	1
1.638912	1
1.6767999999999998	1
1.688064	1
1.694208	1
1.711616	1
1.7187839999999999	1
1.725952	1
1.729024	1
1.730048	1
1.734144	1
3.47648	2
1.741312	1
5.30688	3
1.773056	1
1.788416	1
1.796608	1
1.801728	1
1.8170879999999998	1
1.8222079999999998	1
1.823232	1
1.836544	1
1.8488319999999998	1
1.854976	1
1.905152	1
1.9112959999999999	1
2.0024319999999998	1
2.0188159999999997	1
2.0352	1
2.05056	1
2.098176	1
2.120704	1
2.141184	1
2.14528	1
2.214912	1
2.2231039999999997	1
2.251776	1
2.2599679999999998	1
2.2968319999999998	1
2.3664639999999997	1
2.388992	1
2.393088	1
2.456576	1
2.4668159999999997	1
2.558976	1
2.581504	1
2.589696	1
2.659328	1
2.755584	1
2.757632	1
2.763776	1
2.784256	1
3.011584	1
3.392512	1
3.456	1
3.5338239999999996	1
3.726336	1
3.73248	1
3.974144	1
3.9761919999999997	1
4.021248	1
4.1052159999999995	1
8.271872	2
4.315136	1
4.384768	1
4.409344	1
4.458496	1
4.53632	1
4.671488	1
4.917248	1
4.982784	1
5.019648	1
5.081087999999999	1
5.163008	1
5.302271999999999	1
5.486592	1
5.609471999999999	1
5.740544	1
5.761024	1
5.801984	1
5.957631999999999	1
5.96992	1
6.0927999999999995	1
6.158335999999999	1
7.452672	1
7.706624	1
8.646656	1
9.351168	1
9.531392	1
9.908223999999999	1
10.113024	1
10.940415999999999	1
11.333632	1
12.275711999999999	1
12.587007999999999	1
21.618688	1
27.2384	1
27.746304	1
28.073984	1
29.466624	1
29.483007999999998	1
29.925376	1
30.1056	1
30.203903999999998	1
30.302208	1
30.367744	1
38.42048	1
52.576256	1
53.788672	1
58.015744	1
58.638335999999995	1
58.736639999999994	1
59.850752	1
59.916287999999994	1
59.949056	1
60.178432	1
60.309504	1
60.342271999999994	1
60.407807999999996	1
60.473344	1
121.14329599999999	2
60.70272	1
60.86656	1
60.899328	1
60.964864	1
61.325312	1
61.652992	1
61.685759999999995	1
0.43328	1
0.439936	1
0.44172799999999995	1
0.449152	1
0.44992	1
0.45248	1
0.455296	1
1.373568	3
0.459648	1
0.46143999999999996	1
0.461696	1
0.461952	1
0.462976	1
0.46656	1
0.9336319999999999	2
0.46784	1
0.468352	1
0.469632	1
0.469888	1
0.470912	1
0.471168	1
0.47193599999999997	1
0.472448	1
0.473728	1
0.47424	1
0.948992	2
0.47475199999999995	1
0.47603199999999996	1
0.4768	1
0.478336	1
0.957696	2
0.47935999999999995	1
0.479616	1
1.441152	3
0.48063999999999996	1
0.481664	1
0.48319999999999996	1
0.48396799999999995	1
0.484224	1
0.484736	1
0.484992	1
0.48524799999999996	1
0.485504	1
1.45728	3
0.48652799999999996	1
1.94816	4
0.48780799999999996	1
0.48832	1
0.48857599999999995	1
0.488832	1
0.978688	2
0.48985599999999996	1
0.980224	2
0.49088	1
0.491392	1
0.491648	1
1.47648	3
0.9848319999999999	2
0.985856	2
1.97376	4
0.49369599999999997	1
0.494208	1
0.49472	1
0.49497599999999997	1
0.496	1
0.992512	2
0.49651199999999995	1
0.99456	2
1.492608	3
0.996096	2
0.9966079999999999	2
0.99712	2
0.9981439999999999	2
0.499584	1
0.500096	1
1.000704	2
0.5006079999999999	1
1.502592	3
1.50336	3
1.0027519999999999	2
0.501632	1
1.0048	2
0.502656	1
0.503168	1
1.5102719999999998	3
0.5039359999999999	1
1.512576	3
1.513344	3
1.514112	3
1.51488	3
1.010432	2
0.505472	1
1.011456	2
1.01248	2
1.013504	2
0.5072639999999999	1
0.507776	1
2.5401599999999998	5
1.016576	2
1.017088	2
1.0176	2
0.509056	1
0.509312	1
0.509568	1
2.0392959999999998	4
0.51008	1
2.0423679999999997	4
1.021696	2
1.023232	2
1.5356159999999999	3
0.512128	1
1.024768	2
0.51264	1
1.5386879999999998	3
2.053632	4
1.540992	3
1.0278399999999999	2
1.028864	2
1.0293759999999998	2
0.514944	1
2.0608	4
1.031424	2
1.031936	2
1.032448	2
0.516736	1
1.0344959999999999	2
0.517504	1
1.03552	2
1.036032	2
1.554816	3
0.518528	1
0.518784	1
0.519296	1
0.519552	1
0.5198079999999999	1
0.520064	1
1.56096	3
1.561728	3
0.520832	1
1.042176	2
1.042688	2
0.5216	1
1.5655679999999998	3
0.522112	1
1.0447359999999999	2
1.567872	3
2.09152	4
1.046784	2
2.094592	4
0.5239039999999999	1
1.04832	2
3.147264	6
2.100224	4
3.1534079999999998	6
1.5782399999999999	3
1.053184	2
2.108416	4
2.110464	4
3.6968959999999997	7
1.58592	3
1.058304	2
2.118656	4
1.590528	3
3.714816	7
3.1872	6
1.063424	2
1.064448	2
2.66368	5
2.6662399999999997	5
4.80384	9
1.068544	2
2.67392	5
2.141184	4
1.071616	2
3.21792	6
1.073664	2
3.224064	6
4.840704	9
1.6151039999999999	3
3.77216	7
2.69696	5
1.0798079999999999	2
5.944576	11
3.7864959999999996	7
4.331519999999999	8
3.251712	6
2.169856	4
3.257856	6
4.891392	9
3.264	6
3.2670719999999998	6
4.360192	8
2.182144	4
5.46048	10
3.82592	7
3.829504	7
2.73792	5
2.192384	4
3.291648	6
5.4912	10
4.397056	8
4.951296	9
2.7532799999999997	5
6.062848	11
1.6550399999999998	3
3.3131519999999997	6
2.210816	4
3.872512	7
3.322368	6
4.43392	8
5.54752	10
3.8868479999999996	7
3.8904319999999997	7
2.78144	5
5.0112	9
5.015808	9
5.020416	9
1.1166719999999999	2
5.029631999999999	9
5.03424	9
5.59872	10
3.922688	7
6.169855999999999	11
5.6140799999999995	10
5.619199999999999	10
4.4994559999999995	8
6.192384	11
6.198016	11
6.203647999999999	11
6.20928	11
2.2599679999999998	4
5.089536	9
5.094144	9
4.532223999999999	8
5.6704	10
6.810624	12
4.544512	8
4.548608	8
3.414528	6
2.848	5
2.280448	4
7.418112	13
4.569088	8
5.71648	10
1.71648	3
6.299392	11
7.451391999999999	13
5.163264	9
1.722624	3
4.59776	8
5.75232	10
7.484672	13
6.915071999999999	12
6.344448	11
4.04096	7
5.77792	10
6.361344	11
6.945792	12
5.213952	9
8.117759999999999	14
7.544575999999999	13
6.970368	12
5.813759999999999	10
5.81888	10
7.571199999999999	13
5.246208	9
6.417663999999999	11
6.423296	11
5.84448	10
6.434559999999999	11
8.196608	14
7.617792	13
7.037952	12
6.457088	11
7.637759999999999	13
6.468351999999999	11
7.0625279999999995	12
7.068671999999999	12
4.716544	8
3.5404799999999996	6
6.496512	11
6.5021439999999995	11
6.507776	11
5.329152	9
5.33376	9
9.490432	16
7.123968	12
4.753407999999999	8
3.5681279999999997	6
7.142399999999999	12
8.339967999999999	14
7.750912	13
8.951039999999999	15
3.583488	6
5.9776	10
8.375808	14
7.784192	13
2.3971839999999998	4
5.3982719999999995	9
7.20384	12
8.411648	14
10.222847999999999	17
9.02784	15
9.03552	15
4.22016	7
7.8440959999999995	13
12.07808	20
10.275072	17
5.444351999999999	9
7.26528	12
7.271424	12
5.458176	9
7.2837119999999995	12
6.074879999999999	10
9.12	15
4.259583999999999	7
10.962432	18
7.314432	12
6.10048	10
10.37952	17
7.332864	12
6.1158399999999995	10
9.793536	16
5.513472	9
4.90496	8
8.590848	14
9.826304	16
6.14656	10
7.997184	13
4.92544	8
8.626688	14
8.017152	13
10.492671999999999	17
3.706368	6
8.65536	14
5.5687679999999995	9
4.954111999999999	8
7.4373119999999995	12
7.443455999999999	12
8.6912	14
7.455743999999999	12
5.596416	9
7.468032	12
9.34272	15
11.22048	18
9.981952	16
6.868224	11
8.748543999999999	14
10.006528	16
8.76288	14
8.770048	14
5.6424959999999995	9
9.41184	15
8.791552	14
7.54176	12
7.547904	12
3.777024	6
13.230336	21
11.349504	18
11.35872	18
8.841728	14
10.745087999999999	17
8.856064	14
10.762495999999999	17
8.236799999999999	13
11.414016	18
8.884736	14
10.162175999999999	16
7.627776	12
8.27008	13
7.640064	12
10.832127999999999	17
6.3769599999999995	10
5.105664	8
5.74848	9
7.670783999999999	12
10.875648	17
4.4817919999999996	7
7.048448	11
7.05408	11
8.985088	14
11.561472	18
8.356608	13
6.43328	10
3.86304	6
5.154815999999999	8
6.44864	10
9.68064	15
4.521216	7
9.0496	14
7.762944	12
7.121664	11
2.591744	4
5.836031999999999	9
5.84064	9
9.74208	15
8.449792	13
7.805952	12
4.557056	7
10.42432	16
5.868288	9
5.872896	9
3.918336	6
7.189248	11
7.1948799999999995	11
9.164287999999999	14
7.206144	11
7.867392	12
3.28064	5
7.223039999999999	11
11.171584	17
9.207296	14
7.898111999999999	12
8.562944	13
10.5472	16
10.555392	16
10.563583999999999	16
6.60736	10
9.91872	15
7.27936	11
5.9604479999999995	9
3.31392	5
6.63296	10
5.310464	8
7.307519999999999	11
8.642816	13
8.649472	13
7.324415999999999	11
5.997312	9
7.33568	11
8.008704	12
7.346944	11
8.689408	13
6.68928	10
6.6944	10
4.689664	7
8.716032	13
4.696832	7
8.729344	13
8.064	12
6.7251199999999995	10
7.403264	11
2.694144	4
7.414528	11
7.42016	11
14.176511999999999	21
10.809344	16
8.789247999999999	13
7.4426879999999995	11
4.73984	7
8.809216	13
6.103295999999999	9
6.78656	10
10.18752	15
6.796799999999999	10
7.482112	11
6.80704	10
7.493376	11
6.817279999999999	10
9.551359999999999	14
8.193024	12
8.882432	13
8.205312	12
4.790016	7
7.5328	11
6.85312	10
4.800768	7
8.236032	12
6.86848	10
6.18624	9
7.566592	11
5.507072	8
5.511168	8
7.583488	11
9.65888	14
8.285184	12
4.836608	7
5.531648	8
5.535743999999999	8
8.309759999999999	12
7.6229119999999995	11
4.161023999999999	6
6.246144	9
7.6398079999999995	11
7.64544	11
6.95552	10
8.352768	12
3.4828799999999998	5
4.182528	6
7.6735999999999995	11
8.377343999999999	12
9.780736	14
4.893952	7
2.7985919999999997	4
6.3014399999999995	9
9.809408	14
6.310656	9
8.420352	12
2.106624	3
9.13536	13
7.0323199999999995	10
5.629951999999999	8
3.52128	5
7.04768	10
5.64224	8
10.586879999999999	15
6.356736	9
6.361344	9
4.951296	7
5.662719999999999	8
9.208575999999999	13
4.253184	6
7.09376	10
4.259328	6
4.2623999999999995	6
3.55456	5
7.11424	10
4.9835519999999995	7
4.987136	7
6.41664	9
7.13472	10
4.283904	6
6.430464	9
5.720064	8
10.01728	14
6.444287999999999	9
5.015808	7
4.3023359999999995	6
5.740544	8
5.02656	7
4.311552	6
5.033728	7
6.476544	9
4.320768	6
5.04448	7
2.884608	4
3.60832	5
9.388288	13
4.3361279999999995	6
5.7856	8
3.61856	5
2.896896	4
5.7978879999999995	8
2.175744	3
2.17728	3
5.810175999999999	8
5.814272	8
8.000256	11
5.094656	7
4.36992	6
2.186496	3
6.564095999999999	9
3.6492799999999996	5
5.842944	8
5.11616	7
4.388351999999999	6
8.050944	11
5.126912	7
5.130496	7
3.6672	5
3.6697599999999997	5
8.079104	11
5.879808	8
4.412928	6
5.152	7
5.892096	8
3.68512	5
9.587968	13
5.904383999999999	8
8.12416	11
10.347007999999999	14
2.218752	3
8.141055999999999	11
3.7030399999999997	5
5.18784	7
2.966528	4
8.163584	11
3.7132799999999997	5
4.459008	6
8.18048	11
7.44192	10
4.468224	6
2.235648	3
4.474368	6
2.23872	3
7.4675199999999995	10
3.7363199999999996	5
6.729984	9
4.4897279999999995	6
5.9904	8
3.7465599999999997	5
5.9985919999999995	8
4.502016	6
3.003392	4
3.7567999999999997	5
3.75936	5
3.0095359999999998	4
4.517376	6
3.013632	4
1.5078399999999998	2
4.526592	6
3.77472	5
3.7772799999999997	5
5.291776	7
3.0259199999999997	4
4.541952	6
4.545024	6
5.306112	7
3.79264	5
3.7952	5
3.038208	4
5.320448	7
4.5634559999999995	6
2.283264	3
3.0463999999999998	4
1.524224	2
6.100992	8
3.0525439999999997	4
6.109184	8
4.58496	6
3.8233599999999996	5
5.356288	7
2.297088	3
3.83104	5
6.13376	8
3.0689279999999997	4
3.83872	5
8.450816	11
6.918912	9
2.30784	3
5.388544	7
2.310912	3
3.8540799999999997	5
3.085312	4
6.17472	8
4.634112	6
2.3185919999999998	3
3.8668799999999997	5
1.547776	2
2.3232	3
3.87456	5
6.203392	8
3.103744	4
7.76448	10
0.77696	1
6.997248	9
3.88992	5
2.335488	3
12.464127999999999	16
1.55904	2
7.020288	9
3.90272	5
8.591616	11
6.252543999999999	8
9.38496	12
6.260736	8
7.047936	9
7.052543999999999	9
6.2730239999999995	8
5.49248	7
7.066368	9
4.713984	6
8.647936	11
2.360064	3
3.1488	4
3.150848	4
4.729344	6
0.788736	1
5.524736	7
3.9488	5
4.741632	6
3.9539199999999997	5
6.330368	8
7.91808	10
7.130879999999999	9
1.585664	2
3.1733759999999998	4
6.350848	8
3.177472	4
3.1795199999999997	4
2.386176	3
3.183616	4
3.98208	5
1.593856	2
5.5820799999999995	7
4.787712	6
3.99232	5
6.391807999999999	8
2.3984639999999997	3
7.199999999999999	9
8.805632	11
4.806144	6
5.610752	7
3.208192	4
3.2102399999999998	4
3.212288	4
2.410752	3
2.4122879999999998	3
4.02304	5
5.63584	7
5.639424	7
4.836863999999999	6
4.0332799999999995	5
7.264512	9
5.65376	7
6.465535999999999	8
3.234816	4
4.04608	5
4.858368	6
6.48192	8
4.05376	5
11.357695999999999	14
3.2471039999999998	4
3.249152	4
4.876799999999999	6
4.879872	6
7.324415999999999	9
4.07168	5
6.518784	8
2.44608	3
2.447616	3
4.8983039999999995	6
4.08448	5
8.991488	11
4.0896	5
8.18432	10
2.456832	3
4.09728	5
3.2798719999999997	4
4.92288	6
1.6419839999999999	2
4.929024	6
3.288064	4
3.2901119999999997	4
4.1152	5
6.588416	8
9.888767999999999	12
2.473728	3
5.775615999999999	7
2.4768	3
1.652224	2
6.612991999999999	8
9.098495999999999	11
6.6211839999999995	8
8.2816	10
4.1433599999999995	5
5.804288	7
5.807872	7
4.15104	5
6.64576	8
7.481088	9
2.4952319999999997	3
9.154816	11
2.498304	3
4.166399999999999	5
7.504128	9
9.177344	11
4.17408	5
3.341312	4
8.3584	10
5.0181119999999995	6
5.858048	7
5.024255999999999	6
5.865215999999999	7
7.545599999999999	9
4.19456	5
8.39424	10
7.559424	9
2.521344	3
4.2048	5
5.048832	6
8.419839999999999	10
5.054976	6
7.587072	9
5.90464	7
7.5962879999999995	9
5.067264	6
10.985728	13
3.382272	4
5.07648	6
2.539776	3
6.776832	8
6.780927999999999	8
11.873792	14
8.4864	10
5.944064	7
8.49664	10
5.101056	6
5.954816	7
5.1072	6
5.961984	7
6.817792	8
5.116416	6
10.238976	12
4.2688	5
5.1256319999999995	6
7.6930559999999995	9
3.421184	4
5.134848	6
5.137919999999999	6
8.56832	10
3.429376	4
6.862848	8
2.575104	3
6.87104	8
6.015744	7
9.458943999999999	11
4.30208	5
6.026496	7
6.89152	8
8.61952	10
3.449856	4
6.903808	8
7.771392	9
6.912	8
8.64512	10
13.840384	16
2.596608	3
6.928383999999999	8
10.398719999999999	12
7.803648	9
11.278592	13
10.417152	12
5.211647999999999	6
6.95296	8
11.305216	13
8.70144	10
9.577216	11
5.227008	6
8.7168	10
8.721919999999999	10
6.981631999999999	8
1.746432	2
6.989824	8
6.993919999999999	8
6.998016	8
4.37632	5
5.254656	6
6.134016	7
9.6448	11
7.018496	8
9.656063999999999	11
6.148352	7
9.667328	11
4.3968	5
6.159104	7
5.282304	6
7.928064	9
7.932671999999999	9
11.46496	13
10.589184	12
5.297664	6
2.650368	3
7.071744	8
7.0758399999999995	8
15.044863999999999	17
7.084032	8
14.176255999999999	16
9.751807999999999	11
9.757439999999999	11
11.538176	13
7.992576	9
5.331456	6
6.223616	7
7.1168	8
8.901119999999999	10
6.234368	7
11.584767999999999	13
9.808128	11
7.13728	8
8.92672	10
8.93184	10
7.1495679999999995	8
10.730495999999999	12
8.05248	9
13.428479999999999	15
8.95744	10
9.858816	11
15.245056	17
7.17824	8
10.773503999999999	12
8.983039999999999	10
8.089343999999999	9
8.093952	9
3.59936	4
8.103168	9
10.810367999999999	12
3.605504	4
12.626432	14
4.512	5
5.417472	6
13.551359999999999	15
9.943296	11
10.853375999999999	12
8.144639999999999	9
7.2437759999999995	8
7.247872	8
6.345472	7
9.070079999999999	10
10.89024	12
8.172288	9
9.08544	10
8.181504	9
7.2765439999999995	8
3.64032	4
6.374143999999999	7
7.288831999999999	8
8.204544	9
8.209152	9
12.776959999999999	14
9.13152	10
8.222976	9
13.712639999999999	15
7.317504	8
10.0672	11
6.409984	7
9.162239999999999	10
10.084095999999999	11
9.17248	10
7.342079999999999	8
10.100992	11
10.106624	11
10.112256	11
13.79712	15
11.04384	12
11.049984	12
10.134784	11
8.296704	9
7.378944	8
12.92032	14
12.927487999999999	14
12.934655999999999	14
5.546495999999999	6
12.948991999999999	14
4.6272	5
9.25952	10
12.044032	13
12.977663999999999	14
4.63744	5
11.136	12
6.499584	7
10.219263999999999	11
11.154432	12
3.720192	4
11.16672	12
10.241792	11
13.973759999999999	15
8.388864	9
13.056512	14
8.39808	9
4.668159999999999	5
14.946304	16
13.085184	14
11.222016	12
12.163839999999999	13
10.298112	11
4.68352	5
7.4977279999999995	8
13.128191999999999	14
7.50592	8
9.38752	10
9.39264	10
10.337536	11
9.40288	10
9.408	10
16.002304	17
10.360064	11
11.308031999999999	12
11.314176	12
6.60352	7
9.43872	10
9.44384	10
7.559168	8
5.672448	6
9.4592	10
6.625024	7
15.151104	16
10.422016	11
6.635776	7
12.33024	13
7.591936	8
8.545536	9
9.50016	10
5.703168	6
7.60832	8
11.418624	12
13.328895999999999	14
9.52576	10
11.437056	12
12.396799999999999	13
8.587007999999999	9
15.273983999999999	16
11.461632	12
11.467775999999999	12
11.47392	12
6.6967039999999995	7
10.529024	11
13.407744	14
9.58208	10
11.50464	12
4.7961599999999995	5
10.557184	11
9.60256	10
3.843072	4
7.690239999999999	8
2.885376	3
6.736128	7
4.81408	5
7.706624	8
2.89152	3
8.679167999999999	9
13.508096	14
8.688384	9
11.590656	12
6.764799999999999	7
8.702207999999999	9
3.869696	4
10.647295999999999	11
6.779135999999999	7
6.782719999999999	7
8.725247999999999	9
5.819903999999999	6
6.7934719999999995	7
12.623104	13
10.68672	11
9.72032	10
11.670528	12
5.838336	6
8.762112	9
2.92224	3
1.9491839999999998	2
2.925312	3
4.87808	5
2.928384	3
6.83648	7
2.931456	3
9.77664	10
12.716287999999999	13
8.808192	9
5.8751999999999995	6
5.878272	6
8.822016	9
1.9614719999999999	2
3.924992	4
7.85408	8
6.875903999999999	7
6.879487999999999	7
6.883071999999999	7
2.951424	3
5.90592	6
10.833152	11
14.780159999999999	15
7.886848	8
6.904576	7
5.921279999999999	6
9.87392	10
8.891136	9
3.953664	4
7.911423999999999	8
4.9472	5
6.929664	7
4.952319999999999	5
6.936832	7
2.9744639999999998	3
7.936	8
5.9550719999999995	6
2.979072	3
9.93536	10
2.982144	3
9.945599999999999	10
6.965503999999999	7
7.964671999999999	8
4.98048	5
1.9932159999999999	2
2.99136	3
3.990528	4
2.9944319999999998	3
8.987904	9
7.993344	8
5.99808	6
6.001151999999999	6
8.005632	8
10.01216	10
3.005184	3
8.01792	8
8.022015999999999	8
4.013056	4
4.015104	4
2.0085759999999997	2
9.043199999999999	9
3.015936	3
2.011648	2
3.019008	3
6.041087999999999	6
8.05888	8
7.055104	7
5.04192	5
9.080064	9
4.037631999999999	4
8.07936	8
6.0625919999999995	6
6.065664	6
5.0572799999999996	5
2.023936	2
6.074879999999999	6
7.0909439999999995	7
10.13504	10
9.126144	9
8.116223999999999	8
3.04512	3
5.07776	5
8.128511999999999	8
4.066304	4
3.0512639999999998	3
4.0704	4
6.108671999999999	6
4.074496	4
7.133952	7
4.0785919999999996	4
3.0604799999999996	3
9.186048	9
9.190655999999999	9
4.086784	4
4.088832	4
9.20448	9
3.069696	3
4.094976	4
4.097024	4
5.1238399999999995	5
6.15168	6
3.0773759999999997	3
3.078912	3
6.160896	6
4.109312	4
3.08352	3
3.085056	3
9.259776	9
4.119552	4
5.152	5
4.123648	4
1.031424	1
8.255488	8
7.227136	7
6.19776	6
7.234304	7
3.101952	3
2.070016	2
11.39072	11
2.072064	2
4.146176	4
5.18528	5
5.18784	5
5.1903999999999995	5
6.231552	6
3.1173119999999996	3
5.19808	5
8.321024	8
5.2032	5
7.288063999999999	7
7.2916479999999995	7
7.2952319999999995	7
7.2988159999999995	7
10.432	10
8.349696	8
4.176896	4
7.313152	7
5.22624	5
3.13728	3
5.23136	5
3.140352	3
1.047296	1
5.23904	5
6.2899199999999995	6
10.490879999999999	10
9.451008	9
11.562496	11
7.365119999999999	7
10.531839999999999	10
5.27104	5
8.441856	8
9.506304	9
7.4009599999999995	7
7.408128	7
8.474624	8
7.422464	7
7.429632	7
3.1872	3
6.3805439999999995	6
12.773375999999999	12
2.130944	2
8.531967999999999	8
11.74272	11
5.34272	5
9.626112	9
6.423552	6
9.644544	9
5.3632	5
6.441984	6
11.821568	11
8.605696	8
7.537152	7
7.54432	7
8.630272	8
8.638463999999999	8
10.80832	10
10.81856	10
7.580159999999999	7
4.335616	4
5.42464	5
6.515712	6
7.608832	7
13.056	12
9.801216	9
8.720384	8
4.364288	4
6.552575999999999	6
3.27936	3
13.129728	12
6.571008	6
7.673343999999999	7
7.680511999999999	7
6.58944	6
10.99264	10
12.103168	11
6.6078719999999995	6
4.409344	4
8.82688	8
6.626303999999999	6
8.843264	8
6.638592	6
7.752192	7
6.65088	6
12.204544	11
9.994752	9
12.227072	11
6.675456	6
4.4544	4
6.6877439999999995	6
8.925184	8
11.16672	10
4.470784	4
7.83104	7
7.838208	7
2.241536	2
11.21792	10
3.368448	3
5.619199999999999	5
6.749184	6
5.62944	5
1.126912	1
5.639679999999999	5
2.25792	2
6.779903999999999	6
7.917056	7
2.264064	2
4.532223999999999	4
4.53632	4
4.540416	4
3.408384	3
4.548608	4
5.69088	5
6.8351999999999995	6
6.841343999999999	6
2.282496	2
5.71136	5
5.71648	5
3.43296	3
3.436032	3
5.73184	5
3.442176	3
2.2968319999999998	2
4.59776	4
5.75232	5
1.1514879999999998	1
6.915071999999999	6
5.7676799999999995	5
2.30912	2
2.311168	2
6.939648	6
4.630528	4
2.317312	2
4.63872	4
5.80352	5
4.6469119999999995	4
2.325504	2
3.4913279999999998	3
3.4943999999999997	3
1.165824	1
3.5005439999999997	3
3.5036159999999996	3
4.675584	4
2.341888	2
2.343936	2
1.172992	1
4.696064	4
2.3500799999999997	2
4.704256	4
2.354176	2
2.356224	2
2.358272	2
8.26112	7
4.724736	4
2.364416	2
3.549696	3
3.552768	3
3.55584	3
4.745216	4
2.374656	2
7.130112	6
4.757504	4
2.3808	2
2.382848	2
3.5773439999999996	3
1.1934719999999999	1
4.777984	4
3.58656	3
2.393088	2
1.197568	1
4.7943679999999995	4
3.598848	3
1.2016639999999998	1
1.203712	1
6.02368	5
1.20576	1
1.2067839999999999	1
2.415616	2
1.208832	1
4.839424	4
3.638784	3
1.213952	1
2.429952	2
1.216	1
2.4340479999999998	2
2.436096	2
2.438144	2
3.660288	3
1.222144	1
2.446336	2
4.896768	4
1.2252159999999999	1
6.1312	5
7.3635839999999995	6
1.228288	1
1.229312	1
1.2303359999999999	1
2.46272	2
1.232384	1
3.700224	3
1.234432	1
2.47296	2
1.237504	1
2.4770559999999997	2
1.240576	1
3.7278719999999996	3
1.2436479999999999	1
2.489344	2
1.245696	1
4.98688	4
1.249792	1
1.250816	1
2.5036799999999997	2
3.7585919999999997	3
1.253888	1
2.5139199999999997	2
2.515968	2
1.259008	1
2.520064	2
5.044224	4
1.263104	1
5.060607999999999	4
6.33088	5
2.5343999999999998	2
2.538496	2
2.5405439999999997	2
3.813888	3
1.27232	1
1.273344	1
2.548736	2
1.2753919999999999	1
1.276416	1
2.55488	2
1.278464	1
1.279488	1
2.56512	2
5.134335999999999	4
1.2856319999999999	1
3.859968	3
1.28768	1
1.2887039999999998	1
1.289728	1
2.583552	2
1.2928	1
1.2938239999999999	1
1.295872	1
1.296896	1
1.29792	1
5.1957759999999995	4
1.299968	1
2.601984	2
1.3020159999999998	1
1.30304	1
2.608128	2
1.305088	1
1.306112	1
2.6142719999999997	2
5.23264	4
1.311232	1
2.6245119999999997	2
1.314304	1
2.632704	2
1.3173759999999999	1
1.3204479999999998	1
1.322496	1
1.3255679999999999	1
1.32864	1
1.331712	1
1.3337599999999998	1
4.010496	3
1.3388799999999998	1
1.339904	1
2.683904	2
1.345024	1
1.350144	1
1.351168	1
1.3521919999999998	1
2.710528	2
4.09344	3
2.7351039999999998	2
2.743296	2
2.747392	2
2.753536	2
1.37984	1
1.382912	1
1.38496	1
1.387008	1
1.3890559999999998	1
2.782208	2
1.3952	1
1.401344	1
2.8047359999999997	2
1.403392	1
1.4044159999999999	1
1.40544	1
1.408512	1
1.409536	1
1.41056	1
2.823168	2
1.428992	1
1.440256	1
1.442304	1
2.894848	2
4.345344	3
1.4525439999999998	1
1.453568	1
1.455616	1
1.4658559999999998	1
1.475072	1
1.4760959999999999	1
1.485312	1
1.48736	1
1.49248	1
1.496576	1
1.510912	1
1.511936	1
1.513984	1
1.515008	1
3.044352	2
1.5231999999999999	1
3.0525439999999997	2
1.52832	1
3.058688	2
3.064832	2
1.5365119999999999	1
1.537536	1
1.53856	1
1.545728	1
1.547776	1
3.111936	2
1.5846399999999998	1
1.585664	1
1.5897599999999998	1
1.629696	1
3.2634879999999997	2
1.6501759999999999	1
1.6665599999999998	1
1.6686079999999999	1
1.683968	1
1.6849919999999998	1
1.6952319999999999	1
1.7024	1
1.7167359999999998	1
1.71776	1
3.441664	2
1.731072	1
1.7351679999999998	1
1.73824	1
1.74336	1
1.744384	1
1.761792	1
1.762816	1
1.7638399999999999	1
1.7669119999999998	1
1.7740799999999999	1
1.7822719999999999	1
1.80992	1
3.636224	2
1.82528	1
3.6546559999999997	2
1.847808	1
1.854976	1
1.868288	1
1.89696	1
1.9358719999999998	1
1.9778559999999998	1
1.981952	1
2.0188159999999997	1
2.0792319999999997	1
2.080256	1
2.0864	1
2.087424	1
2.0925439999999997	1
2.167808	1
2.190336	1
2.200576	1
2.221056	1
2.31936	1
2.331648	1
2.4238079999999997	1
2.4401919999999997	1
2.49344	1
2.515968	1
2.5241599999999997	1
5.0687999999999995	2
2.548736	1
2.6613759999999997	1
2.937856	1
3.0627839999999997	1
3.0996479999999997	1
3.103744	1
3.304448	1
3.3331199999999996	1
3.339264	1
3.3535999999999997	1
3.376128	1
3.419136	1
3.4539519999999997	1
3.4846719999999998	1
3.5112959999999998	1
3.5379199999999997	1
3.7754879999999997	1
3.82464	1
3.8348799999999996	1
3.853312	1
3.968	1
4.22912	1
4.2455039999999995	1
4.294656	1
4.331519999999999	1
4.438016	1
4.4666879999999995	1
4.601856	1
4.892672	1
4.9664	1
5.097472	1
5.167104	1
5.21216	1
5.25312	1
5.445632	1
5.703679999999999	1
5.756927999999999	1
5.941248	1
5.9453439999999995	1
5.982208	1
6.359039999999999	1
6.7686399999999995	1
6.8218879999999995	1
7.047168	1
7.841792	1
7.89504	1
7.9196159999999995	1
8.1408	1
10.391551999999999	1
11.685888	1
14.307328	1
20.226048	1
21.323776	1
23.896064	1
25.337856	1
28.008447999999998	1
29.220864	1
30.089216	1
30.892031999999997	1
37.502976	1
48.218112	1
48.381952	1
55.721984	1
56.180735999999996	1
57.131007999999994	1
57.524224	1
57.58976	1
57.622527999999996	1
58.441728	1
58.605568	1
59.097088	1
118.390784	2
59.293696	1
59.457536	1
60.145664	1
60.37504	1
60.440576	1
60.604416	1
60.735488	1
121.53651199999999	2
60.801024	1
60.899328	1
60.964864	1
60.997631999999996	1
61.0304	1
183.189504	3
61.259775999999995	1
61.358079999999994	1
61.456384	1
61.554688	1
61.620224	1
74.809344	1
74.87487999999999	1
87.98208	1
89.096192	1
